line	original_score	max_predicate_score	total	predicate	label
com.google.javascript.jscomp.NameAnalyzer#List<NameInformation>#getEnclosingFunctionDependencyScope#?,NodeTraversal#1610	0.9948317307692308	0.9977163461538462	0.9962740384615385	parent.isAssign()	_
com.google.javascript.jscomp.NameAnalyzer#List<NameInformation>#getEnclosingFunctionDependencyScope#?,NodeTraversal#1606	0.9936298076923077	0.9948317307692308	0.9942307692307693	!(parent.isName())	_
com.google.javascript.jscomp.NameAnalyzer#List<NameInformation>#getEnclosingFunctionDependencyScope#?,NodeTraversal#1599	0.9936298076923077	0.9936298076923077	0.9936298076923077	parent != null	_
com.google.javascript.jscomp.NameAnalyzer#List<NameInformation>#getEnclosingFunctionDependencyScope#?,NodeTraversal#1592	0.9924278846153847	0.9936298076923077	0.9930288461538461	!(!refs.isEmpty())	_
com.google.javascript.jscomp.NameAnalyzer$JsNameRefNode#void#remove#?#327	0.9895432692307692	0.9950721153846154	0.9923076923076923	!(containingNode.isExprResult())	_
com.google.javascript.jscomp.NameAnalyzer#void#replaceWithRhs#?,Node,Node#1716	0.9776442307692308	0.9987980769230769	0.9882211538461538	n.isAssign() && !parent.isFor()	_
com.google.javascript.jscomp.NameAnalyzer#List<Node>#getRhsSubexpressions#?,Node#1861	0.979326923076923	0.9961538461538462	0.9877403846153846	!(rhs != null)	_
com.google.javascript.jscomp.GatherSideEffectSubexpressionsCallback#boolean#processFunctionCall#?,Node#327	0.9769230769230769	0.9974759615384615	0.9871995192307692	!(functionName.isName() || functionName.isGetProp())	_
com.google.javascript.jscomp.MarkNoSideEffectCalls$GatherNoSideEffectFunctions#void#visit#?,NodeTraversal,Node,Node#148	0.9870192307692308	0.9870192307692308	0.9870192307692308	!(hasNoSideEffectsAnnotation(parent))	_
com.google.javascript.jscomp.NameAnalyzer$FindDependencyScopes#void#visit#?,NodeTraversal,Node,Node#524	0.9855769230769231	0.9878605769230769	0.9867187500000001	!(ns != null && ns.onlyAffectsClassDef)	_
com.google.javascript.jscomp.NameAnalyzer$FindReferences#void#maybeRecordReferenceOrAlias#?,NodeTraversal,Node,Node,NameInformation,NameInformation#948	0.9734375	0.9955528846153846	0.9844951923076923	!functionScopes.isEmpty()	_
com.google.javascript.jscomp.NameAnalyzer#List<NameInformation>#getEnclosingFunctionDependencyScope#?,NodeTraversal#1587	0.9734375	0.9924278846153847	0.9829326923076923	!(function == null)	_
com.google.javascript.jscomp.NameAnalyzer$FindReferences#void#addSimplifiedExpression#?,Node,Node#795	0.9736778846153846	0.9864182692307693	0.9800480769230769	!(n.isCall() && parent.isExprResult())	_
com.google.javascript.jscomp.NodeUtil#boolean#functionCallHasSideEffects#?,Node,AbstractCompiler#1024	0.9640625	0.9942307692307693	0.9791466346153846	!(nameNode.isGetProp())	_
com.google.javascript.jscomp.GatherSideEffectSubexpressionsCallback#boolean#processFunctionCall#?,Node#334	0.9788461538461538	0.9788461538461538	0.9788461538461538	!(!NodeUtil.functionCallHasSideEffects(node))	_
com.google.javascript.jscomp.NameAnalyzer#NameInformation#createNameInformation#?,NodeTraversal,Node#1457	0.9786057692307693	0.9789663461538461	0.9787860576923078	!(singletonGetterClass != null)	_
com.google.javascript.jscomp.AstChangeProxy#void#replaceWith#?,Node,Node,List<Node>#99	0.9776442307692308	0.9776442307692308	0.9776442307692308	!((size == 1) && node.isEquivalentTo(replacements.get(0)))	_
com.google.javascript.jscomp.NameAnalyzer#boolean#valueConsumedByParent#?,Node,Node#1800	0.9776442307692308	0.9776442307692308	0.9776442307692308	!(NodeUtil.isAssignmentOp(parent))	_
com.google.javascript.jscomp.NameAnalyzer#void#replaceWithRhs#?,Node,Node#1703	0.9776442307692308	0.9776442307692308	0.9776442307692308	!(valueConsumedByParent(n,parent))	_
com.google.javascript.jscomp.NameAnalyzer#void#replaceTopLevelExpressionWithRhs#?,Node,Node#1770	0.9776442307692308	0.9776442307692308	0.9776442307692308	!(parent.isFor())	_
com.google.javascript.jscomp.AstChangeProxy#void#replaceWith#?,Node,Node,List<Node>#111	0.9776442307692308	0.9776442307692308	0.9776442307692308	!(parentType == Token.LABEL && size != 1)	_
com.google.javascript.jscomp.NameAnalyzer#NameInformation#createNameInformation#?,NodeTraversal,Node#1447	0.9764423076923077	0.9786057692307693	0.9775240384615385	!(classes != null)	_
com.google.javascript.jscomp.NameAnalyzer$FindReferences#void#addSimplifiedExpression#?,Node,Node#785	0.9615384615384616	0.9925480769230769	0.9770432692307692	!(value != null)	_
com.google.javascript.jscomp.NameAnalyzer$FindDeclarationsAndSetters#void#visit#?,NodeTraversal,Node,Node#672	0.9746394230769231	0.9771634615384616	0.9759014423076924	!(ns != null && ns.onlyAffectsClassDef)	_
com.google.javascript.jscomp.NameAnalyzer$FindDependencyScopes#void#visit#?,NodeTraversal,Node,Node#511	0.9721153846153846	0.979326923076923	0.9757211538461539	!NodeUtil.isImmutableResult(n.getLastChild())	_
com.google.javascript.jscomp.GatherSideEffectSubexpressionsCallback#boolean#shouldTraverse#?,NodeTraversal,Node,Node#257	0.9730769230769231	0.9769230769230769	0.975	node.isCall()	_
com.google.javascript.jscomp.NameAnalyzer$FindDependencyScopes#void#recordAssignment#?,NodeTraversal,Node,Node#563	0.9735576923076923	0.9748798076923076	0.9742187499999999	!(parent.isFor() && !NodeUtil.isForIn(parent))	_
com.google.javascript.jscomp.NameAnalyzer$FindDeclarationsAndSetters#void#visit#?,NodeTraversal,Node,Node#663	0.9717548076923077	0.9748798076923076	0.9733173076923076	!(ns.isPrototype)	_
com.google.javascript.jscomp.NameAnalyzer#boolean#isExternallyReferenceable#?,Scope,String#1553	0.9556490384615385	0.9903846153846154	0.973016826923077	scope.isLocal()	_
com.google.javascript.jscomp.NameAnalyzer$FindDependencyScopes#void#recordAssignment#?,NodeTraversal,Node,Node#562	0.9721153846153846	0.9735576923076923	0.9728365384615385	ns != null	_
com.google.javascript.jscomp.NameAnalyzer$FindDependencyScopes#void#visit#?,NodeTraversal,Node,Node#520	0.9556490384615385	0.9855769230769231	0.9706129807692307	NodeUtil.isExprCall(n)	_
com.google.javascript.jscomp.NameAnalyzer$FindDeclarationsAndSetters#void#visit#?,NodeTraversal,Node,Node#662	0.9683894230769231	0.9717548076923077	0.9700721153846155	ns != null	_
com.google.javascript.jscomp.NameAnalyzer$FindReferences#void#maybeRecordReferenceOrAlias#?,NodeTraversal,Node,Node,NameInformation,NameInformation#939	0.9611778846153847	0.9775240384615385	0.9693509615384616	referring != null	_
com.google.javascript.jscomp.NameAnalyzer$FindReferences#void#addSimplifiedExpression#?,Node,Node#788	0.9626201923076924	0.9736778846153846	0.9681490384615385	!(n.isAssign() && (parent.isExprResult() || parent.isFor() || parent.isReturn()))	_
com.google.javascript.jscomp.NameAnalyzer$FindReferences#void#maybeRecordReferenceOrAlias#?,NodeTraversal,Node,Node,NameInformation,NameInformation#945	0.9628605769230769	0.9734375	0.9681490384615384	nodesToKeep.contains(n)	_
com.google.javascript.jscomp.NameAnalyzer$FindReferences#void#addAllChildren#?,Node#769	0.9675480769230769	0.9675480769230769	0.9675480769230769	child != null	_
com.google.javascript.jscomp.NameAnalyzer#void#removeUnreferenced#?#1201	0.9572115384615385	0.9776442307692308	0.9674278846153846	!name.referenced && !name.externallyDefined	_
com.google.javascript.jscomp.NameAnalyzer#NameInformation#createNameInformation#?,NodeTraversal,Node#1444	0.9556490384615385	0.9764423076923077	0.9660456730769231	parent.isCall() && t.inGlobalScope()	_
com.google.javascript.jscomp.NameAnalyzer$FindDeclarationsAndSetters#void#visit#?,NodeTraversal,Node,Node#669	0.9556490384615385	0.9746394230769231	0.9651442307692308	n.isCall()	_
com.google.javascript.jscomp.NameAnalyzer$ReferencePropagationCallback#boolean#traverseEdge#?,JsName,RefType,JsName#176	0.9598557692307692	0.9700721153846154	0.9649639423076923	!(from.referenced && !to.referenced)	_
com.google.javascript.jscomp.NameAnalyzer$FindDependencyScopes#void#visit#?,NodeTraversal,Node,Node#505	0.9556490384615385	0.9739182692307692	0.9647836538461538	!t.inGlobalScope()	_
com.google.javascript.jscomp.NameAnalyzer$FindDeclarationsAndSetters#void#visit#?,NodeTraversal,Node,Node#637	0.9556490384615385	0.9739182692307692	0.9647836538461538	!(t.inGlobalScope())	_
com.google.javascript.jscomp.GatherSideEffectSubexpressionsCallback#boolean#shouldTraverse#?,NodeTraversal,Node,Node#251	0.9560096153846154	0.9730769230769231	0.9645432692307692	!(!NodeUtil.nodeTypeMayHaveSideEffects(node,compiler))	_
com.google.javascript.jscomp.NameAnalyzer$FindDependencyScopes#void#visit#?,NodeTraversal,Node,Node#509	0.9556490384615385	0.9721153846153846	0.9638822115384615	n.isAssign()	_
com.google.javascript.jscomp.NameAnalyzer#NameInformation#createNameInformation#?,String,Scope,Node#1520	0.9556490384615385	0.9707932692307693	0.9632211538461539	!isGlobalRef	_
com.google.javascript.jscomp.NameAnalyzer$FindReferences#void#recordAliases#?,List<NameInformation>#981	0.9632211538461538	0.9632211538461538	0.9632211538461538	i < size	_
com.google.javascript.jscomp.NameAnalyzer$FindReferences#void#visit#?,NodeTraversal,Node,Node#860	0.9557692307692308	0.9701923076923077	0.9629807692307693	nameInfo == null	_
com.google.javascript.jscomp.NameAnalyzer#void#recordReference#?,String,String,RefType#1178	0.9569711538461538	0.9674278846153846	0.9621995192307693	fromName.equals(toName)	_
com.google.javascript.jscomp.NameAnalyzer$FindDeclarationsAndSetters#void#visit#?,NodeTraversal,Node,Node#658	0.9556490384615385	0.9683894230769231	0.9620192307692308	n.isAssign()	_
com.google.javascript.jscomp.NameAnalyzer$FindReferences#void#maybeRecordReferenceOrAlias#?,NodeTraversal,Node,Node,NameInformation,NameInformation#938	0.9580528846153846	0.9628605769230769	0.9604567307692308	!(NodeUtil.isVarOrSimpleAssignLhs(n,parent))	_
com.google.javascript.jscomp.MarkNoSideEffectCalls$GatherNoSideEffectFunctions#void#visit#?,NodeTraversal,Node,Node#147	0.9332932692307693	0.9870192307692308	0.96015625	parent.isAssign()	_
com.google.javascript.jscomp.NameAnalyzer#void#recordReference#?,String,String,RefType#1187	0.9598557692307692	0.9598557692307692	0.9598557692307692	!referenceGraph.isConnectedInDirection(from,depType,to)	_
com.google.javascript.jscomp.NameAnalyzer#List<NameInformation>#getDependencyScope#?,Node#1570	0.95625	0.9632211538461538	0.9597355769230769	!refs.isEmpty()	_
com.google.javascript.jscomp.NameAnalyzer$FindReferences#void#maybeRecordReferenceOrAlias#?,NodeTraversal,Node,Node,NameInformation,NameInformation#912	0.95625	0.9632211538461538	0.9597355769230769	referring != null	_
com.google.javascript.jscomp.NameAnalyzer$FindReferences#void#visit#?,NodeTraversal,Node,Node#898	0.95625	0.9632211538461538	0.9597355769230769	!(referers.isEmpty())	_
com.google.javascript.jscomp.NameAnalyzer$FindReferences#void#addSimplifiedExpression#?,Node,Node#783	0.955889423076923	0.9626201923076924	0.9592548076923078	!(parent.isVar())	_
com.google.javascript.jscomp.NameAnalyzer$FindDependencyScopes#void#visit#?,NodeTraversal,Node,Node#514	0.9556490384615385	0.9625	0.9590745192307693	NodeUtil.isVarDeclaration(n)	_
com.google.javascript.jscomp.NameAnalyzer$HoistVariableAndFunctionDeclarations#void#visit#?,NodeTraversal,Node,Node#610	0.9556490384615385	0.9625	0.9590745192307693	NodeUtil.isVarDeclaration(n)	_
com.google.javascript.jscomp.NameAnalyzer$FindDeclarationsAndSetters#void#visit#?,NodeTraversal,Node,Node#638	0.9556490384615385	0.9625	0.9590745192307693	NodeUtil.isVarDeclaration(n)	_
com.google.javascript.jscomp.NameAnalyzer$FindReferences#boolean#maybeHiddenAlias#?,Node#997	0.95625	0.9600961538461539	0.958173076923077	!(NodeUtil.isVarOrSimpleAssignLhs(n,parent))	_
com.google.javascript.jscomp.NameAnalyzer$FindDeclarationsAndSetters#void#recordSet#?,String,Node#695	0.9576923076923077	0.9578125	0.9577524038461538	!(name.indexOf('.') != -1)	_
com.google.javascript.jscomp.NameAnalyzer#void#process#?,Node,Node#1131	0.9556490384615385	0.9598557692307692	0.9577524038461538	removeUnreferenced	_
com.google.javascript.jscomp.NameAnalyzer$FindDeclarationsAndSetters#void#recordSet#?,String,Node#693	0.9573317307692307	0.9576923076923077	0.9575120192307692	!(node.isGetElem())	_
com.google.javascript.jscomp.NameAnalyzer$FindReferences#void#maybeRecordReferenceOrAlias#?,NodeTraversal,Node,Node,NameInformation,NameInformation#930	0.95625	0.9580528846153846	0.9571514423076923	!(nameInfo.isExternallyReferenceable)	_
com.google.javascript.jscomp.NameAnalyzer$FindReferences#void#maybeRecordReferenceOrAlias#?,NodeTraversal,Node,Node,NameInformation,NameInformation#924	0.95625	0.9573317307692307	0.9567908653846153	!(maybeHiddenAlias(n))	_
com.google.javascript.jscomp.NameAnalyzer$FindReferences#void#visit#?,NodeTraversal,Node,Node#865	0.95625	0.95625	0.95625	!(nameInfo.onlyAffectsClassDef)	_
com.google.javascript.jscomp.NameAnalyzer$FindReferences#void#visit#?,NodeTraversal,Node,Node#883	0.95625	0.95625	0.95625	!(parent.isInstanceOf() && parent.getLastChild() == n && n.isQualifiedName())	_
com.google.javascript.jscomp.NameAnalyzer#boolean#isExternallyReferenceable#?,Scope,String#1557	0.9556490384615385	0.9568509615384615	0.95625	name.startsWith(s)	_
com.google.javascript.jscomp.GatherSideEffectSubexpressionsCallback#boolean#shouldTraverse#?,NodeTraversal,Node,Node#242	0.9560096153846154	0.9560096153846154	0.9560096153846154	!(node.isHook())	_
com.google.javascript.jscomp.GatherSideEffectSubexpressionsCallback#boolean#shouldTraverse#?,NodeTraversal,Node,Node#247	0.9560096153846154	0.9560096153846154	0.9560096153846154	!((node.isAnd()) || (node.isOr()))	_
com.google.javascript.jscomp.GatherSideEffectSubexpressionsCallback#boolean#shouldTraverse#?,NodeTraversal,Node,Node#237	0.955889423076923	0.9560096153846154	0.9559495192307692	!(node.isFunction())	_
com.google.javascript.jscomp.GatherSideEffectSubexpressionsCallback#boolean#shouldTraverse#?,NodeTraversal,Node,Node#230	0.955889423076923	0.955889423076923	0.955889423076923	!(FORBIDDEN_TYPES.contains(node.getType()) || NodeUtil.isControlStructure(node))	_
com.google.javascript.jscomp.NameAnalyzer$ProcessExternals#void#visit#?,NodeTraversal,Node,Node#468	0.9556490384615385	0.9561298076923077	0.955889423076923	NodeUtil.isVarDeclaration(n)	_
com.google.javascript.jscomp.NameAnalyzer$FindReferences#boolean#shouldTraverse#?,NodeTraversal,Node,Node#829	0.9556490384615385	0.955889423076923	0.9557692307692307	parent.isVar() || parent.isExprResult() || parent.isReturn()|| parent.isThrow()	_
com.google.javascript.jscomp.NameAnalyzer$FindReferences#void#visit#?,NodeTraversal,Node,Node#854	0.9556490384615385	0.9557692307692308	0.9557091346153846	!(!(n.isName() || (NodeUtil.isGet(n) && !parent.isGetProp())))	_
com.google.javascript.jscomp.NameAnalyzer#NameInformation#createNameInformation#?,NodeTraversal,Node#1469	0.9556490384615385	0.9556490384615385	0.9556490384615385	!(!bNameWasShortened && n.isGetProp() && parent.isAssign()&& "prototype".equals(n.getLastChild().getString()))	_
com.google.javascript.jscomp.NameAnalyzer#NameInformation#createNameInformation#?,NodeTraversal,Node#1419	0.9556490384615385	0.9556490384615385	0.9556490384615385	!(NodeUtil.isObjectLitKey(rootNameNode))	_
com.google.javascript.jscomp.NameAnalyzer#NameInformation#createNameInformation#?,NodeTraversal,Node#1409	0.9556490384615385	0.9556490384615385	0.9556490384615385	!(NodeUtil.isGet(rootNameNode))	_
com.google.javascript.jscomp.NameAnalyzer$FindDependencyScopes#void#visit#?,NodeTraversal,Node,Node#517	0.9556490384615385	0.9556490384615385	0.9556490384615385	!(NodeUtil.isFunctionDeclaration(n))	_
com.google.javascript.jscomp.NameAnalyzer$HoistVariableAndFunctionDeclarations#void#visit#?,NodeTraversal,Node,Node#614	0.9556490384615385	0.9556490384615385	0.9556490384615385	!(NodeUtil.isFunctionDeclaration(n))	_
com.google.javascript.jscomp.NameAnalyzer#void#createName#?,String#1322	0.9556490384615385	0.9556490384615385	0.9556490384615385	!(jsn == null)	_
com.google.javascript.jscomp.NameAnalyzer$FindDeclarationsAndSetters#void#visit#?,NodeTraversal,Node,Node#642	0.9556490384615385	0.9556490384615385	0.9556490384615385	!(NodeUtil.isFunctionDeclaration(n))	_
com.google.javascript.jscomp.NameAnalyzer#boolean#isExternallyReferenceable#?,Scope,String#1550	0.9556490384615385	0.9556490384615385	0.9556490384615385	!(compiler.getCodingConvention().isExported(name))	_
com.google.javascript.jscomp.NameAnalyzer$ProcessExternals#void#visit#?,NodeTraversal,Node,Node#473	0.9556490384615385	0.9556490384615385	0.9556490384615385	ns != null	_
com.google.javascript.jscomp.NameAnalyzer$ProcessExternals#void#visit#?,NodeTraversal,Node,Node#470	0.9556490384615385	0.9556490384615385	0.9556490384615385	!(NodeUtil.isFunctionDeclaration(n))	_
com.google.javascript.jscomp.NameAnalyzer#JsName#getName#?,String,boolean#1308	0.9556490384615385	0.9556490384615385	0.9556490384615385	canCreate	_
com.google.javascript.jscomp.NameAnalyzer$FindReferences#boolean#shouldTraverse#?,NodeTraversal,Node,Node#845	0.9556490384615385	0.9556490384615385	0.9556490384615385	!(parent.isDo() && parent.getLastChild() == n)	_
com.google.javascript.jscomp.NameAnalyzer$FindReferences#boolean#shouldTraverse#?,NodeTraversal,Node,Node#836	0.9556490384615385	0.9556490384615385	0.9556490384615385	!((parent.isIf() || parent.isWhile() || parent.isWith()|| parent.isSwitch()|| parent.isCase()) && parent.getFirstChild() == n)	_
com.google.javascript.jscomp.NameAnalyzer$FindReferences#boolean#shouldTraverse#?,NodeTraversal,Node,Node#813	0.9556490384615385	0.9556490384615385	0.9556490384615385	!(n.isFor())	_
com.google.javascript.jscomp.NameAnalyzer$FindDeclarationsAndSetters#void#visit#?,NodeTraversal,Node,Node#649	0.9556490384615385	0.9556490384615385	0.9556490384615385	!(NodeUtil.isObjectLitKey(n))	_
com.google.javascript.jscomp.NameAnalyzer$FindReferences#boolean#shouldTraverse#?,NodeTraversal,Node,Node#805	0.9556490384615385	0.9556490384615385	0.9556490384615385	!(parent == null)	_
com.google.javascript.jscomp.NameAnalyzer#NameInformation#createNameInformation#?,String,Scope,Node#1528	0.9556490384615385	0.9556490384615385	0.9556490384615385	!(idx != -1)	_
com.google.javascript.jscomp.Normalize$NormalizeStatements#void#splitVarDeclarations#?,Node#632	0.9525240384615384	0.9525240384615384	0.9525240384615384	c.getFirstChild() != c.getLastChild()	_
com.google.javascript.jscomp.MarkNoSideEffectCalls$GatherNoSideEffectFunctions#void#visit#?,NodeTraversal,Node,Node#126	0.9522836538461539	0.9522836538461539	0.9522836538461539	!(parent.isExprResult() && hasNoSideEffectsAnnotation(node))	_
com.google.javascript.jscomp.MarkNoSideEffectCalls$SetNoSideEffectCallProperty#void#visit#?,NodeTraversal,Node,Node#181	0.9314903846153846	0.9649038461538462	0.9481971153846154	definitions == null	_
com.google.javascript.jscomp.Normalize$NormalizeStatements#void#reportCodeChange#?,String#370	0.9414663461538462	0.9415865384615385	0.9415264423076923	!(assertOnChange)	_
com.google.javascript.jscomp.ClosureCodingConvention#SubclassType#typeofClassDefiningName#?,Node#167	0.8850961538461538	0.9901442307692307	0.9376201923076923	!(callName.isName())	_
com.google.javascript.jscomp.MarkNoSideEffectCalls$GatherNoSideEffectFunctions#void#visit#?,NodeTraversal,Node,Node#125	0.9134615384615384	0.9522836538461539	0.9328725961538462	node.isGetProp()	_
com.google.javascript.jscomp.NodeUtil#boolean#functionCallHasSideEffects#?,Node,AbstractCompiler#1019	0.9004807692307693	0.9640625	0.9322716346153846	!(nameNode.isName())	_
com.google.javascript.jscomp.MarkNoSideEffectCalls$GatherNoSideEffectFunctions#void#visit#?,NodeTraversal,Node,Node#138	0.9298076923076923	0.9332932692307693	0.9315504807692307	!(parent.isName())	_
com.google.javascript.jscomp.SimpleDefinitionFinder$DefinitionGatheringCallback#void#visit#?,NodeTraversal,Node,Node#237	0.9308894230769231	0.9308894230769231	0.9308894230769231	qualifiedName != null	_
com.google.javascript.jscomp.SimpleDefinitionFinder$DefinitionGatheringCallback#void#visit#?,NodeTraversal,Node,Node#235	0.9305288461538461	0.9308894230769231	0.9307091346153846	!jsdocContainsDeclarations(node)	_
com.google.javascript.jscomp.SimpleDefinitionFinder$DefinitionGatheringCallback#void#visit#?,NodeTraversal,Node,Node#248	0.9305288461538461	0.9305288461538461	0.9305288461538461	!dropStub	_
com.google.javascript.jscomp.MarkNoSideEffectCalls$GatherNoSideEffectFunctions#void#visit#?,NodeTraversal,Node,Node#155	0.9298076923076923	0.9306490384615385	0.9302283653846154	!(hasAnnotation)	_
com.google.javascript.jscomp.graph.FixedPointGraphTraversal#void#computeFixedPoint#?,DiGraph<N,E>,Set<N>#119	0.9210336538461539	0.9325721153846154	0.9268028846153846	!(callback.traverseEdge(sourceValue,edge.getValue(),destNode))	_
com.google.javascript.jscomp.DefinitionsRemover#Definition#getDefinition#?,Node,boolean#52	0.9235576923076922	0.9252403846153846	0.9243990384615384	!(!n.getString().equals(""))	_
com.google.javascript.jscomp.SimpleDefinitionFinder$DefinitionGatheringCallback#void#visit#?,NodeTraversal,Node,Node#224	0.915625	0.9305288461538461	0.9230769230769231	name != null	_
com.google.javascript.jscomp.MarkNoSideEffectCalls$SetNoSideEffectCallProperty#void#visit#?,NodeTraversal,Node,Node#175	0.9134615384615384	0.9314903846153846	0.9224759615384615	!(!node.isCall() && !node.isNew())	_
com.google.javascript.jscomp.MarkNoSideEffectCalls$GatherNoSideEffectFunctions#void#visit#?,NodeTraversal,Node,Node#130	0.9134615384615384	0.9298076923076923	0.9216346153846153	node.isFunction()	_
com.google.javascript.jscomp.NodeTraversal#Node#getEnclosingFunction#?#585	0.8819711538461539	0.9606971153846153	0.9213341346153846	scopeRoots.isEmpty()	_
com.google.javascript.rhino.Node#String#getQualifiedName#?#1585	0.9044471153846154	0.9352163461538462	0.9198317307692307	!(type == Token.THIS)	_
com.google.javascript.jscomp.MarkNoSideEffectCalls$GatherNoSideEffectFunctions#void#visit#?,NodeTraversal,Node,Node#121	0.9134615384615384	0.9134615384615384	0.9134615384615384	!(!inExterns && hasNoSideEffectsAnnotation(node))	_
com.google.javascript.rhino.Node#void#addChildBefore#?,Node,Node#645	0.9063701923076923	0.9188701923076923	0.9126201923076923	first == node	_
com.google.javascript.jscomp.NodeUtil#boolean#nodeTypeMayHaveSideEffects#?,Node,AbstractCompiler#1092	0.9081730769230769	0.9109375	0.9095552884615384	!(isAssignmentOp(n))	_
com.google.javascript.jscomp.SimpleDefinitionFinder#String#getSimplifiedName#?,Node#139	0.856610576923077	0.9520432692307692	0.9043269230769231	!(name != null && !name.isEmpty())	_
com.google.javascript.jscomp.graph.FixedPointGraphTraversal#void#computeFixedPoint#?,DiGraph<N,E>,Set<N>#106	0.9006009615384616	0.9006009615384616	0.9006009615384616	!workSet.isEmpty() && cycleCount < maxIterations	_
com.google.javascript.jscomp.NodeUtil#boolean#functionCallHasSideEffects#?,Node,AbstractCompiler#1011	0.9004807692307693	0.9004807692307693	0.9004807692307693	!(callNode.isOnlyModifiesArgumentsCall() && allArgsUnescapedLocal(callNode))	_
com.google.javascript.jscomp.NodeUtil#boolean#functionCallHasSideEffects#?,Node,AbstractCompiler#1007	0.8993990384615385	0.9004807692307693	0.8999399038461539	!(callNode.isNoSideEffectsCall())	_
com.google.javascript.jscomp.NodeUtil#boolean#functionCallHasSideEffects#?,Node,AbstractCompiler#1002	0.8993990384615385	0.8993990384615385	0.8993990384615385	!(!callNode.isCall())	_
com.google.javascript.jscomp.DefinitionsRemover#Definition#getDefinition#?,Node,boolean#50	0.8743990384615384	0.9235576923076922	0.8989783653846153	!(!NodeUtil.isFunctionExpression(parent))	_
com.google.javascript.rhino.Node#int#getSideEffectFlags#?#2041	0.8923076923076922	0.893389423076923	0.8928485576923076	(getIntProp(SIDE_EFFECT_FLAGS))<= 0	_
com.google.javascript.jscomp.SimpleDefinitionFinder#Collection<Definition>#getDefinitionsReferencedAt#?,Node#93	0.8623798076923077	0.9170673076923077	0.8897235576923077	!(!defs.isEmpty())	_
com.google.javascript.jscomp.Normalize$NormalizeStatements#void#moveNamedFunctions#?,Node#664	0.8876201923076923	0.8876201923076923	0.8876201923076923	!(NodeUtil.isFunctionDeclaration(current))	_
com.google.javascript.jscomp.Normalize$NormalizeStatements#void#moveNamedFunctions#?,Node#661	0.8876201923076923	0.8876201923076923	0.8876201923076923	current != null	_
com.google.javascript.jscomp.SimpleDefinitionFinder$DefinitionGatheringCallback#void#visit#?,NodeTraversal,Node,Node#222	0.8563701923076923	0.915625	0.8859975961538462	inExterns && (parent != null) && parent.isExprResult()	_
com.google.javascript.jscomp.DefinitionsRemover#Definition#getDefinition#?,Node,boolean#55	0.8557692307692308	0.909014423076923	0.8823918269230769	parent.isAssign() && parent.getFirstChild() == n	_
com.google.javascript.jscomp.SimpleDefinitionFinder#String#getSimplifiedName#?,Node#144	0.8563701923076923	0.9072115384615385	0.8817908653846154	node.isGetProp()	_
com.google.javascript.jscomp.Normalize$VerifyConstants#void#visit#?,NodeTraversal,Node,Node#303	0.8116586538461539	0.9390625	0.875360576923077	n.getString().isEmpty()	_
com.google.javascript.jscomp.UseSite#int#hashCode#?#43	0.8745192307692308	0.8745192307692308	0.8745192307692308	(this.node.hashCode())>= 0	_
com.google.javascript.jscomp.SimpleDefinitionFinder$UseSiteGatheringCallback#void#visit#?,NodeTraversal,Node,Node#277	0.8563701923076923	0.8745192307692308	0.8654447115384616	!(defs == null)	_
com.google.javascript.jscomp.DefinitionsRemover#Definition#getDefinition#?,Node,boolean#49	0.8557692307692308	0.8743990384615384	0.8650841346153846	parent.isFunction() && parent.getFirstChild() == n	_
com.google.javascript.jscomp.NodeTraversal#Node#getEnclosingFunction#?#582	0.8467548076923077	0.8819711538461539	0.8643629807692308	!(scopes.size() + scopeRoots.size() < 2)	_
com.google.javascript.jscomp.SimpleDefinitionFinder$DefinitionGatheringCallback#void#visit#?,NodeTraversal,Node,Node#184	0.8588942307692308	0.8689903846153846	0.8639423076923076	!(inExterns)	_
com.google.javascript.jscomp.SimpleDefinitionFinder#Collection<Definition>#getDefinitionsReferencedAt#?,Node#79	0.8563701923076923	0.86875	0.8625600961538462	definitionSiteMap.containsKey(useSite)	_
com.google.javascript.jscomp.SimpleDefinitionFinder$DefinitionGatheringCallback#void#visit#?,NodeTraversal,Node,Node#172	0.8588942307692308	0.8647836538461539	0.8618389423076923	!((rValue != null) && !NodeUtil.isImmutableValue(rValue) && !rValue.isFunction())	_
com.google.javascript.jscomp.SimpleDefinitionFinder#Collection<Definition>#getDefinitionsReferencedAt#?,Node#91	0.8563701923076923	0.8623798076923077	0.859375	name != null	_
com.google.javascript.jscomp.SimpleDefinitionFinder$DefinitionGatheringCallback#void#visit#?,NodeTraversal,Node,Node#170	0.8588942307692308	0.8588942307692308	0.8588942307692308	name != null	_
com.google.javascript.jscomp.SimpleDefinitionFinder$DefinitionGatheringCallback#void#visit#?,NodeTraversal,Node,Node#168	0.8563701923076923	0.8588942307692308	0.8576322115384616	def != null	_
com.google.javascript.jscomp.SimpleDefinitionFinder#String#getSimplifiedName#?,Node#137	0.8563701923076923	0.856610576923077	0.8564903846153846	node.isName()	_
com.google.javascript.jscomp.SimpleDefinitionFinder#Collection<Definition>#getDefinitionsReferencedAt#?,Node#83	0.8563701923076923	0.8563701923076923	0.8563701923076923	!(useSite.isGetProp())	_
com.google.javascript.jscomp.SimpleDefinitionFinder$DefinitionGatheringCallback#void#visit#?,NodeTraversal,Node,Node#162	0.8563701923076923	0.8563701923076923	0.8563701923076923	!(inExterns && node.isName() && parent.isParamList())	_
com.google.javascript.jscomp.DefinitionsRemover#Definition#getDefinition#?,Node,boolean#57	0.8557692307692308	0.8557692307692308	0.8557692307692308	!(NodeUtil.isObjectLitKey(n))	_
com.google.javascript.jscomp.DefinitionsRemover#Definition#getDefinition#?,Node,boolean#60	0.8557692307692308	0.8557692307692308	0.8557692307692308	!(parent.isParamList())	_
com.google.javascript.jscomp.DefinitionsRemover#Definition#getDefinition#?,Node,boolean#47	0.8557692307692308	0.8557692307692308	0.8557692307692308	!(NodeUtil.isVarDeclaration(n) && n.hasChildren())	_
com.google.javascript.jscomp.DefinitionsRemover#Definition#getDefinition#?,Node,boolean#43	0.8557692307692308	0.8557692307692308	0.8557692307692308	!(parent == null)	_
com.google.javascript.jscomp.Normalize$VerifyConstants#void#visit#?,NodeTraversal,Node,Node#319	0.8150240384615385	0.8927884615384616	0.8539062500000001	!(var != null)	_
com.google.javascript.jscomp.ClosureCodingConvention#SubclassType#typeofClassDefiningName#?,Node#175	0.8193509615384615	0.8877403846153846	0.8535456730769231	!(methodName != null)	_
com.google.javascript.jscomp.ClosureCodingConvention#SubclassType#typeofClassDefiningName#?,Node#165	0.8193509615384615	0.8850961538461538	0.8522235576923076	!(callName.isGetProp())	_
com.google.javascript.jscomp.CodeGenerator#void#add#?,Node,Context#313	0.7143028846153846	0.9819711538461539	0.8481370192307692	funcNeedsParens	_
com.google.javascript.jscomp.CodeGenerator#void#add#?,Node,Context#324	0.7143028846153846	0.9819711538461539	0.8481370192307692	funcNeedsParens	_
com.google.javascript.rhino.Node#void#toString#?,StringBuilder,boolean,boolean,boolean#960	0.8401442307692308	0.8401442307692308	0.8401442307692308	!(first == null || first.getType() != Token.NAME)	_
com.google.javascript.jscomp.ClosureCodingConvention#String#getSingletonGetterClassName#?,Node#289	0.83125	0.8319711538461538	0.8316105769230769	!("goog.addSingletonGetter".equals(callName) || "goog$addSingletonGetter".equals(callName)) || callNode.getChildCount() != 2	_
com.google.javascript.jscomp.Normalize$PropagateConstantAnnotationsOverVars#void#visit#?,NodeTraversal,Node,Node#243	0.7632211538461539	0.8917067307692308	0.8274639423076924	n.getString().isEmpty()	_
com.google.javascript.jscomp.ClosureCodingConvention#SubclassRelationship#getClassesDefinedByCall#?,Node#104	0.8193509615384615	0.8311298076923077	0.8252403846153846	!(type != null)	_
com.google.javascript.jscomp.Normalize$PropagateConstantAnnotationsOverVars#void#visit#?,NodeTraversal,Node,Node#250	0.7637019230769231	0.8817307692307692	0.8227163461538461	!(var != null)	_
com.google.javascript.jscomp.ClosureCodingConvention#SubclassRelationship#getClassesDefinedByCall#?,Node#98	0.8193509615384615	0.8193509615384615	0.8193509615384615	!(relationship != null)	_
com.google.javascript.jscomp.Normalize$VerifyConstants#void#visit#?,NodeTraversal,Node,Node#323	0.8150240384615385	0.8150240384615385	0.8150240384615385	!(info != null && info.isConstant())	_
com.google.javascript.jscomp.Normalize$VerifyConstants#void#visit#?,NodeTraversal,Node,Node#311	0.8116586538461539	0.8150240384615385	0.8133413461538461	!(NodeUtil.isConstantName(n) || NodeUtil.isConstantByConvention(convention,n,parent))	_
com.google.javascript.jscomp.Normalize$VerifyConstants#void#visit#?,NodeTraversal,Node,Node#330	0.8116586538461539	0.8150240384615385	0.8133413461538461	!(expectedConst)	_
com.google.javascript.jscomp.Normalize$VerifyConstants#void#visit#?,NodeTraversal,Node,Node#308	0.8116586538461539	0.8116586538461539	0.8116586538461539	checkUserDeclarations	_
com.google.javascript.jscomp.Normalize$VerifyConstants#void#visit#?,NodeTraversal,Node,Node#340	0.8116586538461539	0.8116586538461539	0.8116586538461539	value == null	_
com.google.javascript.jscomp.Normalize$VerifyConstants#void#visit#?,NodeTraversal,Node,Node#301	0.8086538461538462	0.8116586538461539	0.81015625	n.isName()	_
com.google.javascript.rhino.Node#Node#copyInformationFrom#?,Node#1746	0.7846153846153846	0.8352163461538462	0.8099158653846155	!(getProp(STATIC_SOURCE_FILE) == null)	_
com.google.javascript.jscomp.Normalize$NormalizeStatements#void#normalizeFunctionDeclaration#?,Node#464	0.7981971153846154	0.7981971153846154	0.7981971153846154	!(!NodeUtil.isFunctionExpression(n) && !NodeUtil.isHoistedFunctionDeclaration(n))	_
com.google.javascript.jscomp.MakeDeclaredNamesUnique#boolean#shouldTraverse#?,NodeTraversal,Node,Node#117	0.7956730769230769	0.7981971153846154	0.7969350961538462	!(name != null && !name.isEmpty() && parent != null && !NodeUtil.isFunctionDeclaration(n))	_
com.google.javascript.rhino.Node#void#toString#?,StringBuilder,boolean,boolean,boolean#955	0.7461538461538462	0.8401442307692308	0.7931490384615385	type == Token.FUNCTION	_
com.google.javascript.jscomp.Normalize#void#process#?,Node,Node#157	0.7631009615384615	0.8115384615384615	0.7873197115384616	!(!compiler.getLifeCycleStage().isNormalized())	_
com.google.javascript.rhino.Node#Node#copyInformationFrom#?,Node#1742	0.7846153846153846	0.7849759615384615	0.784795673076923	getProp(ORIGINALNAME_PROP) == null	_
com.google.javascript.jscomp.CodeConsumer#void#endFunction#?,boolean#168	0.7143028846153846	0.8501201923076923	0.7822115384615385	!(statementContext)	_
com.google.javascript.jscomp.Normalize$NormalizeStatements#void#splitVarDeclarations#?,Node#628	0.7810096153846153	0.7810096153846153	0.7810096153846153	!(assertOnChange && !c.hasChildren())	_
com.google.javascript.jscomp.Normalize$NormalizeStatements#void#doStatementNormalizations#?,Node#523	0.7575721153846153	0.7981971153846154	0.7778846153846153	n.isFunction()	_
com.google.javascript.jscomp.MakeDeclaredNamesUnique#void#findDeclaredNames#?,Node,Node,Renamer#215	0.7549278846153846	0.7973557692307692	0.7761418269230769	!(parent == null || !parent.isFunction() || n == parent.getFirstChild())	_
com.google.javascript.jscomp.MakeDeclaredNamesUnique#void#enterScope#?,NodeTraversal#79	0.7549278846153846	0.7956730769230769	0.7753004807692307	!(nameStack.isEmpty())	_
com.google.javascript.jscomp.MakeDeclaredNamesUnique#void#enterScope#?,NodeTraversal#91	0.7549278846153846	0.7956730769230769	0.7753004807692307	!(!declarationRoot.isFunction())	_
com.google.javascript.jscomp.MakeDeclaredNamesUnique#void#exitScope#?,NodeTraversal#100	0.7549278846153846	0.7956730769230769	0.7753004807692307	!t.inGlobalScope()	_
com.google.javascript.jscomp.Normalize$NormalizeStatements#void#splitVarDeclarations#?,Node#627	0.7575721153846153	0.7810096153846153	0.7692908653846153	c.isVar()	_
com.google.javascript.jscomp.MakeDeclaredNamesUnique#void#findDeclaredNames#?,Node,Node,Renamer#218	0.7549278846153846	0.7796875	0.7673076923076922	NodeUtil.isVarDeclaration(n)	_
com.google.javascript.jscomp.Normalize$PropagateConstantAnnotationsOverVars#void#visit#?,NodeTraversal,Node,Node#259	0.7637019230769231	0.7638221153846154	0.7637620192307693	!(shouldBeConstant && !isMarkedConstant)	_
com.google.javascript.jscomp.Normalize#void#process#?,Node,Node#151	0.7631009615384615	0.7634615384615384	0.7632812499999999	!(!findExposeAnnotations.exposedProperties.isEmpty())	_
com.google.javascript.jscomp.Normalize$PropagateConstantAnnotationsOverVars#void#visit#?,NodeTraversal,Node,Node#242	0.7631009615384615	0.7632211538461539	0.7631610576923077	n.isName()	_
com.google.javascript.jscomp.Normalize#void#process#?,Node,Node#126	0.7631009615384615	0.7631009615384615	0.7631009615384615	MAKE_LOCAL_NAMES_UNIQUE	_
com.google.javascript.jscomp.Normalize$FindExposeAnnotations#void#visit#?,NodeTraversal,Node,Node#177	0.7631009615384615	0.7631009615384615	0.7631009615384615	!(n.isGetProp() && n.getParent().isExprResult() && isMarkedExpose(n))	_
com.google.javascript.jscomp.Normalize$FindExposeAnnotations#void#visit#?,NodeTraversal,Node,Node#175	0.7631009615384615	0.7631009615384615	0.7631009615384615	!(n.isStringKey() && isMarkedExpose(n))	_
com.google.javascript.jscomp.Normalize$FindExposeAnnotations#void#visit#?,NodeTraversal,Node,Node#169	0.7631009615384615	0.7631009615384615	0.7631009615384615	!(NodeUtil.isExprAssign(n))	_
com.google.javascript.jscomp.MakeDeclaredNamesUnique$ContextualRenamer#void#addDeclaredName#?,String#464	0.7594951923076922	0.7604567307692307	0.7599759615384615	global	_
com.google.javascript.rhino.Node#NodeMismatch#checkTreeEqualsImpl#?,Node#1458	0.5205528846153846	0.9991586538461539	0.7598557692307693	res != null	_
com.google.javascript.rhino.Node#String#checkTreeEquals#?,Node#1429	0.5200721153846154	0.9991586538461539	0.7596153846153846	diff != null	_
com.google.javascript.jscomp.MakeDeclaredNamesUnique$ContextualRenamer#void#addDeclaredName#?,String#463	0.7594951923076922	0.7594951923076922	0.7594951923076922	!name.equals(ARGUMENTS)	_
com.google.javascript.rhino.Node#NodeMismatch#checkTreeEqualsImpl#?,Node#1445	0.5194711538461538	0.9986778846153846	0.7590745192307693	!isEquivalentTo(node2,false,false,false)	_
com.google.javascript.jscomp.Normalize$NormalizeStatements#void#annotateConstantsByConvention#?,Node,Node#439	0.7578125	0.7598557692307693	0.7588341346153846	!(!isMarkedConstant && NodeUtil.isConstantByConvention(compiler.getCodingConvention(),n,parent))	_
com.google.javascript.jscomp.Normalize$NormalizeStatements#void#annotateConstantsByConvention#?,Node,Node#437	0.7578125	0.7578125	0.7578125	n.isName() || isProperty	_
com.google.javascript.jscomp.Normalize$NormalizeStatements#void#visit#?,NodeTraversal,Node,Node#408	0.7578125	0.7578125	0.7578125	!compiler.getLifeCycleStage().isNormalizedObfuscated()	_
com.google.javascript.jscomp.Normalize$NormalizeStatements#void#doStatementNormalizations#?,Node#519	0.7575721153846153	0.7576923076923077	0.7576322115384615	!(NodeUtil.isStatementBlock(n))	_
com.google.javascript.jscomp.Normalize$NormalizeStatements#void#doStatementNormalizations#?,Node#513	0.7575721153846153	0.7576923076923077	0.7576322115384615	!(NodeUtil.isStatementBlock(n) || n.isLabel())	_
com.google.javascript.jscomp.Normalize$NormalizeStatements#void#doStatementNormalizations#?,Node#507	0.7575721153846153	0.7575721153846153	0.7575721153846153	!(n.isLabel())	_
com.google.javascript.jscomp.Normalize$NormalizeStatements#void#extractForInitializer#?,Node,Node,Node#570	0.7575721153846153	0.7575721153846153	0.7575721153846153	!(c != null)	_
com.google.javascript.jscomp.Normalize$NormalizeStatements#void#splitVarDeclarations#?,Node#625	0.7575721153846153	0.7575721153846153	0.7575721153846153	!(c != null)	_
com.google.javascript.jscomp.MakeDeclaredNamesUnique#void#visit#?,NodeTraversal,Node,Node#163	0.755048076923077	0.7552884615384615	0.7551682692307693	!(newName != null)	_
com.google.javascript.jscomp.MakeDeclaredNamesUnique#void#findDeclaredNames#?,Node,Node,Renamer#225	0.7551682692307693	0.7551682692307693	0.7551682692307693	c != null	_
com.google.javascript.jscomp.MakeDeclaredNamesUnique#String#getReplacementName#?,String#201	0.755048076923077	0.7551682692307693	0.7551081730769231	!(newName != null)	_
com.google.javascript.jscomp.MakeDeclaredNamesUnique#void#findDeclaredNames#?,Node,Node,Renamer#220	0.7549278846153846	0.7549278846153846	0.7549278846153846	!(NodeUtil.isFunctionDeclaration(n))	_
com.google.javascript.jscomp.CodeGenerator#void#add#?,Node,Context#547	0.7533653846153846	0.7536057692307692	0.7534855769230768	!(isIndirectEval(first) || n.getBooleanProp(Node.FREE_CALL) && NodeUtil.isGet(first))	_
com.google.javascript.jscomp.CodePrinter$CompactCodePrinter#void#maybeLineBreak#?#485	0.7532451923076923	0.7532451923076923	0.7532451923076923	ch == ';'	_
com.google.javascript.jscomp.CodePrinter$CompactCodePrinter#void#maybeLineBreak#?#486	0.7532451923076923	0.7532451923076923	0.7532451923076923	preferredBreakPosition <= len	_
com.google.javascript.rhino.Node#int[]#getSortedPropTypes#?#879	0.75	0.75	0.75	keys[count] >= count	_
com.google.javascript.rhino.Node#int[]#getSortedPropTypes#?#877	0.75	0.75	0.75	x != null	_
com.google.javascript.rhino.Node#int[]#getSortedPropTypes#?#872	0.75	0.75	0.75	x != null	_
com.google.javascript.rhino.Node#void#toString#?,StringBuilder,boolean,boolean,boolean#979	0.75	0.75	0.75	i < keys.length	_
com.google.javascript.rhino.Node#void#toString#?,StringBuilder,boolean,boolean,boolean#971	0.7480769230769231	0.7519230769230769	0.75	!(lineno != -1)	_
com.google.javascript.rhino.Node#void#toStringTreeHelper#?,Node,int,Appendable#1034	0.7486778846153845	0.7486778846153845	0.7486778846153845	cursor != null	_
com.google.javascript.rhino.Node#void#toStringTreeHelper#?,Node,int,Appendable#1028	0.7486778846153845	0.7486778846153845	0.7486778846153845	i != level	_
com.google.javascript.rhino.Node#void#toString#?,StringBuilder,boolean,boolean,boolean#997	0.7480769230769231	0.7483173076923078	0.7481971153846154	!(jsType != null)	_
com.google.javascript.rhino.Node#void#toString#?,StringBuilder,boolean,boolean,boolean#952	0.7461538461538462	0.7492788461538462	0.7477163461538462	this instanceof StringNode	_
com.google.javascript.rhino.Node#void#toString#?,StringBuilder,boolean,boolean,boolean#996	0.7461538461538462	0.7480769230769231	0.7471153846153846	printType	_
com.google.javascript.rhino.Node#void#toString#?,StringBuilder,boolean,boolean,boolean#969	0.7461538461538462	0.7480769230769231	0.7471153846153846	printSource	_
com.google.javascript.rhino.Node#void#toString#?,StringBuilder,boolean,boolean,boolean#977	0.7461538461538462	0.7480769230769231	0.7471153846153846	printAnnotations	_
com.google.javascript.rhino.Node#void#toString#?,StringBuilder,boolean,boolean,boolean#965	0.7467548076923076	0.7467548076923076	0.7467548076923076	!(type == Token.NUMBER)	_
com.google.javascript.jscomp.AstValidator#void#validateBlock#?,Node#280	0.7455528846153846	0.7455528846153846	0.7455528846153846	c != null	_
com.google.javascript.jscomp.GoogleCodingConvention#boolean#isConstant#?,String#79	0.7346153846153847	0.7401442307692307	0.7373798076923077	!(pos >= 0)	_
com.google.javascript.jscomp.CodeGenerator#void#add#?,Node,Context#308	0.7143028846153846	0.7143028846153846	0.7143028846153846	!(n.getClass() != Node.class)	_
com.google.javascript.jscomp.GoogleCodingConvention#boolean#isConstant#?,String#72	0.6730769230769231	0.7477163461538461	0.7103966346153846	name.length() <= 1	_
com.google.javascript.rhino.Node#String#getQualifiedName#?#1579	0.5133413461538461	0.9044471153846154	0.7088942307692307	!(type == Token.GETPROP)	_
com.google.javascript.jscomp.AstValidator#void#validateCall#?,Node#377	0.7025240384615384	0.7025240384615384	0.7025240384615384	!(c != null)	_
com.google.javascript.jscomp.CodeGenerator#void#add#?,Node,Context#199	0.7016826923076923	0.7016826923076923	0.7016826923076923	first != null	_
com.google.javascript.rhino.Node#boolean#isEquivalentTo#?,Node,boolean,boolean,boolean#1547	0.7007211538461539	0.7007211538461539	0.7007211538461539	!(this.getBooleanProp(FREE_CALL) != node.getBooleanProp(FREE_CALL))	_
com.google.javascript.jscomp.CodeConsumer#void#endBlock#?,boolean#116	0.6993990384615385	0.7004807692307693	0.6999399038461539	!(shouldEndLine)	_
com.google.javascript.jscomp.CodeConsumer#void#beginBlock#?#100	0.6993990384615385	0.6993990384615385	0.6993990384615385	!(statementNeedsEnded)	_
com.google.javascript.jscomp.CodeConsumer#void#add#?,String#183	0.5229567307692308	0.8657451923076923	0.6943509615384615	newcode.length() == 0	_
com.google.javascript.rhino.Node#void#removeChild#?,Node#703	0.5324519230769231	0.8429086538461539	0.6876802884615385	!(child == last)	_
com.google.javascript.jscomp.CodePrinter$CompactCodePrinter#void#maybeLineBreak#?#483	0.616826923076923	0.7532451923076923	0.6850360576923076	preferredBreakPosition == len - 1	_
com.google.javascript.jscomp.GoogleCodingConvention#boolean#isConstantKey#?,String#91	0.5199519230769231	0.8439903846153847	0.6819711538461539	!(name.isEmpty() || !Character.isUpperCase(name.charAt(0)))	_
com.google.javascript.rhino.Node#boolean#isEquivalentTo#?,Node,boolean,boolean,boolean#1533	0.676923076923077	0.6829326923076924	0.6799278846153847	!(type == Token.STRING_KEY)	_
com.google.javascript.rhino.Node#boolean#isEquivalentTo#?,Node,boolean,boolean,boolean#1543	0.676923076923077	0.6770432692307693	0.6769831730769231	!(slashV1 != slashV2)	_
com.google.javascript.jscomp.AstValidator#void#validateVar#?,Node#399	0.5974759615384615	0.7473557692307693	0.6724158653846154	!(c.hasChildren())	_
com.google.javascript.rhino.Node#void#removeChild#?,Node#698	0.5324519230769231	0.8076923076923077	0.6700721153846154	prev == null	_
com.google.javascript.rhino.Node#Node#getChildBefore#?,Node#550	0.5253605769230769	0.7945913461538462	0.6599759615384615	child == first	_
com.google.javascript.jscomp.NodeUtil#boolean#isConstantByConvention#?,CodingConvention,Node,Node#2875	0.6472355769230769	0.6472355769230769	0.6472355769230769	node.isName()	_
com.google.javascript.jscomp.NodeUtil#boolean#isConstantByConvention#?,CodingConvention,Node,Node#2873	0.6472355769230769	0.6472355769230769	0.6472355769230769	!(isObjectLitKey(node))	_
com.google.javascript.rhino.Node#boolean#isEquivalentTo#?,Node,boolean,boolean,boolean#1557	0.5348557692307692	0.75	0.6424278846153846	!n.isEquivalentTo(n2,compareJsType,!(shallow && n.isFunction()),shallow)	_
com.google.javascript.jscomp.CodeGenerator#void#addList#?,Node,boolean,Context#957	0.6393028846153845	0.6393028846153845	0.6393028846153845	n != null	_
com.google.javascript.jscomp.CodeGenerator#void#addList#?,Node,boolean,Context#959	0.6393028846153845	0.6393028846153845	0.6393028846153845	isFirst	_
com.google.javascript.rhino.Node#boolean#isEquivalentTo#?,Node,boolean,boolean,boolean#1516	0.4868990384615385	0.790625	0.6387620192307693	type != node.getType() || getChildCount() != node.getChildCount() || this.getClass() != node.getClass()	_
com.google.javascript.jscomp.PrepareAst$PrepareAnnotations#void#annotateCalls#?,Node#169	0.5603365384615384	0.7057692307692307	0.6330528846153846	!NodeUtil.isGet(first)	_
com.google.javascript.jscomp.NodeUtil#void#mtocHelper#?,Map<Node,Node>,Node,Node#3334	0.5403846153846155	0.703485576923077	0.6219350961538462	main.isFunction()	_
com.google.javascript.jscomp.CodePrinter$CompactCodePrinter#void#maybeLineBreak#?#472	0.616826923076923	0.6170673076923077	0.6169471153846153	!(lineBreak)	_
com.google.javascript.jscomp.CodeGenerator#void#add#?,Node,Context#394	0.5057692307692307	0.7054086538461539	0.6055889423076923	c.isVar()	_
com.google.javascript.jscomp.CodeConsumer#void#maybeEndStatement#?#153	0.5229567307692308	0.6881009615384616	0.6055288461538462	statementNeedsEnded	_
com.google.javascript.jscomp.CodeGenerator#void#add#?,Node,Context#408	0.5044471153846154	0.7010817307692307	0.6027644230769231	preserveBlock	_
com.google.javascript.jscomp.CodeGenerator#void#add#?,Node,Context#380	0.5044471153846154	0.7010817307692307	0.6027644230769231	preserveBlock	_
com.google.javascript.jscomp.AstValidator#void#validateVar#?,Node#393	0.5974759615384615	0.5974759615384615	0.5974759615384615	c != null	_
com.google.javascript.rhino.Node#boolean#isEquivalentTo#?,Node,boolean,boolean,boolean#1546	0.48786057692307694	0.7007211538461539	0.5942908653846154	type == Token.CALL	_
com.google.javascript.rhino.Node#boolean#isEquivalentTo#?,Node,boolean,boolean,boolean#1532	0.4877403846153846	0.676923076923077	0.5823317307692308	type == Token.STRING || type == Token.STRING_KEY	_
com.google.javascript.jscomp.LineNumberCheck#void#visit#?,NodeTraversal,Node,Node#72	0.5768028846153845	0.5768028846153845	0.5768028846153845	!(n.getLineno() == -1)	_
com.google.javascript.rhino.Node$SiblingNodeIterable#Iterator<Node>#iterator#?#1277	0.5704326923076923	0.5704326923076923	0.5704326923076923	!used	_
com.google.javascript.rhino.Node$SiblingNodeIterable#Node#next#?#1298	0.5704326923076923	0.5704326923076923	0.5704326923076923	!(current == null)	_
com.google.javascript.jscomp.LineNumberCheck#void#visit#?,NodeTraversal,Node,Node#71	0.5610576923076923	0.5768028846153845	0.5689302884615384	requiresLineNumbers	_
com.google.javascript.jscomp.NodeUtil#void#verifyScopeChanges#?,Map<Node,Node>,Node,boolean,AbstractCompiler#3362	0.5668269230769231	0.5670673076923076	0.5669471153846153	!(checkUnchanged)	_
com.google.javascript.jscomp.NodeUtil#void#verifyScopeChanges#?,Map<Node,Node>,Node,boolean,AbstractCompiler#3360	0.5668269230769231	0.5668269230769231	0.5668269230769231	!(main.getChangeTime() > clone.getChangeTime())	_
com.google.javascript.jscomp.NodeUtil#void#visitPreOrder#?,Node,Visitor,Predicate<Node>#2794	0.565625	0.565625	0.565625	traverseChildrenPred.apply(node)	_
com.google.javascript.jscomp.NodeUtil#void#visitPreOrder#?,Node,Visitor,Predicate<Node>#2795	0.565625	0.565625	0.565625	c != null	_
com.google.javascript.jscomp.AstValidator#void#validateMaximumChildCount#?,Node,int#810	0.5592548076923076	0.5704326923076923	0.56484375	i == 1	_
com.google.javascript.jscomp.LineNumberCheck#void#visit#?,NodeTraversal,Node,Node#69	0.5610576923076923	0.5682692307692307	0.5646634615384616	n.isScript()	_
com.google.javascript.jscomp.LineNumberCheck#boolean#shouldTraverse#?,NodeTraversal,Node,Node#61	0.5610576923076923	0.5682692307692307	0.5646634615384616	n.isScript()	_
com.google.javascript.jscomp.CodePrinter$CompactCodePrinter#void#maybeCutLine#?#498	0.5625	0.5625	0.5625	!(lineLength > lineLengthThreshold)	_
com.google.javascript.rhino.Node#int#getChangeTime#?#1898	0.5605769230769231	0.5627403846153847	0.5616586538461539	(getIntProp(CHANGE_TIME))== 0	_
com.google.javascript.jscomp.PrepareAst$PrepareAnnotations#void#annotateCalls#?,Node#175	0.5603365384615384	0.5609375	0.5606370192307693	!(first.isName() && "eval".equals(first.getString()))	_
com.google.javascript.rhino.Node#Iterable<Node>#children#?#1240	0.5457932692307692	0.5737980769230769	0.5597956730769231	!(first == null)	_
com.google.javascript.jscomp.AstValidator#void#validateMaximumChildCount#?,Node,int#815	0.5592548076923076	0.5592548076923076	0.5592548076923076	!(!valid)	_
com.google.javascript.jscomp.NodeUtil#boolean#isConstantByConvention#?,CodingConvention,Node,Node#2871	0.46887019230769234	0.6472355769230769	0.5580528846153846	!(parent.isGetProp() && node == parent.getLastChild())	_
com.google.javascript.jscomp.parsing.IRFactory#int#transformTokenType#?,int#1382	0.5576923076923077	0.5576923076923077	0.5576923076923077	(Token.CALL)> 0	_
com.google.javascript.jscomp.graph.Graph#T#getNodeOrFail#?,N#221	0.5566105769230769	0.5566105769230769	0.5566105769230769	!(node == null)	_
com.google.javascript.jscomp.graph.LinkedDirectedGraph#DiGraphNode<N,E>#createDirectedGraphNode#?,N#136	0.5477163461538461	0.5477163461538461	0.5477163461538461	node == null	_
com.google.javascript.jscomp.CodeGenerator#void#add#?,Node,Context#211	0.5364182692307693	0.5538461538461539	0.5451322115384616	first == null || first.isEmpty()	_
com.google.javascript.jscomp.CodeGenerator#void#addExpr#?,Node,int,Context#937	0.5415865384615385	0.5415865384615385	0.5415865384615385	!((NodeUtil.precedence(n.getType()) < minPrecedence) || ((context == Context.IN_FOR_INIT_CLAUSE) && n.isIn()))	_
com.google.javascript.jscomp.NodeUtil#int#precedenceWithDefault#?,int#1266	0.5408653846153846	0.5408653846153846	0.5408653846153846	(15)!= 0	_
com.google.javascript.jscomp.NodeUtil#int#precedence#?,int#1192	0.540625	0.540625	0.540625	precedence != -1	_
com.google.javascript.jscomp.NodeUtil#int#precedence#?,int#1193	0.540625	0.540625	0.540625	(precedence)!= 0	_
com.google.javascript.jscomp.NodeUtil#void#mtocHelper#?,Map<Node,Node>,Node,Node#3338	0.5403846153846155	0.5403846153846155	0.5403846153846155	!(mchild != null)	_
com.google.javascript.rhino.Node#Node#getChildAtIndex#?,int#565	0.5353365384615385	0.5353365384615385	0.5353365384615385	i > 0	_
com.google.javascript.rhino.Node#boolean#isEquivalentTo#?,Node,boolean,boolean,boolean#1555	0.5348557692307692	0.5348557692307692	0.5348557692307692	n != null	_
com.google.javascript.jscomp.CodeConsumer#void#endStatement#?,boolean#142	0.5344951923076924	0.5344951923076924	0.5344951923076924	statementStarted	_
com.google.javascript.jscomp.CodeGenerator#String#identifierEscape#?,String#1197	0.5329326923076922	0.5329326923076922	0.5329326923076922	NodeUtil.isLatin(s)	_
com.google.javascript.jscomp.NodeUtil#boolean#isLatin#?,String#2486	0.5319711538461538	0.5320913461538461	0.53203125	!(c > LARGEST_BASIC_LATIN)	_
com.google.javascript.jscomp.NodeUtil#boolean#isLatin#?,String#2484	0.5319711538461538	0.5319711538461538	0.5319711538461538	index < len	_
com.google.javascript.jscomp.CodeConsumer#void#endStatement#?,boolean#138	0.5290865384615384	0.5344951923076924	0.5317908653846154	!(needSemiColon)	_
com.google.javascript.jscomp.CodePrinter$MappedCodePrinter#char#getLastChar#?#208	0.523076923076923	0.5337740384615385	0.5284254807692308	((code.length() > 0) ? code.charAt(code.length() - 1) : '\0')> 0	_
com.google.javascript.jscomp.AstValidator#void#validateMinimumChildCount#?,Node,int#793	0.5258413461538461	0.5306490384615384	0.5282451923076923	i == 1	_
com.google.javascript.jscomp.AstValidator#void#validateMinimumChildCount#?,Node,int#801	0.5258413461538461	0.5258413461538461	0.5258413461538461	!(!valid)	_
com.google.javascript.rhino.Node#Node#cloneTree#?#1726	0.5228365384615384	0.5277644230769231	0.5253004807692307	!(result.first == null)	_
com.google.javascript.rhino.Node#Node#cloneTree#?#1723	0.5228365384615384	0.5277644230769231	0.5253004807692307	result.last != null	_
com.google.javascript.jscomp.CodeConsumer#void#add#?,String#200	0.5241586538461538	0.5241586538461538	0.5241586538461538	!(c == '"' && isWordChar(getLastChar()))	_
com.google.javascript.jscomp.CodeConsumer#void#add#?,String#193	0.5241586538461538	0.5241586538461538	0.5241586538461538	!(c == '/' && getLastChar() == '/')	_
com.google.javascript.jscomp.AstValidator#void#validateChildCount#?,Node,int#779	0.5009615384615385	0.5463942307692308	0.5236778846153847	i == 1	_
com.google.javascript.jscomp.CodeConsumer#void#add#?,String#188	0.5229567307692308	0.5241586538461538	0.5235576923076923	!((isWordChar(c) || c == '\\') && isWordChar(getLastChar()))	_
com.google.javascript.rhino.Node#Node#cloneTree#?#1720	0.5228365384615384	0.5228365384615384	0.5228365384615384	n2 != null	_
com.google.javascript.rhino.Node#boolean#hasChild#?,Node#1415	0.5216346153846154	0.5216346153846154	0.5216346153846154	n != null	_
com.google.javascript.rhino.Node#boolean#hasChild#?,Node#1416	0.5216346153846154	0.5216346153846154	0.5216346153846154	child == n	_
com.google.javascript.rhino.jstype.JSTypeRegistry#FunctionType#createFunctionType#?,JSType,boolean,JSType#1300	0.5213942307692307	0.5217548076923078	0.5215745192307693	lastVarArgs	_
com.google.javascript.rhino.Node#NodeMismatch#checkTreeEqualsImpl#?,Node#1452	0.5205528846153846	0.5205528846153846	0.5205528846153846	res == null && n != null	_
com.google.javascript.rhino.Node#NodeMismatch#checkTreeEqualsImpl#?,Node#1454	0.5205528846153846	0.5205528846153846	0.5205528846153846	!(node2 == null)	_
com.google.javascript.rhino.Node#String#getQualifiedName#?#1581	0.5195913461538462	0.5200721153846154	0.5198317307692308	!(left == null)	_
com.google.javascript.rhino.jstype.JSTypeRegistry#Node#createParameters#?,boolean,JSType#1282	0.5144230769230769	0.5198317307692308	0.5171274038461539	!(lastVarArgs && i == max)	_
com.google.javascript.jscomp.CodeGenerator#void#add#?,Node,Context#404	0.5057692307692307	0.5271634615384615	0.5164663461538461	preferLineBreaks	_
com.google.javascript.rhino.jstype.JSTypeRegistry#Node#createParameters#?,boolean,JSType#1281	0.5144230769230769	0.5144230769230769	0.5144230769230769	i <= max	_
com.google.javascript.jscomp.CodePrinter$CompactCodePrinter#void#endFile#?#523	0.510576923076923	0.510576923076923	0.510576923076923	!preferLineBreakAtEndOfFile	_
com.google.javascript.rhino.Node#boolean#isEquivalentTo#?,Node,boolean,boolean,boolean#1552	0.48786057692307694	0.5328125	0.5103365384615385	recur	_
com.google.javascript.jscomp.Scope#Var#getVar#?,String#532	0.46899038461538467	0.546514423076923	0.5077524038461538	parent != null	_
com.google.javascript.jscomp.CodePrinter#String#toSource#?,Node,Format,CompilerOptions,JSTypeRegistry,SourceMap,boolean#692	0.5039663461538462	0.5100961538461539	0.50703125	!(createSourceMap)	_
com.google.javascript.jscomp.CodePrinter$MappedCodePrinter#void#endSourceMapping#?,Node#115	0.5039663461538462	0.5092548076923077	0.5066105769230769	!(createSrcMap && !mappings.isEmpty() && mappings.peek().node == node)	_
com.google.javascript.jscomp.CodePrinter$MappedCodePrinter#void#startSourceMapping#?,Node#94	0.5039663461538462	0.5092548076923077	0.5066105769230769	!(createSrcMap && node.getSourceFileName() != null && node.getLineno() > 0 && sourceMapDetailLevel.apply(node))	_
com.google.javascript.jscomp.CodeGenerator#void#add#?,Node,Context#398	0.5057692307692307	0.5070913461538462	0.5064302884615385	!(c.isFunction())	_
com.google.javascript.jscomp.AstValidator#void#validateNonEmptyString#?,Node#328	0.5063701923076923	0.5063701923076923	0.5063701923076923	!(n.getString().isEmpty())	_
com.google.javascript.jscomp.AstValidator#void#validateNonNullString#?,Node#334	0.5061298076923078	0.5061298076923078	0.5061298076923078	!(n.getString() == null)	_
com.google.javascript.jscomp.CodeGenerator#void#add#?,Node,Context#390	0.5057692307692307	0.5057692307692307	0.5057692307692307	c != null	_
com.google.javascript.jscomp.AstValidator#void#validateCodeRoot#?,Node#79	0.5048076923076923	0.5048076923076923	0.5048076923076923	!(c != null)	_
com.google.javascript.jscomp.AstValidator#void#validateIsSynthetic#?,Node#294	0.5045673076923076	0.5045673076923076	0.5045673076923076	!(!n.getBooleanProp(Node.SYNTHETIC_BLOCK_PROP))	_
com.google.javascript.jscomp.CodeGenerator#void#add#?,Node,Context#376	0.5044471153846154	0.5044471153846154	0.5044471153846154	!(n.getClass() != Node.class)	_
com.google.javascript.jscomp.CodePrinter#String#toSource#?,Node,Format,CompilerOptions,JSTypeRegistry,SourceMap,boolean#683	0.5039663461538462	0.5043269230769231	0.5041466346153847	!(tagAsStrict)	_
com.google.javascript.jscomp.CodePrinter$MappedCodePrinter#?#MappedCodePrinter#?,int,boolean,SourceMap.DetailLevel#63	0.5039663461538462	0.5040865384615385	0.5040264423076923	this.lineLengthThreshold == lineLengthThreshold	_
com.google.javascript.jscomp.CodePrinter$Builder#String#build#?#635	0.5039663461538462	0.5039663461538462	0.5039663461538462	!(root == null)	_
com.google.javascript.jscomp.CodeGenerator#?#CodeGenerator#?,CodeConsumer,CompilerOptions#74	0.5039663461538462	0.5039663461538462	0.5039663461538462	outputCharset == null || outputCharset == Charsets.US_ASCII	_
com.google.javascript.jscomp.CodeGenerator#void#add#?,Node,Context#108	0.5038461538461538	0.5038461538461538	0.5038461538461538	!(!cc.continueProcessing())	_
com.google.javascript.jscomp.CodeGenerator#void#add#?,Node,Context#119	0.5038461538461538	0.5038461538461538	0.5038461538461538	!(opstr != null && first != last)	_
com.google.javascript.jscomp.parsing.IRFactory$TransformDispatcher#Node#processFunctionNode#?,FunctionNode#772	0.5022836538461539	0.5022836538461539	0.5022836538461539	!(functionType != FunctionNode.FUNCTION_EXPRESSION)	_
com.google.javascript.jscomp.AstValidator#void#validateChildCount#?,Node,int#777	0.5004807692307692	0.5034855769230769	0.5019831730769231	i == 0	_
com.google.javascript.jscomp.AstValidator#void#validateScript#?,Node#88	0.5012019230769231	0.5012019230769231	0.5012019230769231	c != null	_
com.google.javascript.jscomp.AstValidator#void#validateHasInputId#?,Node#308	0.500360576923077	0.5007211538461538	0.5005408653846154	!(inputId == null)	_
com.google.javascript.jscomp.AstValidator#void#validateHasSourceName#?,Node#301	0.500360576923077	0.5007211538461538	0.5005408653846154	!(sourceName == null || sourceName.isEmpty())	_
com.google.javascript.jscomp.AstValidator#void#validateChildCount#?,Node,int#784	0.5004807692307692	0.5004807692307692	0.5004807692307692	!(!valid)	_
com.google.javascript.jscomp.AstValidator#void#validateNodeType#?,int,Node#768	0.500360576923077	0.5004807692307692	0.5004206730769232	!(n.getType() != type)	_
com.google.javascript.rhino.Node#NodeMismatch#checkTreeEqualsImpl#?,Node#1459	0.9991586538461539	0.0	0.49957932692307694		_
com.google.javascript.rhino.Node#String#checkTreeEquals#?,Node#1430	0.9991586538461539	0.0	0.49957932692307694		_
com.google.javascript.jscomp.NameAnalyzer#void#replaceWithRhs#?,Node,Node#1724	0.9987980769230769	0.0	0.49939903846153844		_
com.google.javascript.jscomp.NameAnalyzer#void#replaceWithRhs#?,Node,Node#1723	0.9987980769230769	0.0	0.49939903846153844		_
com.google.javascript.jscomp.NameAnalyzer#void#replaceWithRhs#?,Node,Node#1722	0.9987980769230769	0.0	0.49939903846153844		_
com.google.javascript.rhino.Node#NodeMismatch#checkTreeEqualsImpl#?,Node#1446	0.9986778846153846	0.0	0.4993389423076923		_
com.google.javascript.rhino.Node$NodeMismatch#?#NodeMismatch#?,Node,Node#2195	0.9986778846153846	0.0	0.4993389423076923		_
com.google.javascript.rhino.Node$NodeMismatch#?#NodeMismatch#?,Node,Node#2196	0.9986778846153846	0.0	0.4993389423076923		_
com.google.javascript.rhino.Node#int#mergeLineCharNo#?,int,int#1195	0.4989182692307692	0.4989182692307692	0.4989182692307692	(-1)!= 0	_
com.google.javascript.jscomp.NameAnalyzer#List<NameInformation>#getEnclosingFunctionDependencyScope#?,NodeTraversal#1611	0.9977163461538462	0.0	0.4988581730769231		_
com.google.javascript.jscomp.NameAnalyzer#List<Node>#getRhsSubexpressions#?,Node#1864	0.9961538461538462	0.0	0.4980769230769231		_
com.google.javascript.jscomp.NameAnalyzer$FindReferences#void#maybeRecordReferenceOrAlias#?,NodeTraversal,Node,Node,NameInformation,NameInformation#950	0.9955528846153846	0.0	0.4977764423076923		_
com.google.javascript.jscomp.NameAnalyzer$FindReferences#void#maybeRecordReferenceOrAlias#?,NodeTraversal,Node,Node,NameInformation,NameInformation#949	0.9955528846153846	0.0	0.4977764423076923		_
com.google.javascript.jscomp.NameAnalyzer$JsNameRefNode#void#remove#?#330	0.9950721153846154	0.0	0.4975360576923077		_
com.google.javascript.jscomp.AstChangeProxy#void#replaceWith#?,Node,Node,Node#88	0.9941105769230769	0.0	0.49705528846153846		_
com.google.javascript.jscomp.NameAnalyzer#NameInformation#createNameInformation#?,NodeTraversal,Node#1498	0.9939903846153846	0.0	0.4969951923076923		_
com.google.javascript.jscomp.NameAnalyzer#List<NameInformation>#getEnclosingFunctionDependencyScope#?,NodeTraversal#1598	0.9936298076923077	0.0	0.49681490384615384		_
com.google.javascript.jscomp.NameAnalyzer#List<NameInformation>#getEnclosingFunctionDependencyScope#?,NodeTraversal#1591	0.9924278846153847	0.0	0.49621394230769234		_
com.google.javascript.rhino.jstype.FunctionType#void#setPrototypeBasedOn#?,ObjectType,Node#417	0.49459134615384615	0.49687499999999996	0.49573317307692305	baseType.hasReferenceName() || isNativeObjectType() || baseType.isFunctionPrototypeType()	_
com.google.javascript.jscomp.NameAnalyzer#boolean#isExternallyReferenceable#?,Scope,String#1554	0.9903846153846154	0.0	0.4951923076923077		_
com.google.javascript.jscomp.NameAnalyzer$JsNameRefNode#void#remove#?#332	0.9895432692307692	0.0	0.4947716346153846		_
com.google.javascript.jscomp.AstChangeProxy#void#replaceWith#?,Node,Node,List<Node>#119	0.9885817307692307	0.0	0.49429086538461536		_
com.google.javascript.jscomp.AstChangeProxy#void#replaceWith#?,Node,Node,List<Node>#121	0.9885817307692307	0.0	0.49429086538461536		_
com.google.javascript.jscomp.AstChangeProxy#void#replaceWith#?,Node,Node,List<Node>#120	0.9885817307692307	0.0	0.49429086538461536		_
com.google.javascript.jscomp.MarkNoSideEffectCalls$GatherNoSideEffectFunctions#void#visit#?,NodeTraversal,Node,Node#152	0.9870192307692308	0.0	0.4935096153846154		_
com.google.javascript.jscomp.NameAnalyzer$FindReferences#void#addSimplifiedExpression#?,Node,Node#799	0.9864182692307693	0.0	0.4932091346153846		_
com.google.javascript.jscomp.NameAnalyzer$FindDependencyScopes#void#visit#?,NodeTraversal,Node,Node#523	0.9855769230769231	0.0	0.49278846153846156		_
com.google.javascript.jscomp.NameAnalyzer$FindDependencyScopes#void#visit#?,NodeTraversal,Node,Node#521	0.9855769230769231	0.0	0.49278846153846156		_
com.google.javascript.jscomp.NameAnalyzer$FindDependencyScopes#void#visit#?,NodeTraversal,Node,Node#522	0.9855769230769231	0.0	0.49278846153846156		_
com.google.javascript.jscomp.NameAnalyzer$FindReferences#void#addSimplifiedExpression#?,Node,Node#797	0.9838942307692308	0.0	0.4919471153846154		_
com.google.javascript.jscomp.BasicErrorManager#int#getWarningCount#?#80	0.4712740384615385	0.5111778846153846	0.49122596153846154	(warningCount)== 0	_
com.google.javascript.jscomp.CodeGenerator#void#add#?,Node,Context#314	0.9819711538461539	0.0	0.4909855769230769		_
com.google.javascript.jscomp.CodeGenerator#void#add#?,Node,Context#325	0.9819711538461539	0.0	0.4909855769230769		_
com.google.javascript.jscomp.NameAnalyzer$JsNameRefNode#void#remove#?#321	0.979326923076923	0.0	0.4896634615384615		_
com.google.javascript.jscomp.NameAnalyzer$JsNameRefNode#void#remove#?#320	0.979326923076923	0.0	0.4896634615384615		_
com.google.javascript.jscomp.NameAnalyzer$JsNameRefNode#void#remove#?#322	0.979326923076923	0.0	0.4896634615384615		_
com.google.javascript.jscomp.NameAnalyzer$FindDependencyScopes#void#visit#?,NodeTraversal,Node,Node#512	0.979326923076923	0.0	0.4896634615384615		_
com.google.javascript.jscomp.NameAnalyzer$FindDependencyScopes#void#recordConsumers#?,NodeTraversal,Node,Node#532	0.979326923076923	0.0	0.4896634615384615		_
com.google.javascript.jscomp.NameAnalyzer$FindDependencyScopes#void#recordConsumers#?,NodeTraversal,Node,Node#531	0.979326923076923	0.0	0.4896634615384615		_
com.google.javascript.jscomp.NameAnalyzer#List<Node>#getRhsSubexpressions#?,Node#1881	0.979326923076923	0.0	0.4896634615384615		_
com.google.javascript.jscomp.NameAnalyzer#List<Node>#getRhsSubexpressions#?,Node#1877	0.979326923076923	0.0	0.4896634615384615		_
com.google.javascript.jscomp.NameAnalyzer#List<Node>#getRhsSubexpressions#?,Node#1879	0.979326923076923	0.0	0.4896634615384615		_
com.google.javascript.jscomp.NameAnalyzer#List<Node>#getRhsSubexpressions#?,Node#1878	0.979326923076923	0.0	0.4896634615384615		_
com.google.javascript.jscomp.NameAnalyzer#List<Node>#getRhsSubexpressions#?,Node#1860	0.979326923076923	0.0	0.4896634615384615		_
com.google.javascript.jscomp.GatherSideEffectSubexpressionsCallback#boolean#processFunctionCall#?,Node#338	0.9788461538461538	0.0	0.4894230769230769		_
com.google.javascript.jscomp.GatherSideEffectSubexpressionsCallback#boolean#processFunctionCall#?,Node#339	0.9788461538461538	0.0	0.4894230769230769		_
com.google.javascript.jscomp.NameAnalyzer#NameInformation#createNameInformation#?,NodeTraversal,Node#1455	0.9786057692307693	0.0	0.4893028846153846		_
com.google.javascript.jscomp.NameAnalyzer$JsNameRefNode#void#remove#?#318	0.9776442307692308	0.0	0.4888221153846154		_
com.google.javascript.jscomp.NameAnalyzer$JsNameRefNode#void#remove#?#317	0.9776442307692308	0.0	0.4888221153846154		_
com.google.javascript.jscomp.AstChangeProxy#void#replaceWith#?,Node,Node,List<Node>#95	0.9776442307692308	0.0	0.4888221153846154		_
com.google.javascript.jscomp.AstChangeProxy#void#replaceWith#?,Node,Node,List<Node>#97	0.9776442307692308	0.0	0.4888221153846154		_
com.google.javascript.jscomp.NameAnalyzer$RemoveListener#void#nodeRemoved#?,Node#1089	0.9776442307692308	0.0	0.4888221153846154		_
com.google.javascript.jscomp.NameAnalyzer#boolean#valueConsumedByParent#?,Node,Node#1804	0.9776442307692308	0.0	0.4888221153846154		_
com.google.javascript.jscomp.NameAnalyzer#boolean#valueConsumedByParent#?,Node,Node#1820	0.9776442307692308	0.0	0.4888221153846154		_
com.google.javascript.jscomp.AstChangeProxy#void#notifyOfRemoval#?,Node#71	0.9776442307692308	0.0	0.4888221153846154		_
com.google.javascript.jscomp.AstChangeProxy#void#notifyOfRemoval#?,Node#70	0.9776442307692308	0.0	0.4888221153846154		_
com.google.javascript.jscomp.NameAnalyzer#List<Node>#getRhsSubexpressions#?,Node#1850	0.9776442307692308	0.0	0.4888221153846154		_
com.google.javascript.jscomp.NameAnalyzer#void#replaceWithRhs#?,Node,Node#1726	0.9776442307692308	0.0	0.4888221153846154		_
com.google.javascript.jscomp.NameAnalyzer#void#replaceTopLevelExpressionWithRhs#?,Node,Node#1765	0.9776442307692308	0.0	0.4888221153846154		_
com.google.javascript.jscomp.NameAnalyzer#void#replaceTopLevelExpressionWithRhs#?,Node,Node#1752	0.9776442307692308	0.0	0.4888221153846154		_
com.google.javascript.jscomp.NameAnalyzer#void#replaceTopLevelExpressionWithRhs#?,Node,Node#1748	0.9776442307692308	0.0	0.4888221153846154		_
com.google.javascript.jscomp.NameAnalyzer#void#replaceTopLevelExpressionWithRhs#?,Node,Node#1741	0.9776442307692308	0.0	0.4888221153846154		_
com.google.javascript.jscomp.NameAnalyzer#void#replaceTopLevelExpressionWithRhs#?,Node,Node#1736	0.9776442307692308	0.0	0.4888221153846154		_
com.google.javascript.jscomp.NameAnalyzer#void#replaceTopLevelExpressionWithRhs#?,Node,Node#1781	0.9776442307692308	0.0	0.4888221153846154		_
com.google.javascript.jscomp.AstChangeProxy#void#replaceWith#?,Node,Node,List<Node>#104	0.9776442307692308	0.0	0.4888221153846154		_
com.google.javascript.jscomp.AstChangeProxy#void#replaceWith#?,Node,Node,List<Node>#106	0.9776442307692308	0.0	0.4888221153846154		_
com.google.javascript.jscomp.AstChangeProxy#void#replaceWith#?,Node,Node,List<Node>#123	0.9776442307692308	0.0	0.4888221153846154		_
com.google.javascript.jscomp.NameAnalyzer#void#removeUnreferenced#?#1202	0.9776442307692308	0.0	0.4888221153846154		_
com.google.javascript.jscomp.AstChangeProxy#void#replaceWith#?,Node,Node,List<Node>#125	0.9776442307692308	0.0	0.4888221153846154		_
com.google.javascript.jscomp.NameAnalyzer$FindReferences#void#maybeRecordReferenceOrAlias#?,NodeTraversal,Node,Node,NameInformation,NameInformation#940	0.9775240384615385	0.0	0.48876201923076923		_
com.google.javascript.jscomp.GatherSideEffectSubexpressionsCallback#boolean#processFunctionCall#?,Node#321	0.9769230769230769	0.0	0.48846153846153845		_
com.google.javascript.jscomp.GatherSideEffectSubexpressionsCallback#boolean#processFunctionCall#?,Node#326	0.9769230769230769	0.0	0.48846153846153845		_
com.google.javascript.jscomp.GatherSideEffectSubexpressionsCallback#boolean#shouldTraverse#?,NodeTraversal,Node,Node#258	0.9769230769230769	0.0	0.48846153846153845		_
com.google.javascript.jscomp.NameAnalyzer#NameInformation#createNameInformation#?,NodeTraversal,Node#1445	0.9764423076923077	0.0	0.48822115384615383		_
com.google.javascript.jscomp.NameAnalyzer#NameInformation#createNameInformation#?,NodeTraversal,Node#1446	0.9764423076923077	0.0	0.48822115384615383		_
com.google.javascript.rhino.Node#boolean#isEquivalentTo#?,Node,boolean,boolean,boolean#1526	0.48762019230769227	0.4877403846153846	0.48768028846153844	!(type == Token.INC || type == Token.DEC)	_
com.google.javascript.jscomp.NameAnalyzer$NodeAccumulator#void#keepSubTree#?,Node#1057	0.9753605769230769	0.0	0.48768028846153844		_
com.google.javascript.rhino.Node#boolean#isEquivalentTo#?,Node,boolean,boolean,boolean#1522	0.4873798076923077	0.48762019230769227	0.4875	!(compareJsType && !JSType.isEquivalent(jsType,node.getJSType()))	_
com.google.javascript.jscomp.NameAnalyzer$FindDependencyScopes#void#recordAssignment#?,NodeTraversal,Node,Node#585	0.9748798076923076	0.0	0.4874399038461538		_
com.google.javascript.jscomp.NameAnalyzer$FindDeclarationsAndSetters#void#visit#?,NodeTraversal,Node,Node#666	0.9748798076923076	0.0	0.4874399038461538		_
com.google.javascript.jscomp.NameAnalyzer$FindDeclarationsAndSetters#void#visit#?,NodeTraversal,Node,Node#670	0.9746394230769231	0.0	0.48731971153846154		_
com.google.javascript.jscomp.NameAnalyzer$FindDeclarationsAndSetters#void#visit#?,NodeTraversal,Node,Node#671	0.9746394230769231	0.0	0.48731971153846154		_
com.google.javascript.jscomp.NameAnalyzer$FindDependencyScopes#void#visit#?,NodeTraversal,Node,Node#506	0.9739182692307692	0.0	0.4869591346153846		_
com.google.javascript.jscomp.NameAnalyzer$FindReferences#void#maybeRecordReferenceOrAlias#?,NodeTraversal,Node,Node,NameInformation,NameInformation#946	0.9734375	0.0	0.48671875		_
com.google.javascript.jscomp.NameAnalyzer#List<NameInformation>#getEnclosingFunctionDependencyScope#?,NodeTraversal#1586	0.9734375	0.0	0.48671875		_
com.google.javascript.jscomp.NameAnalyzer$FindDependencyScopes#void#visit#?,NodeTraversal,Node,Node#510	0.9721153846153846	0.0	0.4860576923076923		_
com.google.javascript.jscomp.NodeUtil#boolean#isImmutableResult#?,Node#1298	0.9721153846153846	0.0	0.4860576923076923		_
com.google.javascript.jscomp.NodeUtil#boolean#evaluatesToLocalValue#?,Node,Predicate<Node>#3012	0.9721153846153846	0.0	0.4860576923076923		_
com.google.javascript.jscomp.NameAnalyzer$FindDependencyScopes#void#recordAssignment#?,NodeTraversal,Node,Node#560	0.9721153846153846	0.0	0.4860576923076923		_
com.google.javascript.jscomp.NameAnalyzer$FindDependencyScopes#void#recordAssignment#?,NodeTraversal,Node,Node#561	0.9721153846153846	0.0	0.4860576923076923		_
com.google.javascript.jscomp.NameAnalyzer$FindDependencyScopes#void#recordAssignment#?,NodeTraversal,Node,Node#559	0.9721153846153846	0.0	0.4860576923076923		_
com.google.javascript.rhino.Node#String#getQualifiedName#?#1576	0.4580528846153846	0.5133413461538461	0.48569711538461535	!(type == Token.NAME)	_
com.google.javascript.jscomp.NameAnalyzer#NameInformation#createNameInformation#?,String,Scope,Node#1521	0.9707932692307693	0.0	0.4853966346153846		_
com.google.javascript.jscomp.NameAnalyzer$FindReferences#void#visit#?,NodeTraversal,Node,Node#862	0.9701923076923077	0.0	0.48509615384615384		_
com.google.javascript.jscomp.NameAnalyzer$ReferencePropagationCallback#boolean#traverseEdge#?,JsName,RefType,JsName#180	0.9700721153846154	0.0	0.4850360576923077		_
com.google.javascript.jscomp.NameAnalyzer$FindDeclarationsAndSetters#void#visit#?,NodeTraversal,Node,Node#659	0.9683894230769231	0.0	0.48419471153846155		_
com.google.javascript.jscomp.NameAnalyzer$FindDeclarationsAndSetters#void#visit#?,NodeTraversal,Node,Node#661	0.9683894230769231	0.0	0.48419471153846155		_
com.google.javascript.jscomp.NodeUtil#boolean#allResultsMatch#?,Node,Predicate<Node>#1320	0.9677884615384615	0.0	0.48389423076923077		_
com.google.javascript.jscomp.NodeUtil#boolean#allResultsMatch#?,Node,Predicate<Node>#1306	0.9677884615384615	0.0	0.48389423076923077		_
com.google.javascript.jscomp.NameAnalyzer$FindReferences#void#addAllChildren#?,Node#771	0.9675480769230769	0.0	0.48377403846153844		_
com.google.javascript.jscomp.NameAnalyzer#void#recordReference#?,String,String,RefType#1180	0.9674278846153846	0.0	0.4837139423076923		_
com.google.javascript.jscomp.MarkNoSideEffectCalls$SetNoSideEffectCallProperty#void#visit#?,NodeTraversal,Node,Node#182	0.9649038461538462	0.0	0.4824519230769231		_
com.google.javascript.jscomp.NameAnalyzer$FindReferences#void#addAllChildren#?,Node#767	0.9641826923076923	0.0	0.48209134615384613		_
com.google.javascript.jscomp.NameAnalyzer$FindReferences#void#recordAliases#?,List<NameInformation>#980	0.9632211538461538	0.0	0.4816105769230769		_
com.google.javascript.jscomp.NameAnalyzer#List<NameInformation>#getDependencyScope#?,Node#1571	0.9632211538461538	0.0	0.4816105769230769		_
com.google.javascript.jscomp.NameAnalyzer$FindReferences#void#maybeRecordReferenceOrAlias#?,NodeTraversal,Node,Node,NameInformation,NameInformation#913	0.9632211538461538	0.0	0.4816105769230769		_
com.google.javascript.jscomp.NameAnalyzer$FindReferences#void#visit#?,NodeTraversal,Node,Node#901	0.9632211538461538	0.0	0.4816105769230769		_
com.google.javascript.jscomp.NameAnalyzer$FindReferences#void#visit#?,NodeTraversal,Node,Node#902	0.9632211538461538	0.0	0.4816105769230769		_
com.google.javascript.jscomp.NameAnalyzer$FindReferences#void#visit#?,NodeTraversal,Node,Node#904	0.9632211538461538	0.0	0.4816105769230769		_
com.google.javascript.jscomp.NameAnalyzer$FindDependencyScopes#void#visit#?,NodeTraversal,Node,Node#515	0.9625	0.0	0.48125		_
com.google.javascript.jscomp.NameAnalyzer$FindDependencyScopes#void#visit#?,NodeTraversal,Node,Node#516	0.9625	0.0	0.48125		_
com.google.javascript.jscomp.NameAnalyzer$HoistVariableAndFunctionDeclarations#void#visit#?,NodeTraversal,Node,Node#611	0.9625	0.0	0.48125		_
com.google.javascript.jscomp.NameAnalyzer$HoistVariableAndFunctionDeclarations#void#visit#?,NodeTraversal,Node,Node#612	0.9625	0.0	0.48125		_
com.google.javascript.jscomp.NameAnalyzer$HoistVariableAndFunctionDeclarations#void#visit#?,NodeTraversal,Node,Node#613	0.9625	0.0	0.48125		_
com.google.javascript.jscomp.NameAnalyzer$FindDeclarationsAndSetters#void#visit#?,NodeTraversal,Node,Node#639	0.9625	0.0	0.48125		_
com.google.javascript.jscomp.NameAnalyzer$FindDeclarationsAndSetters#void#visit#?,NodeTraversal,Node,Node#641	0.9625	0.0	0.48125		_
com.google.javascript.jscomp.NameAnalyzer$FindDeclarationsAndSetters#void#visit#?,NodeTraversal,Node,Node#640	0.9625	0.0	0.48125		_
com.google.javascript.jscomp.Compiler#Node#parseInputs#?#1381	0.47487980769230764	0.4870192307692308	0.48094951923076923	!(staleInputs)	_
com.google.javascript.jscomp.NameAnalyzer$FindReferences#void#addSimplifiedExpression#?,Node,Node#784	0.9615384615384616	0.0	0.4807692307692308		_
com.google.javascript.jscomp.NameAnalyzer$FindReferences#void#maybeRecordReferenceOrAlias#?,NodeTraversal,Node,Node,NameInformation,NameInformation#942	0.9611778846153847	0.0	0.48058894230769234		_
com.google.javascript.jscomp.Compiler#Node#parseInputs#?#1348	0.4740384615384615	0.48713942307692304	0.4805889423076923	!(options.dependencyOptions.needsManagement())	_
com.google.javascript.jscomp.Compiler#void#hoistExterns#?,Node#1432	0.4740384615384615	0.48713942307692304	0.4805889423076923	!(options.dependencyOptions.needsManagement())	_
com.google.javascript.jscomp.NodeTraversal#Node#getEnclosingFunction#?#586	0.9606971153846153	0.0	0.48034855769230766		_
com.google.javascript.jscomp.NameAnalyzer$FindReferences#boolean#maybeHiddenAlias#?,Node#1003	0.9600961538461539	0.0	0.48004807692307694		_
com.google.javascript.jscomp.NameAnalyzer#void#process#?,Node,Node#1132	0.9598557692307692	0.0	0.4799278846153846		_
com.google.javascript.jscomp.NameAnalyzer#void#recordReference#?,String,String,RefType#1188	0.9598557692307692	0.0	0.4799278846153846		_
com.google.javascript.jscomp.NameAnalyzer#void#recordReference#?,String,String,RefType#1186	0.9598557692307692	0.0	0.4799278846153846		_
com.google.javascript.jscomp.NameAnalyzer#void#recordReference#?,String,String,RefType#1183	0.9598557692307692	0.0	0.4799278846153846		_
com.google.javascript.jscomp.NameAnalyzer#void#recordReference#?,String,String,RefType#1185	0.9598557692307692	0.0	0.4799278846153846		_
com.google.javascript.jscomp.NameAnalyzer#void#recordReference#?,String,String,RefType#1184	0.9598557692307692	0.0	0.4799278846153846		_
com.google.javascript.jscomp.Compiler#Node#parseInputs#?#1401	0.47487980769230764	0.4847355769230769	0.47980769230769227	!(options.sourceMapOutputPath != null || options.nameReferenceReportPath != null || options.isExternExportsEnabled() || options.externExportsPath != null)	_
com.google.javascript.jscomp.NameAnalyzer$FindReferences#boolean#maybeHiddenAlias#?,Node#998	0.959375	0.0	0.4796875		_
com.google.javascript.jscomp.NameAnalyzer$FindReferences#boolean#maybeHiddenAlias#?,Node#1000	0.959375	0.0	0.4796875		_
com.google.javascript.jscomp.NameAnalyzer#List<NameInformation>#getDependencyScope#?,Node#1575	0.9588942307692307	0.0	0.4794471153846154		_
com.google.javascript.jscomp.NameAnalyzer$FindReferences#void#visit#?,NodeTraversal,Node,Node#899	0.9588942307692307	0.0	0.4794471153846154		_
com.google.javascript.jscomp.NameAnalyzer$FindDeclarationsAndSetters#void#recordSet#?,String,Node#689	0.9573317307692307	0.0	0.47866586538461536		_
com.google.javascript.jscomp.NameAnalyzer$FindDeclarationsAndSetters#void#recordSet#?,String,Node#688	0.9573317307692307	0.0	0.47866586538461536		_
com.google.javascript.jscomp.NameAnalyzer$FindDeclarationsAndSetters#void#recordSet#?,String,Node#687	0.9573317307692307	0.0	0.47866586538461536		_
com.google.javascript.jscomp.NameAnalyzer$JsNameRefNode#?#JsNameRefNode#?,JsName,Node#305	0.9572115384615385	0.0	0.47860576923076925		_
com.google.javascript.jscomp.NameAnalyzer$JsNameRefNode#?#JsNameRefNode#?,JsName,Node#304	0.9572115384615385	0.0	0.47860576923076925		_
com.google.javascript.jscomp.NameAnalyzer$JsNameRefNode#?#JsNameRefNode#?,JsName,Node#303	0.9572115384615385	0.0	0.47860576923076925		_
com.google.javascript.jscomp.NameAnalyzer$FindDependencyScopes#void#recordDepScope#?,Node,NameInformation#595	0.9572115384615385	0.0	0.47860576923076925		_
com.google.javascript.jscomp.NameAnalyzer$FindDependencyScopes#void#recordDepScope#?,Node,NameInformation#594	0.9572115384615385	0.0	0.47860576923076925		_
com.google.javascript.jscomp.NameAnalyzer$JsNameRefNode#JsName#name#?#310	0.9572115384615385	0.0	0.47860576923076925		_
com.google.javascript.jscomp.NameAnalyzer#void#removeUnreferenced#?#1199	0.9572115384615385	0.0	0.47860576923076925		_
com.google.javascript.jscomp.NameAnalyzer#void#removeUnreferenced#?#1200	0.9572115384615385	0.0	0.47860576923076925		_
com.google.javascript.jscomp.NameAnalyzer#boolean#isExternallyReferenceable#?,Scope,String#1558	0.9568509615384615	0.0	0.47842548076923075		_
com.google.javascript.jscomp.NameAnalyzer$FindReferences#void#addSimplifiedChildren#?,Node#776	0.9564903846153846	0.0	0.4782451923076923		_
com.google.javascript.jscomp.NameAnalyzer#List<NameInformation>#getDependencyScope#?,Node#1569	0.95625	0.0	0.478125		_
com.google.javascript.jscomp.NameAnalyzer#List<NameInformation>#getDependencyScope#?,Node#1568	0.95625	0.0	0.478125		_
com.google.javascript.jscomp.NameAnalyzer$FindReferences#void#maybeRecordReferenceOrAlias#?,NodeTraversal,Node,Node,NameInformation,NameInformation#918	0.95625	0.0	0.478125		_
com.google.javascript.jscomp.NameAnalyzer$FindReferences#void#maybeRecordReferenceOrAlias#?,NodeTraversal,Node,Node,NameInformation,NameInformation#911	0.95625	0.0	0.478125		_
com.google.javascript.jscomp.NameAnalyzer$FindReferences#void#visit#?,NodeTraversal,Node,Node#897	0.95625	0.0	0.478125		_
com.google.javascript.jscomp.NameAnalyzer$FindReferences#boolean#maybeHiddenAlias#?,Node#996	0.95625	0.0	0.478125		_
com.google.javascript.rhino.Node#boolean#isInstanceOf#?#2338	0.9561298076923077	0.0	0.47806490384615385		_
com.google.javascript.jscomp.NameAnalyzer$ProcessExternals#void#visit#?,NodeTraversal,Node,Node#469	0.9561298076923077	0.0	0.47806490384615385		_
com.google.javascript.jscomp.NodeUtil#boolean#functionCallHasSideEffects#?,Node#990	0.9560096153846154	0.0	0.4780048076923077		_
com.google.javascript.jscomp.GatherSideEffectSubexpressionsCallback#?#GatherSideEffectSubexpressionsCallback#?,AbstractCompiler,SideEffectAccumulator#202	0.955889423076923	0.0	0.4779447115384615		_
com.google.javascript.jscomp.GatherSideEffectSubexpressionsCallback#?#GatherSideEffectSubexpressionsCallback#?,AbstractCompiler,SideEffectAccumulator#201	0.955889423076923	0.0	0.4779447115384615		_
com.google.javascript.jscomp.NameAnalyzer$FindReferences#boolean#shouldTraverse#?,NodeTraversal,Node,Node#833	0.955889423076923	0.0	0.4779447115384615		_
com.google.javascript.jscomp.NameAnalyzer$FindReferences#void#visit#?,NodeTraversal,Node,Node#859	0.9557692307692308	0.0	0.4778846153846154		_
com.google.javascript.jscomp.NameAnalyzer#NameInformation#createNameInformation#?,NodeTraversal,Node#1438	0.9556490384615385	0.0	0.47782451923076924		_
com.google.javascript.jscomp.NameAnalyzer#NameInformation#createNameInformation#?,NodeTraversal,Node#1465	0.9556490384615385	0.0	0.47782451923076924		_
com.google.javascript.jscomp.NameAnalyzer#NameInformation#createNameInformation#?,NodeTraversal,Node#1483	0.9556490384615385	0.0	0.47782451923076924		_
com.google.javascript.jscomp.AstChangeProxy#void#unregisterListener#?,ChangeListener#63	0.9556490384615385	0.0	0.47782451923076924		_
com.google.javascript.jscomp.NameAnalyzer#NameInformation#createNameInformation#?,NodeTraversal,Node#1406	0.9556490384615385	0.0	0.47782451923076924		_
com.google.javascript.jscomp.NameAnalyzer#NameInformation#createNameInformation#?,NodeTraversal,Node#1407	0.9556490384615385	0.0	0.47782451923076924		_
com.google.javascript.jscomp.NameAnalyzer#NameInformation#createNameInformation#?,NodeTraversal,Node#1408	0.9556490384615385	0.0	0.47782451923076924		_
com.google.javascript.jscomp.NameAnalyzer#NameInformation#createNameInformation#?,NodeTraversal,Node#1402	0.9556490384615385	0.0	0.47782451923076924		_
com.google.javascript.jscomp.NameAnalyzer#NameInformation#createNameInformation#?,NodeTraversal,Node#1405	0.9556490384615385	0.0	0.47782451923076924		_
com.google.javascript.jscomp.NameAnalyzer#void#process#?,Node,Node#1129	0.9556490384615385	0.0	0.47782451923076924		_
com.google.javascript.jscomp.NameAnalyzer#?#NameAnalyzer#?,AbstractCompiler,boolean#1108	0.9556490384615385	0.0	0.47782451923076924		_
com.google.javascript.jscomp.NameAnalyzer#?#NameAnalyzer#?,AbstractCompiler,boolean#1109	0.9556490384615385	0.0	0.47782451923076924		_
com.google.javascript.jscomp.NameAnalyzer#?#NameAnalyzer#?,AbstractCompiler,boolean#1106	0.9556490384615385	0.0	0.47782451923076924		_
com.google.javascript.jscomp.NameAnalyzer#?#NameAnalyzer#?,AbstractCompiler,boolean#1107	0.9556490384615385	0.0	0.47782451923076924		_
com.google.javascript.jscomp.NameAnalyzer#void#process#?,Node,Node#1115	0.9556490384615385	0.0	0.47782451923076924		_
com.google.javascript.jscomp.NameAnalyzer#void#process#?,Node,Node#1114	0.9556490384615385	0.0	0.47782451923076924		_
com.google.javascript.jscomp.NameAnalyzer#void#process#?,Node,Node#1116	0.9556490384615385	0.0	0.47782451923076924		_
com.google.javascript.jscomp.NameAnalyzer#void#process#?,Node,Node#1118	0.9556490384615385	0.0	0.47782451923076924		_
com.google.javascript.jscomp.NameAnalyzer#void#process#?,Node,Node#1119	0.9556490384615385	0.0	0.47782451923076924		_
com.google.javascript.jscomp.NameAnalyzer#void#process#?,Node,Node#1127	0.9556490384615385	0.0	0.47782451923076924		_
com.google.javascript.jscomp.NameAnalyzer#void#process#?,Node,Node#1123	0.9556490384615385	0.0	0.47782451923076924		_
com.google.javascript.jscomp.AstChangeProxy#void#registerListener#?,ChangeListener#56	0.9556490384615385	0.0	0.47782451923076924		_
com.google.javascript.jscomp.AstChangeProxy#?#AstChangeProxy#?#49	0.9556490384615385	0.0	0.47782451923076924		_
com.google.javascript.jscomp.NameAnalyzer#void#calculateReferences#?#1624	0.9556490384615385	0.0	0.47782451923076924		_
com.google.javascript.jscomp.NameAnalyzer#void#calculateReferences#?#1623	0.9556490384615385	0.0	0.47782451923076924		_
com.google.javascript.jscomp.NameAnalyzer#void#calculateReferences#?#1625	0.9556490384615385	0.0	0.47782451923076924		_
com.google.javascript.jscomp.NameAnalyzer#void#calculateReferences#?#1622	0.9556490384615385	0.0	0.47782451923076924		_
com.google.javascript.jscomp.NameAnalyzer#void#calculateReferences#?#1628	0.9556490384615385	0.0	0.47782451923076924		_
com.google.javascript.jscomp.NameAnalyzer$FindReferences#?#FindReferences#?#763	0.9556490384615385	0.0	0.47782451923076924		_
com.google.javascript.jscomp.NameAnalyzer#void#createName#?,String#1325	0.9556490384615385	0.0	0.47782451923076924		_
com.google.javascript.jscomp.NameAnalyzer#void#createName#?,String#1324	0.9556490384615385	0.0	0.47782451923076924		_
com.google.javascript.jscomp.NameAnalyzer#void#createName#?,String#1323	0.9556490384615385	0.0	0.47782451923076924		_
com.google.javascript.jscomp.NameAnalyzer#void#createName#?,String#1321	0.9556490384615385	0.0	0.47782451923076924		_
com.google.javascript.rhino.Node#boolean#isWith#?#2446	0.9556490384615385	0.0	0.47782451923076924		_
com.google.javascript.jscomp.NameAnalyzer$FindReferences#void#visit#?,NodeTraversal,Node,Node#856	0.9556490384615385	0.0	0.47782451923076924		_
com.google.javascript.jscomp.NameAnalyzer#void#referenceParentNames#?#1376	0.9556490384615385	0.0	0.47782451923076924		_
com.google.javascript.jscomp.NameAnalyzer#void#referenceParentNames#?#1375	0.9556490384615385	0.0	0.47782451923076924		_
com.google.javascript.jscomp.NameAnalyzer#void#referenceParentNames#?#1374	0.9556490384615385	0.0	0.47782451923076924		_
com.google.javascript.jscomp.NameAnalyzer#void#referenceParentNames#?#1372	0.9556490384615385	0.0	0.47782451923076924		_
com.google.javascript.jscomp.NameAnalyzer#boolean#isExternallyReferenceable#?,Scope,String#1561	0.9556490384615385	0.0	0.47782451923076924		_
com.google.javascript.jscomp.NameAnalyzer#boolean#isExternallyReferenceable#?,Scope,String#1556	0.9556490384615385	0.0	0.47782451923076924		_
com.google.javascript.jscomp.NameAnalyzer#void#removeUnreferenced#?#1197	0.9556490384615385	0.0	0.47782451923076924		_
com.google.javascript.jscomp.NameAnalyzer#void#removeUnreferenced#?#1196	0.9556490384615385	0.0	0.47782451923076924		_
com.google.javascript.jscomp.NameAnalyzer$ProcessExternals#void#visit#?,NodeTraversal,Node,Node#467	0.9556490384615385	0.0	0.47782451923076924		_
com.google.javascript.jscomp.NameAnalyzer$ProcessExternals#void#visit#?,NodeTraversal,Node,Node#476	0.9556490384615385	0.0	0.47782451923076924		_
com.google.javascript.jscomp.NameAnalyzer$ProcessExternals#void#visit#?,NodeTraversal,Node,Node#475	0.9556490384615385	0.0	0.47782451923076924		_
com.google.javascript.jscomp.NameAnalyzer$ProcessExternals#void#visit#?,NodeTraversal,Node,Node#474	0.9556490384615385	0.0	0.47782451923076924		_
com.google.javascript.jscomp.NameAnalyzer#void#removeUnreferenced#?#1206	0.9556490384615385	0.0	0.47782451923076924		_
com.google.javascript.jscomp.NameAnalyzer#JsName#getName#?,String,boolean#1309	0.9556490384615385	0.0	0.47782451923076924		_
com.google.javascript.jscomp.NameAnalyzer#JsName#getName#?,String,boolean#1311	0.9556490384615385	0.0	0.47782451923076924		_
com.google.javascript.jscomp.NameAnalyzer$FindReferences#boolean#shouldTraverse#?,NodeTraversal,Node,Node#849	0.9556490384615385	0.0	0.47782451923076924		_
com.google.javascript.jscomp.NameAnalyzer$FindReferences#boolean#shouldTraverse#?,NodeTraversal,Node,Node#806	0.9556490384615385	0.0	0.47782451923076924		_
com.google.javascript.jscomp.NameAnalyzer#NameInformation#createNameInformation#?,String,Scope,Node#1516	0.9556490384615385	0.0	0.47782451923076924		_
com.google.javascript.jscomp.NameAnalyzer#NameInformation#createNameInformation#?,String,Scope,Node#1515	0.9556490384615385	0.0	0.47782451923076924		_
com.google.javascript.jscomp.NameAnalyzer#NameInformation#createNameInformation#?,String,Scope,Node#1518	0.9556490384615385	0.0	0.47782451923076924		_
com.google.javascript.jscomp.NameAnalyzer#NameInformation#createNameInformation#?,String,Scope,Node#1517	0.9556490384615385	0.0	0.47782451923076924		_
com.google.javascript.jscomp.NameAnalyzer#NameInformation#createNameInformation#?,String,Scope,Node#1524	0.9556490384615385	0.0	0.47782451923076924		_
com.google.javascript.jscomp.NameAnalyzer#NameInformation#createNameInformation#?,String,Scope,Node#1527	0.9556490384615385	0.0	0.47782451923076924		_
com.google.javascript.jscomp.NameAnalyzer#NameInformation#createNameInformation#?,String,Scope,Node#1538	0.9556490384615385	0.0	0.47782451923076924		_
com.google.javascript.jscomp.NameAnalyzer#NameInformation#createNameInformation#?,String,Scope,Node#1535	0.9556490384615385	0.0	0.47782451923076924		_
com.google.javascript.jscomp.NameAnalyzer#NameInformation#createNameInformation#?,String,Scope,Node#1536	0.9556490384615385	0.0	0.47782451923076924		_
com.google.javascript.rhino.Node#boolean#isSwitch#?#2410	0.9552884615384616	0.0	0.4776442307692308		_
com.google.javascript.rhino.Node#boolean#isWhile#?#2442	0.9545673076923077	0.0	0.47728365384615384		_
com.google.javascript.jscomp.Compiler#Node#parseInputs#?#1333	0.47704326923076923	0.47704326923076923	0.47704326923076923	!(hasErrors())	_
com.google.javascript.jscomp.Normalize$NormalizeStatements#void#splitVarDeclarations#?,Node#637	0.9525240384615384	0.0	0.4762620192307692		_
com.google.javascript.jscomp.Normalize$NormalizeStatements#void#splitVarDeclarations#?,Node#636	0.9525240384615384	0.0	0.4762620192307692		_
com.google.javascript.jscomp.Normalize$NormalizeStatements#void#splitVarDeclarations#?,Node#635	0.9525240384615384	0.0	0.4762620192307692		_
com.google.javascript.jscomp.Normalize$NormalizeStatements#void#splitVarDeclarations#?,Node#634	0.9525240384615384	0.0	0.4762620192307692		_
com.google.javascript.jscomp.Normalize$NormalizeStatements#void#splitVarDeclarations#?,Node#633	0.9525240384615384	0.0	0.4762620192307692		_
com.google.javascript.jscomp.SimpleDefinitionFinder#String#getSimplifiedName#?,Node#142	0.9520432692307692	0.0	0.4760216346153846		_
com.google.javascript.jscomp.Compiler#void#hoistExterns#?,Node#1448	0.4754807692307692	0.4754807692307692	0.4754807692307692	!(info != null && info.isExterns())	_
com.google.javascript.jscomp.Compiler#void#hoistExterns#?,Node#1443	0.4754807692307692	0.4754807692307692	0.4754807692307692	!(n == null)	_
com.google.javascript.jscomp.Compiler#Node#parseInputs#?#1417	0.47487980769230764	0.47524038461538465	0.47506009615384615	!(hasErrors())	_
com.google.javascript.jscomp.Compiler#void#hoistNoCompileFiles#?#1476	0.47487980769230764	0.47487980769230764	0.47487980769230764	!(n == null)	_
com.google.javascript.jscomp.Compiler#void#hoistNoCompileFiles#?#1481	0.47487980769230764	0.47487980769230764	0.47487980769230764	!(info != null && info.isNoCompile())	_
com.google.javascript.jscomp.Compiler#void#hoistNoCompileFiles#?#1487	0.47487980769230764	0.47487980769230764	0.47487980769230764	!(staleInputs)	_
com.google.javascript.jscomp.Compiler#Node#parseInputs#?#1388	0.47487980769230764	0.47487980769230764	0.47487980769230764	!(n == null)	_
com.google.javascript.jscomp.Compiler#Node#parseInputs#?#1392	0.47487980769230764	0.47487980769230764	0.47487980769230764	!(devMode)	_
com.google.javascript.jscomp.Compiler#Node#parseInputs#?#1340	0.4740384615384615	0.47487980769230764	0.4744591346153846	!(options.transformAMDToCJSModules || options.processCommonJSModules)	_
com.google.javascript.jscomp.Compiler#void#hoistExterns#?,Node#1462	0.4740384615384615	0.4740384615384615	0.4740384615384615	!(staleInputs)	_
com.google.javascript.jscomp.Compiler#Node#parseInputs#?#1322	0.4740384615384615	0.4740384615384615	0.4740384615384615	!(options.tracer.isOn())	_
com.google.javascript.jscomp.Compiler#Node#parseInputs#?#1305	0.4740384615384615	0.4740384615384615	0.4740384615384615	!(externsRoot != null)	_
com.google.javascript.jscomp.Compiler#Node#parseInputs#?#1308	0.4740384615384615	0.4740384615384615	0.4740384615384615	!(jsRoot != null)	_
com.google.javascript.jscomp.Compiler#Tracer#newTracer#?,String#967	0.4740384615384615	0.4740384615384615	0.4740384615384615	!(options.tracer.isOn())	_
com.google.javascript.jscomp.Compiler#void#stopTracer#?,Tracer,String#975	0.4740384615384615	0.4740384615384615	0.4740384615384615	!(options.tracer.isOn())	_
com.google.javascript.rhino.IR#boolean#mayBeStatement#?,Node#539	0.4736778846153846	0.4736778846153846	0.4736778846153846	!(!mayBeStatementNoReturn(n))	_
com.google.javascript.jscomp.NodeUtil#JSDocInfo#getBestJSDocInfo#?,Node#3103	0.45516826923076925	0.49206730769230766	0.47361778846153846	parent.isVar() && parent.hasOneChild()	_
com.google.javascript.jscomp.Tracer#long#stop#?#441	0.47271634615384617	0.47271634615384617	0.47271634615384617	(stop(-1))<= 0	_
com.google.javascript.jscomp.Tracer#long#stop#?,int#413	0.47271634615384617	0.47271634615384617	0.47271634615384617	(0)<= 0	_
com.google.javascript.jscomp.Tracer#long#stop#?,int#412	0.47271634615384617	0.47271634615384617	0.47271634615384617	!trace.isInitialized()	_
com.google.javascript.jscomp.Tracer#ThreadTrace#getThreadTrace#?#960	0.47259615384615383	0.47259615384615383	0.47259615384615383	!(t == null)	_
com.google.javascript.jscomp.Tracer#?#Tracer#?,String,String#240	0.47259615384615383	0.47259615384615383	0.47259615384615383	!(!extraTracingStatistics.isEmpty())	_
com.google.javascript.jscomp.Tracer#?#Tracer#?,String,String#253	0.47259615384615383	0.47259615384615383	0.47259615384615383	!trace.isInitialized()	_
com.google.javascript.jscomp.NodeUtil#boolean#nodeTypeMayHaveSideEffects#?,Node,AbstractCompiler#1103	0.9448317307692308	0.0	0.4724158653846154		_
com.google.javascript.jscomp.NodeUtil#boolean#isVarOrSimpleAssignLhs#?,Node,Node#2058	0.942548076923077	0.0	0.4712740384615385		_
com.google.javascript.jscomp.Normalize$NormalizeStatements#void#reportCodeChange#?,String#374	0.9415865384615385	0.0	0.47079326923076925		_
com.google.javascript.jscomp.Normalize$VerifyConstants#void#visit#?,NodeTraversal,Node,Node#304	0.9390625	0.0	0.46953125		_
com.google.javascript.rhino.Node#String#getQualifiedName#?#1588	0.9352163461538462	0.0	0.4676081730769231		_
com.google.javascript.jscomp.NodeUtil#boolean#evaluatesToLocalValue#?,Node,Predicate<Node>#2966	0.9322115384615385	0.0	0.46610576923076924		_
com.google.javascript.jscomp.graph.FixedPointGraphTraversal#void#computeFixedPoint#?,DiGraph<N,E>#70	0.9314903846153846	0.0	0.4657451923076923		_
com.google.javascript.jscomp.graph.FixedPointGraphTraversal#void#computeFixedPoint#?,DiGraph<N,E>#71	0.9314903846153846	0.0	0.4657451923076923		_
com.google.javascript.jscomp.MarkNoSideEffectCalls$SetNoSideEffectCallProperty#void#visit#?,NodeTraversal,Node,Node#179	0.9314903846153846	0.0	0.4657451923076923		_
com.google.javascript.jscomp.SimpleDefinitionFinder$DefinitionGatheringCallback#void#visit#?,NodeTraversal,Node,Node#236	0.9308894230769231	0.0	0.46544471153846156		_
com.google.javascript.jscomp.DefinitionsRemover$ExternalNameOnlyDefinition#?#ExternalNameOnlyDefinition#?,Node#198	0.9305288461538461	0.0	0.46526442307692306		_
com.google.javascript.jscomp.SimpleDefinitionFinder$DefinitionGatheringCallback#boolean#jsdocContainsDeclarations#?,Node#268	0.9305288461538461	0.0	0.46526442307692306		_
com.google.javascript.jscomp.SimpleDefinitionFinder$DefinitionGatheringCallback#boolean#jsdocContainsDeclarations#?,Node#267	0.9305288461538461	0.0	0.46526442307692306		_
com.google.javascript.jscomp.SimpleDefinitionFinder$DefinitionGatheringCallback#void#visit#?,NodeTraversal,Node,Node#234	0.9305288461538461	0.0	0.46526442307692306		_
com.google.javascript.jscomp.SimpleDefinitionFinder$DefinitionGatheringCallback#void#visit#?,NodeTraversal,Node,Node#251	0.9305288461538461	0.0	0.46526442307692306		_
com.google.javascript.jscomp.SimpleDefinitionFinder$DefinitionGatheringCallback#void#visit#?,NodeTraversal,Node,Node#250	0.9305288461538461	0.0	0.46526442307692306		_
com.google.javascript.jscomp.SimpleDefinitionFinder$DefinitionGatheringCallback#void#visit#?,NodeTraversal,Node,Node#252	0.9305288461538461	0.0	0.46526442307692306		_
com.google.javascript.jscomp.MarkNoSideEffectCalls$GatherNoSideEffectFunctions#void#visit#?,NodeTraversal,Node,Node#135	0.9298076923076923	0.0	0.46490384615384617		_
com.google.javascript.jscomp.MarkNoSideEffectCalls$GatherNoSideEffectFunctions#void#visit#?,NodeTraversal,Node,Node#134	0.9298076923076923	0.0	0.46490384615384617		_
com.google.javascript.jscomp.MarkNoSideEffectCalls$GatherNoSideEffectFunctions#void#visit#?,NodeTraversal,Node,Node#136	0.9298076923076923	0.0	0.46490384615384617		_
com.google.javascript.rhino.Node#boolean#isIf#?#2326	0.9274038461538462	0.0	0.4637019230769231		_
com.google.javascript.jscomp.graph.FixedPointGraphTraversal#void#computeFixedPoint#?,DiGraph<N,E>#69	0.9265625	0.0	0.46328125		_
com.google.javascript.jscomp.graph.FixedPointGraphTraversal#void#computeFixedPoint#?,DiGraph<N,E>#73	0.9265625	0.0	0.46328125		_
com.google.javascript.jscomp.graph.FixedPointGraphTraversal#void#computeFixedPoint#?,DiGraph<N,E>,Set<N>#118	0.9210336538461539	0.0	0.46051682692307694		_
com.google.javascript.jscomp.graph.FixedPointGraphTraversal#void#computeFixedPoint#?,DiGraph<N,E>,Set<N>#117	0.9210336538461539	0.0	0.46051682692307694		_
com.google.javascript.rhino.Node#void#addChildBefore#?,Node,Node#648	0.9188701923076923	0.0	0.45943509615384615		_
com.google.javascript.rhino.Node#void#addChildBefore#?,Node,Node#649	0.9188701923076923	0.0	0.45943509615384615		_
com.google.javascript.rhino.Node#void#addChildBefore#?,Node,Node#646	0.9188701923076923	0.0	0.45943509615384615		_
com.google.javascript.rhino.Node#void#addChildBefore#?,Node,Node#647	0.9188701923076923	0.0	0.45943509615384615		_
com.google.javascript.jscomp.graph.LinkedDirectedGraph#LinkedDirectedGraph<N,E>#createWithoutAnnotations#?#53	0.9185096153846154	0.0	0.4592548076923077		_
com.google.javascript.rhino.Node#boolean#isDo#?#2286	0.9171875	0.0	0.45859375		_
com.google.javascript.jscomp.SimpleDefinitionFinder#Collection<Definition>#getDefinitionsReferencedAt#?,Node#96	0.9170673076923077	0.0	0.45853365384615385		_
com.google.javascript.jscomp.SimpleDefinitionFinder$DefinitionGatheringCallback#void#visit#?,NodeTraversal,Node,Node#223	0.915625	0.0	0.4578125		_
com.google.javascript.jscomp.NodeUtil#boolean#isExprCall#?,Node#1633	0.9155048076923077	0.0	0.45775240384615384		_
com.google.javascript.jscomp.MarkNoSideEffectCalls#boolean#hasNoSideEffectsAnnotation#?,Node#106	0.9134615384615384	0.0	0.4567307692307692		_
com.google.javascript.jscomp.MarkNoSideEffectCalls#boolean#hasNoSideEffectsAnnotation#?,Node#105	0.9134615384615384	0.0	0.4567307692307692		_
com.google.javascript.jscomp.MarkNoSideEffectCalls#void#process#?,Node,Node#59	0.9134615384615384	0.0	0.4567307692307692		_
com.google.javascript.jscomp.MarkNoSideEffectCalls#void#process#?,Node,Node#60	0.9134615384615384	0.0	0.4567307692307692		_
com.google.javascript.jscomp.MarkNoSideEffectCalls#void#process#?,Node,Node#69	0.9134615384615384	0.0	0.4567307692307692		_
com.google.javascript.jscomp.MarkNoSideEffectCalls#void#process#?,Node,Node#66	0.9134615384615384	0.0	0.4567307692307692		_
com.google.javascript.jscomp.MarkNoSideEffectCalls#void#process#?,Node,Node#64	0.9134615384615384	0.0	0.4567307692307692		_
com.google.javascript.jscomp.MarkNoSideEffectCalls$SetNoSideEffectCallProperty#?#SetNoSideEffectCallProperty#?,SimpleDefinitionFinder#170	0.9134615384615384	0.0	0.4567307692307692		_
com.google.javascript.jscomp.MarkNoSideEffectCalls#?#MarkNoSideEffectCalls#?,AbstractCompiler#54	0.9134615384615384	0.0	0.4567307692307692		_
com.google.javascript.jscomp.MarkNoSideEffectCalls#?#MarkNoSideEffectCalls#?,AbstractCompiler#53	0.9134615384615384	0.0	0.4567307692307692		_
com.google.javascript.jscomp.MarkNoSideEffectCalls$SetNoSideEffectCallProperty#void#visit#?,NodeTraversal,Node,Node#176	0.9134615384615384	0.0	0.4567307692307692		_
com.google.javascript.jscomp.MarkNoSideEffectCalls$GatherNoSideEffectFunctions#?#GatherNoSideEffectFunctions#?,boolean#116	0.9134615384615384	0.0	0.4567307692307692		_
com.google.javascript.jscomp.Compiler#void#initCompilerOptionsIfTesting#?#1594	0.4366586538461539	0.47560096153846154	0.4561298076923077	!(options == null)	_
com.google.javascript.jscomp.DefinitionsRemover$AssignmentDefinition#Node#getRValue#?#312	0.9116586538461539	0.0	0.4558293269230769		_
com.google.javascript.rhino.Node$AncestorIterable#Iterator<Node>#iterator#?#1361	0.9115384615384615	0.0	0.45576923076923076		_
com.google.javascript.rhino.Node#AncestorIterable#getAncestors#?#1343	0.9115384615384615	0.0	0.45576923076923076		_
com.google.javascript.rhino.Node$AncestorIterable#?#AncestorIterable#?,Node#1356	0.9115384615384615	0.0	0.45576923076923076		_
com.google.javascript.jscomp.NodeUtil#boolean#nodeTypeMayHaveSideEffects#?,Node,AbstractCompiler#1096	0.9109375	0.0	0.45546875		_
com.google.javascript.rhino.jstype.InstanceObjectType#String#toStringHelper#?,boolean#97	0.4546875	0.4546875	0.4546875	constructor.hasReferenceName()	_
com.google.javascript.jscomp.DefinitionsRemover$AssignmentDefinition#Node#getLValue#?#307	0.9091346153846154	0.0	0.4545673076923077		_
com.google.javascript.jscomp.DefinitionsRemover#Definition#getDefinition#?,Node,boolean#56	0.909014423076923	0.0	0.4545072115384615		_
com.google.javascript.jscomp.DefinitionsRemover$AssignmentDefinition#?#AssignmentDefinition#?,Node,boolean#291	0.9086538461538461	0.0	0.4543269230769231		_
com.google.javascript.jscomp.DefinitionsRemover$AssignmentDefinition#?#AssignmentDefinition#?,Node,boolean#293	0.9086538461538461	0.0	0.4543269230769231		_
com.google.javascript.jscomp.DefinitionsRemover$AssignmentDefinition#?#AssignmentDefinition#?,Node,boolean#292	0.9086538461538461	0.0	0.4543269230769231		_
com.google.javascript.jscomp.SimpleDefinitionFinder#String#getSimplifiedName#?,Node#145	0.9072115384615385	0.0	0.45360576923076923		_
com.google.javascript.rhino.Node#void#addChildBefore#?,Node,Node#643	0.9063701923076923	0.0	0.45318509615384617		_
com.google.javascript.rhino.Node#void#addChildBefore#?,Node,Node#641	0.9063701923076923	0.0	0.45318509615384617		_
com.google.javascript.rhino.Node#void#addChildBefore#?,Node,Node#639	0.9063701923076923	0.0	0.45318509615384617		_
com.google.javascript.rhino.Node#boolean#isCase#?#2250	0.9018028846153846	0.0	0.4509014423076923		_
com.google.javascript.jscomp.graph.FixedPointGraphTraversal#void#computeFixedPoint#?,DiGraph<N,E>,Set<N>#116	0.9006009615384616	0.0	0.4503004807692308		_
com.google.javascript.jscomp.graph.FixedPointGraphTraversal#void#computeFixedPoint#?,DiGraph<N,E>,Set<N>#114	0.9006009615384616	0.0	0.4503004807692308		_
com.google.javascript.jscomp.graph.FixedPointGraphTraversal#void#computeFixedPoint#?,DiGraph<N,E>,Set<N>#112	0.9006009615384616	0.0	0.4503004807692308		_
com.google.javascript.jscomp.graph.FixedPointGraphTraversal#void#computeFixedPoint#?,DiGraph<N,E>,Set<N>#111	0.9006009615384616	0.0	0.4503004807692308		_
com.google.javascript.jscomp.graph.FixedPointGraphTraversal#void#computeFixedPoint#?,DiGraph<N,E>,Set<N>#103	0.9006009615384616	0.0	0.4503004807692308		_
com.google.javascript.jscomp.graph.FixedPointGraphTraversal#void#computeFixedPoint#?,DiGraph<N,E>,Set<N>#104	0.9006009615384616	0.0	0.4503004807692308		_
com.google.javascript.jscomp.NodeUtil#boolean#functionCallHasSideEffects#?,Node,AbstractCompiler#1061	0.9004807692307693	0.0	0.4502403846153846		_
com.google.javascript.jscomp.NodeUtil#boolean#functionCallHasSideEffects#?,Node,AbstractCompiler#1016	0.9004807692307693	0.0	0.4502403846153846		_
com.google.javascript.jscomp.graph.FixedPointGraphTraversal#FixedPointGraphTraversal<NODE,EDGE>#newTraversal#?,EdgeCallback<NODE,EDGE>#61	0.8980769230769231	0.0	0.44903846153846155		_
com.google.javascript.jscomp.graph.FixedPointGraphTraversal#?#FixedPointGraphTraversal#?,EdgeCallback<N,E>#53	0.8979567307692308	0.0	0.4489783653846154		_
com.google.javascript.jscomp.graph.FixedPointGraphTraversal#void#computeFixedPoint#?,DiGraph<N,E>,Set<N>#94	0.8969951923076923	0.0	0.44849759615384616		_
com.google.javascript.jscomp.graph.FixedPointGraphTraversal#void#computeFixedPoint#?,DiGraph<N,E>,Set<N>#93	0.8969951923076923	0.0	0.44849759615384616		_
com.google.javascript.jscomp.graph.FixedPointGraphTraversal#void#computeFixedPoint#?,DiGraph<N,E>,Set<N>#98	0.8969951923076923	0.0	0.44849759615384616		_
com.google.javascript.jscomp.graph.FixedPointGraphTraversal#void#computeFixedPoint#?,DiGraph<N,E>,Set<N>#125	0.8969951923076923	0.0	0.44849759615384616		_
com.google.javascript.jscomp.NodeUtil#JSDocInfo#getBestJSDocInfo#?,Node#3101	0.44182692307692306	0.45516826923076925	0.44849759615384616	!(parent.isFunction())	_
com.google.javascript.jscomp.graph.FixedPointGraphTraversal#void#computeFixedPoint#?,DiGraph<N,E>,Set<N>#101	0.8969951923076923	0.0	0.44849759615384616		_
com.google.javascript.rhino.Node#boolean#isOnlyModifiesArgumentsCall#?#2134	0.8959134615384615	0.0	0.44795673076923076		_
com.google.javascript.rhino.Node#boolean#isNoSideEffectsCall#?#2146	0.8948317307692307	0.0	0.44741586538461536		_
com.google.javascript.jscomp.graph.LinkedDirectedGraph#Collection<DiGraphNode<N,E>>#getNodes#?#286	0.8935096153846154	0.0	0.4467548076923077		_
com.google.javascript.rhino.Node#boolean#areBitFlagsSet#?,int,int#2173	0.8926682692307693	0.0	0.4463341346153846		_
com.google.javascript.jscomp.Scope$Var#boolean#isGlobal#?#192	0.8924278846153846	0.0	0.4462139423076923		_
com.google.javascript.jscomp.Normalize$PropagateConstantAnnotationsOverVars#void#visit#?,NodeTraversal,Node,Node#244	0.8917067307692308	0.0	0.4458533653846154		_
com.google.javascript.rhino.Node#boolean#isThrow#?#2418	0.8881009615384615	0.0	0.44405048076923076		_
com.google.javascript.jscomp.Normalize$NormalizeStatements#void#moveNamedFunctions#?,Node#663	0.8876201923076923	0.0	0.44381009615384615		_
com.google.javascript.jscomp.Normalize$NormalizeStatements#void#moveNamedFunctions#?,Node#677	0.8876201923076923	0.0	0.44381009615384615		_
com.google.javascript.jscomp.Normalize$NormalizeStatements#void#moveNamedFunctions#?,Node#675	0.8876201923076923	0.0	0.44381009615384615		_
com.google.javascript.rhino.Node#String#propToString#?,int#133	0.8859375	0.0	0.44296875		_
com.google.javascript.rhino.IR#Node#var#?,Node#157	0.8848557692307693	0.0	0.4424278846153846		_
com.google.javascript.rhino.IR#Node#var#?,Node#156	0.8848557692307693	0.0	0.4424278846153846		_
com.google.javascript.jscomp.NodeUtil#JSDocInfo#getBestJSDocInfo#?,Node#3099	0.4408653846153846	0.44182692307692306	0.44134615384615383	!(isObjectLitKey(parent))	_
com.google.javascript.jscomp.NodeUtil#JSDocInfo#getBestJSDocInfo#?,Node#3097	0.4400240384615385	0.4408653846153846	0.44044471153846154	!(parent.isAssign())	_
com.google.javascript.jscomp.NodeUtil#JSDocInfo#getBestJSDocInfo#?,Node#3091	0.4400240384615385	0.4400240384615385	0.4400240384615385	!(parent == null)	_
com.google.javascript.jscomp.NodeUtil#JSDocInfo#getBestJSDocInfo#?,Node#3095	0.4400240384615385	0.4400240384615385	0.4400240384615385	!(parent.isName())	_
com.google.javascript.jscomp.parsing.TypeSafeDispatcher#T#process#?,AstNode#244	0.8789663461538462	0.0	0.4394831730769231		_
com.google.javascript.jscomp.parsing.IRFactory$TransformDispatcher#Node#processParenthesizedExpression#?,ParenthesizedExpression#1024	0.8789663461538462	0.0	0.4394831730769231		_
com.google.javascript.jscomp.parsing.IRFactory$TransformDispatcher#Node#processParenthesizedExpression#?,ParenthesizedExpression#1025	0.8789663461538462	0.0	0.4394831730769231		_
com.google.javascript.jscomp.SimpleDefinitionFinder$UseSiteGatheringCallback#void#visit#?,NodeTraversal,Node,Node#281	0.8745192307692308	0.0	0.4372596153846154		_
com.google.javascript.jscomp.SimpleDefinitionFinder$UseSiteGatheringCallback#void#visit#?,NodeTraversal,Node,Node#283	0.8745192307692308	0.0	0.4372596153846154		_
com.google.javascript.jscomp.SimpleDefinitionFinder$UseSiteGatheringCallback#void#visit#?,NodeTraversal,Node,Node#284	0.8745192307692308	0.0	0.4372596153846154		_
com.google.javascript.jscomp.SimpleDefinitionFinder$UseSiteGatheringCallback#void#visit#?,NodeTraversal,Node,Node#285	0.8745192307692308	0.0	0.4372596153846154		_
com.google.javascript.jscomp.UseSite#?#UseSite#?,Node,Scope,JSModule#36	0.8745192307692308	0.0	0.4372596153846154		_
com.google.javascript.jscomp.UseSite#?#UseSite#?,Node,Scope,JSModule#35	0.8745192307692308	0.0	0.4372596153846154		_
com.google.javascript.jscomp.UseSite#?#UseSite#?,Node,Scope,JSModule#34	0.8745192307692308	0.0	0.4372596153846154		_
com.google.javascript.jscomp.SimpleDefinitionFinder#Collection<Definition>#getDefinitionsReferencedAt#?,Node#94	0.8743990384615384	0.0	0.4371995192307692		_
com.google.javascript.jscomp.DefinitionsRemover$IncompleteDefinition#?#IncompleteDefinition#?,Node,boolean#161	0.8735576923076923	0.0	0.43677884615384616		_
com.google.javascript.jscomp.DefinitionsRemover$IncompleteDefinition#?#IncompleteDefinition#?,Node,boolean#160	0.8735576923076923	0.0	0.43677884615384616		_
com.google.javascript.jscomp.DefinitionsRemover$IncompleteDefinition#?#IncompleteDefinition#?,Node,boolean#163	0.8735576923076923	0.0	0.43677884615384616		_
com.google.javascript.jscomp.DefinitionsRemover$IncompleteDefinition#?#IncompleteDefinition#?,Node,boolean#159	0.8735576923076923	0.0	0.43677884615384616		_
com.google.javascript.jscomp.NodeUtil#JSDocInfo#getBestJSDocInfo#?,Node#3089	0.43016826923076923	0.4400240384615385	0.43509615384615385	info == null	_
com.google.javascript.rhino.Node#Node#srcref#?,Node#1782	0.869951923076923	0.0	0.4349759615384615		_
com.google.javascript.rhino.Token#String#name#?,int#232	0.8697115384615385	0.0	0.43485576923076924		_
com.google.javascript.jscomp.SimpleDefinitionFinder#Collection<Definition>#getDefinitionsReferencedAt#?,Node#80	0.86875	0.0	0.434375		_
com.google.javascript.rhino.Node#Node#useSourceInfoFrom#?,Node#1776	0.8679086538461538	0.0	0.4339543269230769		_
com.google.javascript.rhino.Node#Node#useSourceInfoFrom#?,Node#1777	0.8679086538461538	0.0	0.4339543269230769		_
com.google.javascript.rhino.Node#Node#useSourceInfoFrom#?,Node#1775	0.8679086538461538	0.0	0.4339543269230769		_
com.google.javascript.rhino.Node#Node#useSourceInfoFrom#?,Node#1778	0.8679086538461538	0.0	0.4339543269230769		_
com.google.javascript.jscomp.CodeConsumer#void#add#?,String#184	0.8657451923076923	0.0	0.43287259615384616		_
com.google.javascript.jscomp.SimpleDefinitionFinder#Collection<Definition>#getDefinitionsReferencedAt#?,Node#92	0.8623798076923077	0.0	0.43118990384615385		_
com.google.javascript.jscomp.NodeTraversal$AbstractShallowCallback#boolean#shouldTraverse#?,NodeTraversal,Node,Node#174	0.8610576923076922	0.0	0.4305288461538461		_
com.google.javascript.jscomp.SimpleDefinitionFinder$DefinitionGatheringCallback#void#visit#?,NodeTraversal,Node,Node#212	0.8588942307692308	0.0	0.4294471153846154		_
com.google.javascript.jscomp.SimpleDefinitionFinder$DefinitionGatheringCallback#void#visit#?,NodeTraversal,Node,Node#213	0.8588942307692308	0.0	0.4294471153846154		_
com.google.javascript.jscomp.SimpleDefinitionFinder$DefinitionGatheringCallback#void#visit#?,NodeTraversal,Node,Node#169	0.8588942307692308	0.0	0.4294471153846154		_
com.google.javascript.jscomp.SimpleDefinitionFinder$DefinitionGatheringCallback#void#visit#?,NodeTraversal,Node,Node#171	0.8588942307692308	0.0	0.4294471153846154		_
com.google.javascript.jscomp.DefinitionSite#?#DefinitionSite#?,Node,Definition,JSModule,boolean,boolean#41	0.8585336538461539	0.0	0.42926682692307694		_
com.google.javascript.jscomp.DefinitionSite#?#DefinitionSite#?,Node,Definition,JSModule,boolean,boolean#42	0.8585336538461539	0.0	0.42926682692307694		_
com.google.javascript.jscomp.DefinitionSite#?#DefinitionSite#?,Node,Definition,JSModule,boolean,boolean#44	0.8585336538461539	0.0	0.42926682692307694		_
com.google.javascript.jscomp.DefinitionSite#?#DefinitionSite#?,Node,Definition,JSModule,boolean,boolean#43	0.8585336538461539	0.0	0.42926682692307694		_
com.google.javascript.jscomp.DefinitionSite#?#DefinitionSite#?,Node,Definition,JSModule,boolean,boolean#45	0.8585336538461539	0.0	0.42926682692307694		_
com.google.javascript.jscomp.parsing.IRFactory$TransformDispatcher#boolean#isAllowedProp#?,String#929	0.4026442307692307	0.45516826923076925	0.42890625	!(config.languageMode == LanguageMode.ECMASCRIPT3)	_
com.google.javascript.jscomp.DefinitionsRemover$Definition#?#Definition#?,boolean#101	0.8575721153846154	0.0	0.4287860576923077		_
com.google.javascript.jscomp.SimpleDefinitionFinder#String#getSimplifiedName#?,Node#140	0.8572115384615384	0.0	0.4286057692307692		_
com.google.javascript.jscomp.SimpleDefinitionFinder#String#getSimplifiedName#?,Node#138	0.856610576923077	0.0	0.4283052884615385		_
com.google.javascript.jscomp.SimpleDefinitionFinder#String#getSimplifiedName#?,Node#147	0.8563701923076923	0.0	0.42818509615384615		_
com.google.javascript.jscomp.SimpleDefinitionFinder#?#SimpleDefinitionFinder#?,AbstractCompiler#56	0.8563701923076923	0.0	0.42818509615384615		_
com.google.javascript.jscomp.SimpleDefinitionFinder#?#SimpleDefinitionFinder#?,AbstractCompiler#55	0.8563701923076923	0.0	0.42818509615384615		_
com.google.javascript.jscomp.SimpleDefinitionFinder#?#SimpleDefinitionFinder#?,AbstractCompiler#54	0.8563701923076923	0.0	0.42818509615384615		_
com.google.javascript.jscomp.SimpleDefinitionFinder#?#SimpleDefinitionFinder#?,AbstractCompiler#53	0.8563701923076923	0.0	0.42818509615384615		_
com.google.javascript.jscomp.SimpleDefinitionFinder#void#process#?,Node,Node#109	0.8563701923076923	0.0	0.42818509615384615		_
com.google.javascript.jscomp.SimpleDefinitionFinder#void#process#?,Node,Node#107	0.8563701923076923	0.0	0.42818509615384615		_
com.google.javascript.jscomp.SimpleDefinitionFinder#void#process#?,Node,Node#105	0.8563701923076923	0.0	0.42818509615384615		_
com.google.javascript.jscomp.SimpleDefinitionFinder#Collection<Definition>#getDefinitionsReferencedAt#?,Node#90	0.8563701923076923	0.0	0.42818509615384615		_
com.google.javascript.jscomp.SimpleDefinitionFinder#Collection<Definition>#getDefinitionsReferencedAt#?,Node#99	0.8563701923076923	0.0	0.42818509615384615		_
com.google.javascript.jscomp.SimpleDefinitionFinder$DefinitionGatheringCallback#?#DefinitionGatheringCallback#?,boolean#154	0.8563701923076923	0.0	0.42818509615384615		_
com.google.javascript.jscomp.SimpleDefinitionFinder$UseSiteGatheringCallback#void#visit#?,NodeTraversal,Node,Node#278	0.8563701923076923	0.0	0.42818509615384615		_
com.google.javascript.jscomp.SimpleDefinitionFinder$UseSiteGatheringCallback#void#visit#?,NodeTraversal,Node,Node#276	0.8563701923076923	0.0	0.42818509615384615		_
com.google.javascript.jscomp.SimpleDefinitionFinder$DefinitionGatheringCallback#void#visit#?,NodeTraversal,Node,Node#166	0.8563701923076923	0.0	0.42818509615384615		_
com.google.javascript.jscomp.DefinitionsRemover#Definition#getDefinition#?,Node,boolean#64	0.8557692307692308	0.0	0.4278846153846154		_
com.google.javascript.jscomp.DefinitionsRemover#Definition#getDefinition#?,Node,boolean#42	0.8557692307692308	0.0	0.4278846153846154		_
com.google.javascript.jscomp.GoogleCodingConvention#boolean#isConstantKey#?,String#96	0.8439903846153847	0.0	0.42199519230769234		_
com.google.javascript.jscomp.NodeTraversal#void#traverseRoots#?,List<Node>#299	0.42175480769230766	0.42175480769230766	0.42175480769230766	!(roots.isEmpty())	_
com.google.javascript.jscomp.parsing.IRFactory#int#transformTokenType#?,int#1421	0.4215144230769231	0.4215144230769231	0.4215144230769231	(Token.ASSIGN)>= 0	_
com.google.javascript.jscomp.SyntacticScopeCreator#void#scanRoot#?,Node#88	0.41911057692307696	0.4229567307692308	0.4210336538461539	!(!fnName.isEmpty() && NodeUtil.isFunctionExpression(n))	_
com.google.javascript.rhino.Node#void#toString#?,StringBuilder,boolean,boolean,boolean#963	0.8401442307692308	0.0	0.4200721153846154		_
com.google.javascript.rhino.Node#void#toString#?,StringBuilder,boolean,boolean,boolean#956	0.8401442307692308	0.0	0.4200721153846154		_
com.google.javascript.rhino.Token#String#name#?,int#230	0.8400240384615385	0.0	0.42001201923076925		_
com.google.javascript.jscomp.NodeUtil#boolean#isImmutableValue#?,Node#514	0.838701923076923	0.0	0.4193509615384615		_
com.google.javascript.jscomp.Compiler#void#initOptions#?,CompilerOptions#286	0.41237980769230764	0.4259615384615385	0.4191706730769231	outStream == null	_
com.google.javascript.jscomp.SyntacticScopeCreator#void#scanRoot#?,Node#74	0.41911057692307696	0.41911057692307696	0.41911057692307696	inputId == null	_
com.google.javascript.jscomp.parsing.IRFactory$TransformDispatcher#Node#processAssignment#?,Assignment#581	0.41802884615384617	0.4181490384615385	0.41808894230769234	!(!validAssignmentTarget(target))	_
com.google.javascript.rhino.Token#String#name#?,int#249	0.8356971153846153	0.0	0.41784855769230766		_
com.google.javascript.jscomp.ClosureCodingConvention#String#getSingletonGetterClassName#?,Node#292	0.8319711538461538	0.0	0.4159855769230769		_
com.google.javascript.jscomp.CodingConventions$DefaultCodingConvention#String#getSingletonGetterClassName#?,Node#346	0.8318509615384615	0.0	0.41592548076923075		_
com.google.javascript.jscomp.CodingConventions$Proxy#String#getSingletonGetterClassName#?,Node#152	0.8313701923076923	0.0	0.41568509615384613		_
com.google.javascript.jscomp.ClosureCodingConvention#String#getSingletonGetterClassName#?,Node#286	0.83125	0.0	0.415625		_
com.google.javascript.jscomp.ClosureCodingConvention#String#getSingletonGetterClassName#?,Node#285	0.83125	0.0	0.415625		_
com.google.javascript.jscomp.ClosureCodingConvention#SubclassType#typeofClassDefiningName#?,Node#182	0.8311298076923077	0.0	0.41556490384615385		_
com.google.javascript.jscomp.ClosureCodingConvention#SubclassRelationship#getClassesDefinedByCall#?,Node#154	0.8306490384615385	0.0	0.41532451923076924		_
com.google.javascript.rhino.Token#String#name#?,int#259	0.8299278846153846	0.0	0.4149639423076923		_
com.google.javascript.jscomp.Scope#Var#getVar#?,String#530	0.3604567307692308	0.46899038461538467	0.41472355769230773	!(var != null)	_
com.google.javascript.jscomp.parsing.IRFactory$TransformDispatcher#Node#processPropertyGet#?,PropertyGet#1033	0.4129807692307692	0.41310096153846154	0.4130408653846154	!(nodeProp instanceof Name && !isAllowedProp(((Name)nodeProp).getIdentifier()))	_
com.google.javascript.rhino.Node#void#putProp#?,int,Object#845	0.0852163461538461	0.7390625	0.41213942307692303	!(value != null)	_
com.google.javascript.rhino.Token#String#name#?,int#209	0.8211538461538461	0.0	0.41057692307692306		_
com.google.javascript.jscomp.SyntacticScopeCreator#void#scanVars#?,Node#117	0.41009615384615383	0.41009615384615383	0.41009615384615383	child != null	_
com.google.javascript.jscomp.Normalize$VerifyConstants#void#visit#?,NodeTraversal,Node,Node#320	0.8200721153846153	0.0	0.41003605769230766		_
com.google.javascript.rhino.jstype.FunctionParamBuilder#boolean#addVarArgs#?,JSType#104	0.2975961538461539	0.5222355769230769	0.4099158653846154	!(!type.isEmptyType())	_
com.google.javascript.jscomp.ClosureCodingConvention#SubclassRelationship#getClassesDefinedByCall#?,Node#103	0.8193509615384615	0.0	0.40967548076923077		_
com.google.javascript.jscomp.ClosureCodingConvention#SubclassRelationship#getClassesDefinedByCall#?,Node#102	0.8193509615384615	0.0	0.40967548076923077		_
com.google.javascript.jscomp.ClosureCodingConvention#SubclassRelationship#getClassesDefinedByCall#?,Node#96	0.8193509615384615	0.0	0.40967548076923077		_
com.google.javascript.jscomp.CodingConventions$Proxy#SubclassRelationship#getClassesDefinedByCall#?,Node#105	0.8193509615384615	0.0	0.40967548076923077		_
com.google.javascript.jscomp.ClosureCodingConvention#SubclassType#typeofClassDefiningName#?,Node#164	0.8193509615384615	0.0	0.40967548076923077		_
com.google.javascript.jscomp.CodingConventions$Proxy#boolean#isExported#?,String#95	0.81875	0.0	0.409375		_
com.google.javascript.jscomp.GoogleCodingConvention#boolean#isExported#?,String,boolean#141	0.8182692307692307	0.0	0.4091346153846154		_
com.google.javascript.jscomp.CodingConventions$DefaultCodingConvention#SubclassRelationship#getClassesDefinedByCall#?,Node#298	0.8179086538461539	0.0	0.4089543269230769		_
com.google.javascript.jscomp.Normalize$VerifyConstants#void#visit#?,NodeTraversal,Node,Node#326	0.8150240384615385	0.0	0.40751201923076924		_
com.google.javascript.jscomp.Normalize$VerifyConstants#void#visit#?,NodeTraversal,Node,Node#317	0.8150240384615385	0.0	0.40751201923076924		_
com.google.javascript.jscomp.Normalize$VerifyConstants#void#visit#?,NodeTraversal,Node,Node#318	0.8150240384615385	0.0	0.40751201923076924		_
com.google.javascript.jscomp.Normalize$VerifyConstants#void#visit#?,NodeTraversal,Node,Node#315	0.8150240384615385	0.0	0.40751201923076924		_
com.google.javascript.jscomp.Normalize$VerifyConstants#void#visit#?,NodeTraversal,Node,Node#334	0.8150240384615385	0.0	0.40751201923076924		_
com.google.javascript.jscomp.Normalize$VerifyConstants#void#visit#?,NodeTraversal,Node,Node#302	0.8116586538461539	0.0	0.40582932692307694		_
com.google.javascript.jscomp.Normalize$VerifyConstants#void#visit#?,NodeTraversal,Node,Node#309	0.8116586538461539	0.0	0.40582932692307694		_
com.google.javascript.jscomp.Normalize$VerifyConstants#void#visit#?,NodeTraversal,Node,Node#307	0.8116586538461539	0.0	0.40582932692307694		_
com.google.javascript.jscomp.Normalize$VerifyConstants#void#visit#?,NodeTraversal,Node,Node#310	0.8116586538461539	0.0	0.40582932692307694		_
com.google.javascript.jscomp.Normalize$VerifyConstants#void#visit#?,NodeTraversal,Node,Node#341	0.8116586538461539	0.0	0.40582932692307694		_
com.google.javascript.jscomp.Normalize$VerifyConstants#void#visit#?,NodeTraversal,Node,Node#339	0.8116586538461539	0.0	0.40582932692307694		_
com.google.javascript.jscomp.Normalize$VerifyConstants#?#VerifyConstants#?,AbstractCompiler,boolean#283	0.8086538461538462	0.0	0.4043269230769231		_
com.google.javascript.jscomp.Normalize$VerifyConstants#?#VerifyConstants#?,AbstractCompiler,boolean#284	0.8086538461538462	0.0	0.4043269230769231		_
com.google.javascript.jscomp.Normalize$VerifyConstants#void#process#?,Node,Node#289	0.8086538461538462	0.0	0.4043269230769231		_
com.google.javascript.jscomp.Normalize$VerifyConstants#void#process#?,Node,Node#290	0.8086538461538462	0.0	0.4043269230769231		_
com.google.javascript.jscomp.Normalize$VerifyConstants#void#process#?,Node,Node#291	0.8086538461538462	0.0	0.4043269230769231		_
com.google.javascript.jscomp.Normalize$VerifyConstants#void#process#?,Node,Node#293	0.8086538461538462	0.0	0.4043269230769231		_
com.google.javascript.rhino.Node#void#removeChild#?,Node#699	0.8076923076923077	0.0	0.40384615384615385		_
com.google.javascript.jscomp.parsing.IRFactory#Node#transformNameAsString#?,Name#412	0.4026442307692307	0.4040865384615384	0.40336538461538457	!(jsDocInfo != null)	_
com.google.javascript.rhino.Token#String#name#?,int#211	0.8056490384615385	0.0	0.40282451923076923		_
com.google.javascript.jscomp.parsing.IRFactory$TransformDispatcher#Node#processFunctionNode#?,FunctionNode#810	0.3021634615384615	0.5022836538461539	0.4022235576923077	!(fnName != null)	_
com.google.javascript.jscomp.parsing.IRFactory$TransformDispatcher#Node#processFunctionNode#?,FunctionNode#788	0.3021634615384615	0.5022836538461539	0.4022235576923077	isUnnamedFunction	_
com.google.javascript.jscomp.parsing.IRFactory$TransformDispatcher#Node#processFunctionNode#?,FunctionNode#770	0.3021634615384615	0.5022836538461539	0.4022235576923077	name == null	_
com.google.javascript.jscomp.NodeTraversal#void#traverseFunction#?,Node,Node#552	0.3072115384615385	0.49531250000000004	0.40126201923076926	!(!isFunctionExpression)	_
com.google.javascript.jscomp.NodeTraversal#void#traverseFunction#?,Node,Node#560	0.3072115384615385	0.49531250000000004	0.40126201923076926	isFunctionExpression	_
com.google.javascript.jscomp.parsing.IRFactory$TransformDispatcher#Node#transformAsString#?,AstNode#550	0.3992788461538461	0.4026442307692307	0.4009615384615384	n instanceof Name	_
com.google.javascript.jscomp.CodingConventions$Proxy#boolean#isExported#?,String,boolean#89	0.8016826923076923	0.0	0.40084134615384615		_
com.google.javascript.jscomp.CodingConventions$DefaultCodingConvention#boolean#isExported#?,String,boolean#283	0.8015625	0.0	0.40078125		_
com.google.javascript.rhino.jstype.ProxyObjectType#void#setReferencedType#?,JSType#88	0.2808894230769231	0.5179086538461539	0.3993990384615385	!(referencedType instanceof ObjectType)	_
com.google.javascript.jscomp.Normalize$NormalizeStatements#void#doStatementNormalizations#?,Node#524	0.7981971153846154	0.0	0.3990985576923077		_
com.google.javascript.jscomp.Normalize$NormalizeStatements#void#moveNamedFunctions#?,Node#648	0.7981971153846154	0.0	0.3990985576923077		_
com.google.javascript.jscomp.Normalize$NormalizeStatements#void#moveNamedFunctions#?,Node#660	0.7981971153846154	0.0	0.3990985576923077		_
com.google.javascript.jscomp.Normalize$NormalizeStatements#void#moveNamedFunctions#?,Node#650	0.7981971153846154	0.0	0.3990985576923077		_
com.google.javascript.jscomp.Normalize$NormalizeStatements#void#moveNamedFunctions#?,Node#651	0.7981971153846154	0.0	0.3990985576923077		_
com.google.javascript.jscomp.Normalize$NormalizeStatements#void#normalizeFunctionDeclaration#?,Node#463	0.7981971153846154	0.0	0.3990985576923077		_
com.google.javascript.jscomp.Normalize$NormalizeStatements#void#visit#?,NodeTraversal,Node,Node#401	0.7981971153846154	0.0	0.3990985576923077		_
com.google.javascript.jscomp.Normalize$NormalizeStatements#void#visit#?,NodeTraversal,Node,Node#400	0.7981971153846154	0.0	0.3990985576923077		_
com.google.javascript.jscomp.MakeDeclaredNamesUnique$ContextualRenamer#Renamer#forChildScope#?#455	0.796875	0.0	0.3984375		_
com.google.javascript.jscomp.MakeDeclaredNamesUnique$ContextualRenamer#?#ContextualRenamer#?,Multiset<String>#447	0.796875	0.0	0.3984375		_
com.google.javascript.jscomp.MakeDeclaredNamesUnique$ContextualRenamer#?#ContextualRenamer#?,Multiset<String>#446	0.796875	0.0	0.3984375		_
com.google.javascript.jscomp.NodeUtil#boolean#isImmutableValue#?,Node#492	0.7967548076923077	0.0	0.39837740384615383		_
com.google.javascript.jscomp.MakeDeclaredNamesUnique#void#visit#?,NodeTraversal,Node,Node#185	0.7956730769230769	0.0	0.39783653846153844		_
com.google.javascript.jscomp.MakeDeclaredNamesUnique#void#visit#?,NodeTraversal,Node,Node#179	0.7956730769230769	0.0	0.39783653846153844		_
com.google.javascript.jscomp.MakeDeclaredNamesUnique#void#visit#?,NodeTraversal,Node,Node#178	0.7956730769230769	0.0	0.39783653846153844		_
com.google.javascript.jscomp.MakeDeclaredNamesUnique#void#visit#?,NodeTraversal,Node,Node#176	0.7956730769230769	0.0	0.39783653846153844		_
com.google.javascript.jscomp.MakeDeclaredNamesUnique#void#enterScope#?,NodeTraversal#88	0.7956730769230769	0.0	0.39783653846153844		_
com.google.javascript.jscomp.MakeDeclaredNamesUnique#void#exitScope#?,NodeTraversal#101	0.7956730769230769	0.0	0.39783653846153844		_
com.google.javascript.jscomp.MakeDeclaredNamesUnique#boolean#shouldTraverse#?,NodeTraversal,Node,Node#141	0.7956730769230769	0.0	0.39783653846153844		_
com.google.javascript.jscomp.MakeDeclaredNamesUnique#boolean#shouldTraverse#?,NodeTraversal,Node,Node#116	0.7956730769230769	0.0	0.39783653846153844		_
com.google.javascript.jscomp.MakeDeclaredNamesUnique#boolean#shouldTraverse#?,NodeTraversal,Node,Node#113	0.7956730769230769	0.0	0.39783653846153844		_
com.google.javascript.jscomp.MakeDeclaredNamesUnique#boolean#shouldTraverse#?,NodeTraversal,Node,Node#124	0.7956730769230769	0.0	0.39783653846153844		_
com.google.javascript.jscomp.MakeDeclaredNamesUnique#boolean#shouldTraverse#?,NodeTraversal,Node,Node#127	0.7956730769230769	0.0	0.39783653846153844		_
com.google.javascript.jscomp.MakeDeclaredNamesUnique#boolean#shouldTraverse#?,NodeTraversal,Node,Node#122	0.7956730769230769	0.0	0.39783653846153844		_
com.google.javascript.jscomp.MakeDeclaredNamesUnique#boolean#shouldTraverse#?,NodeTraversal,Node,Node#137	0.7956730769230769	0.0	0.39783653846153844		_
com.google.javascript.jscomp.MakeDeclaredNamesUnique#boolean#shouldTraverse#?,NodeTraversal,Node,Node#136	0.7956730769230769	0.0	0.39783653846153844		_
com.google.javascript.jscomp.MakeDeclaredNamesUnique#boolean#shouldTraverse#?,NodeTraversal,Node,Node#139	0.7956730769230769	0.0	0.39783653846153844		_
com.google.javascript.jscomp.Compiler#JSTypeRegistry#getTypeRegistry#?#1204	0.27139423076923075	0.5236778846153847	0.3975360576923077	typeRegistry == null	_
com.google.javascript.rhino.Node#Node#getChildBefore#?,Node#551	0.7945913461538462	0.0	0.3972956730769231		_
com.google.javascript.rhino.Node#boolean#isEquivalentTo#?,Node,boolean,boolean,boolean#1519	0.790625	0.0	0.3953125		_
com.google.javascript.jscomp.parsing.IRFactory$TransformDispatcher#Node#processVariableInitializer#?,VariableInitializer#1255	0.29411057692307696	0.4921875	0.3931490384615385	!(initializerNode.getInitializer() != null)	_
com.google.javascript.rhino.Node#Node#copyInformationFrom#?,Node#1743	0.7849759615384615	0.0	0.39248798076923075		_
com.google.javascript.rhino.Node#Node#copyInformationFrom#?,Node#1751	0.7846153846153846	0.0	0.3923076923076923		_
com.google.javascript.rhino.Token#String#name#?,int#265	0.7841346153846154	0.0	0.3920673076923077		_
com.google.javascript.rhino.jstype.FunctionType#boolean#setPrototypeNoCheck#?,ObjectType,Node#469	0.2631009615384615	0.5179086538461539	0.3905048076923077	!(superClass != null)	_
com.google.javascript.jscomp.MakeDeclaredNamesUnique#void#findDeclaredNames#?,Node,Node,Renamer#219	0.7796875	0.0	0.38984375		_
com.google.javascript.jscomp.NodeUtil#boolean#isConstantName#?,Node#2865	0.7780048076923077	0.0	0.38900240384615387		_
com.google.javascript.jscomp.Normalize$PropagateConstantAnnotationsOverVars#void#visit#?,NodeTraversal,Node,Node#251	0.7652644230769231	0.0	0.38263221153846155		_
com.google.javascript.jscomp.Normalize$PropagateConstantAnnotationsOverVars#void#visit#?,NodeTraversal,Node,Node#249	0.7637019230769231	0.0	0.38185096153846154		_
com.google.javascript.jscomp.Normalize$PropagateConstantAnnotationsOverVars#void#visit#?,NodeTraversal,Node,Node#247	0.7637019230769231	0.0	0.38185096153846154		_
com.google.javascript.jscomp.Normalize$PropagateConstantAnnotationsOverVars#void#visit#?,NodeTraversal,Node,Node#254	0.7637019230769231	0.0	0.38185096153846154		_
com.google.javascript.jscomp.Normalize$PropagateConstantAnnotationsOverVars#void#visit#?,NodeTraversal,Node,Node#258	0.7637019230769231	0.0	0.38185096153846154		_
com.google.javascript.jscomp.AstValidator#void#validateExpression#?,Node#270	0.7634615384615384	0.0	0.3817307692307692		_
com.google.javascript.jscomp.AstValidator#void#validateExpression#?,Node#269	0.7634615384615384	0.0	0.3817307692307692		_
com.google.javascript.jscomp.Normalize#void#process#?,Node,Node#158	0.7632211538461539	0.0	0.3816105769230769		_
com.google.javascript.jscomp.Normalize$PropagateConstantAnnotationsOverVars#?#PropagateConstantAnnotationsOverVars#?,AbstractCompiler,boolean#230	0.7631009615384615	0.0	0.38155048076923076		_
com.google.javascript.jscomp.Normalize$PropagateConstantAnnotationsOverVars#?#PropagateConstantAnnotationsOverVars#?,AbstractCompiler,boolean#231	0.7631009615384615	0.0	0.38155048076923076		_
com.google.javascript.jscomp.Normalize$PropagateConstantAnnotationsOverVars#void#process#?,Node,Node#236	0.7631009615384615	0.0	0.38155048076923076		_
com.google.javascript.jscomp.Normalize#void#removeDuplicateDeclarations#?,Node,Node#704	0.7631009615384615	0.0	0.38155048076923076		_
com.google.javascript.jscomp.Normalize#void#removeDuplicateDeclarations#?,Node,Node#703	0.7631009615384615	0.0	0.38155048076923076		_
com.google.javascript.jscomp.Normalize#void#removeDuplicateDeclarations#?,Node,Node#701	0.7631009615384615	0.0	0.38155048076923076		_
com.google.javascript.jscomp.Normalize#void#removeDuplicateDeclarations#?,Node,Node#700	0.7631009615384615	0.0	0.38155048076923076		_
com.google.javascript.jscomp.Normalize#void#process#?,Node,Node#150	0.7631009615384615	0.0	0.38155048076923076		_
com.google.javascript.jscomp.Normalize#void#process#?,Node,Node#145	0.7631009615384615	0.0	0.38155048076923076		_
com.google.javascript.jscomp.Normalize#void#process#?,Node,Node#146	0.7631009615384615	0.0	0.38155048076923076		_
com.google.javascript.jscomp.Normalize#void#process#?,Node,Node#149	0.7631009615384615	0.0	0.38155048076923076		_
com.google.javascript.jscomp.Normalize#void#process#?,Node,Node#127	0.7631009615384615	0.0	0.38155048076923076		_
com.google.javascript.jscomp.Normalize#void#process#?,Node,Node#128	0.7631009615384615	0.0	0.38155048076923076		_
com.google.javascript.jscomp.Normalize#void#process#?,Node,Node#129	0.7631009615384615	0.0	0.38155048076923076		_
com.google.javascript.jscomp.Normalize$ScopeTicklingCallback#boolean#shouldTraverse#?,NodeTraversal,Node,Node#842	0.7631009615384615	0.0	0.38155048076923076		_
com.google.javascript.jscomp.Normalize$ScopeTicklingCallback#void#enterScope#?,NodeTraversal#831	0.7631009615384615	0.0	0.38155048076923076		_
com.google.javascript.jscomp.Normalize#void#process#?,Node,Node#123	0.7629807692307693	0.0	0.38149038461538465		_
com.google.javascript.jscomp.Normalize#?#Normalize#?,AbstractCompiler,boolean#81	0.7629807692307693	0.0	0.38149038461538465		_
com.google.javascript.jscomp.Normalize#?#Normalize#?,AbstractCompiler,boolean#80	0.7629807692307693	0.0	0.38149038461538465		_
com.google.javascript.jscomp.AbstractCompiler#void#setLifeCycleStage#?,LifeCycleStage#272	0.7611778846153846	0.0	0.3805889423076923		_
com.google.javascript.jscomp.SyntacticScopeCreator#Scope#createScope#?,Node,Scope#58	0.3377403846153846	0.4229567307692308	0.3803485576923077	!(parent == null)	_
com.google.javascript.jscomp.MakeDeclaredNamesUnique$ContextualRenamer#void#reserveName#?,String#493	0.7604567307692307	0.0	0.38022836538461535		_
com.google.javascript.jscomp.MakeDeclaredNamesUnique$ContextualRenamer#void#addDeclaredName#?,String#465	0.7604567307692307	0.0	0.38022836538461535		_
com.google.javascript.rhino.jstype.FunctionType#void#addSubType#?,FunctionType#1134	0.2633413461538462	0.4951923076923077	0.37926682692307695	subTypes == null	_
com.google.javascript.jscomp.MakeDeclaredNamesUnique#?#MakeDeclaredNamesUnique#?#64	0.7582932692307692	0.0	0.3791466346153846		_
com.google.javascript.jscomp.AstValidator#void#validateFunctionExpression#?,Node#360	0.7581730769230769	0.0	0.37908653846153845		_
com.google.javascript.jscomp.AstValidator#void#validateFunctionExpression#?,Node#361	0.7581730769230769	0.0	0.37908653846153845		_
com.google.javascript.jscomp.AstValidator#void#validateFunctionExpression#?,Node#362	0.7581730769230769	0.0	0.37908653846153845		_
com.google.javascript.jscomp.AstValidator#void#validateFunctionExpression#?,Node#363	0.7581730769230769	0.0	0.37908653846153845		_
com.google.javascript.jscomp.AstValidator#void#validateFunctionExpression#?,Node#364	0.7581730769230769	0.0	0.37908653846153845		_
com.google.javascript.jscomp.AstValidator#void#validateOptionalName#?,Node#347	0.7581730769230769	0.0	0.37908653846153845		_
com.google.javascript.jscomp.AstValidator#void#validateOptionalName#?,Node#348	0.7581730769230769	0.0	0.37908653846153845		_
com.google.javascript.jscomp.AstValidator#void#validateOptionalName#?,Node#346	0.7581730769230769	0.0	0.37908653846153845		_
com.google.javascript.jscomp.Normalize$NormalizeStatements#void#annotateConstantsByConvention#?,Node,Node#423	0.7578125	0.0	0.37890625		_
com.google.javascript.jscomp.Normalize$NormalizeStatements#void#annotateConstantsByConvention#?,Node,Node#434	0.7578125	0.0	0.37890625		_
com.google.javascript.jscomp.Normalize$NormalizeStatements#void#annotateConstantsByConvention#?,Node,Node#433	0.7578125	0.0	0.37890625		_
com.google.javascript.jscomp.Normalize$NormalizeStatements#void#annotateConstantsByConvention#?,Node,Node#438	0.7578125	0.0	0.37890625		_
com.google.javascript.jscomp.AbstractCompiler$LifeCycleStage#boolean#isNormalizedObfuscated#?#319	0.7578125	0.0	0.37890625		_
com.google.javascript.jscomp.Normalize$NormalizeStatements#void#visit#?,NodeTraversal,Node,Node#409	0.7578125	0.0	0.37890625		_
com.google.javascript.jscomp.Normalize$NormalizeStatements#void#visit#?,NodeTraversal,Node,Node#411	0.7578125	0.0	0.37890625		_
com.google.javascript.jscomp.Normalize$NormalizeStatements#void#doStatementNormalizations#?,Node#514	0.7575721153846153	0.0	0.37878605769230766		_
com.google.javascript.jscomp.Normalize$NormalizeStatements#boolean#shouldTraverse#?,NodeTraversal,Node,Node#379	0.7575721153846153	0.0	0.37878605769230766		_
com.google.javascript.jscomp.Normalize$NormalizeStatements#void#doStatementNormalizations#?,Node#520	0.7575721153846153	0.0	0.37878605769230766		_
com.google.javascript.jscomp.Normalize$NormalizeStatements#boolean#shouldTraverse#?,NodeTraversal,Node,Node#381	0.7575721153846153	0.0	0.37878605769230766		_
com.google.javascript.jscomp.Normalize$NormalizeStatements#void#extractForInitializer#?,Node,Node,Node#571	0.7575721153846153	0.0	0.37878605769230766		_
com.google.javascript.jscomp.Normalize$NormalizeStatements#void#extractForInitializer#?,Node,Node,Node#572	0.7575721153846153	0.0	0.37878605769230766		_
com.google.javascript.jscomp.Normalize$NormalizeStatements#void#extractForInitializer#?,Node,Node,Node#573	0.7575721153846153	0.0	0.37878605769230766		_
com.google.javascript.jscomp.Normalize$NormalizeStatements#void#extractForInitializer#?,Node,Node,Node#574	0.7575721153846153	0.0	0.37878605769230766		_
com.google.javascript.jscomp.Normalize$NormalizeStatements#?#NormalizeStatements#?,AbstractCompiler,boolean#366	0.7575721153846153	0.0	0.37878605769230766		_
com.google.javascript.jscomp.Normalize$NormalizeStatements#?#NormalizeStatements#?,AbstractCompiler,boolean#365	0.7575721153846153	0.0	0.37878605769230766		_
com.google.javascript.jscomp.Normalize$NormalizeStatements#void#splitVarDeclarations#?,Node#626	0.7575721153846153	0.0	0.37878605769230766		_
com.google.javascript.jscomp.Normalize$NormalizeStatements#void#visit#?,NodeTraversal,Node,Node#386	0.7575721153846153	0.0	0.37878605769230766		_
com.google.javascript.jscomp.MakeDeclaredNamesUnique$ContextualRenamer#String#getReplacementName#?,String#482	0.7573317307692308	0.0	0.3786658653846154		_
com.google.javascript.jscomp.NodeTraversal#void#traverseRoots#?,Node#295	0.7573317307692308	0.0	0.3786658653846154		_
com.google.javascript.jscomp.MakeDeclaredNamesUnique$ContextualRenamer#?#ContextualRenamer#?#438	0.7572115384615384	0.0	0.3786057692307692		_
com.google.javascript.jscomp.MakeDeclaredNamesUnique$ContextualRenamer#?#ContextualRenamer#?#439	0.7572115384615384	0.0	0.3786057692307692		_
com.google.javascript.jscomp.MakeDeclaredNamesUnique#void#enterScope#?,NodeTraversal#93	0.7569711538461539	0.0	0.37848557692307694		_
com.google.javascript.jscomp.SyntacticScopeCreator#void#scanRoot#?,Node#73	0.3377403846153846	0.41911057692307696	0.37842548076923077	n.isFunction()	_
com.google.javascript.jscomp.MakeDeclaredNamesUnique#String#getReplacementName#?,String#205	0.7552884615384615	0.0	0.37764423076923076		_
com.google.javascript.jscomp.MakeDeclaredNamesUnique#void#findDeclaredNames#?,Node,Node,Renamer#226	0.7551682692307693	0.0	0.37758413461538465		_
com.google.javascript.jscomp.MakeDeclaredNamesUnique#void#visit#?,NodeTraversal,Node,Node#162	0.755048076923077	0.0	0.3775240384615385		_
com.google.javascript.jscomp.MakeDeclaredNamesUnique#void#visit#?,NodeTraversal,Node,Node#172	0.755048076923077	0.0	0.3775240384615385		_
com.google.javascript.jscomp.MakeDeclaredNamesUnique#String#getReplacementName#?,String#199	0.755048076923077	0.0	0.3775240384615385		_
com.google.javascript.jscomp.MakeDeclaredNamesUnique#String#getReplacementName#?,String#200	0.755048076923077	0.0	0.3775240384615385		_
com.google.javascript.jscomp.MakeDeclaredNamesUnique#?#MakeDeclaredNamesUnique#?,Renamer#68	0.7549278846153846	0.0	0.3774639423076923		_
com.google.javascript.jscomp.MakeDeclaredNamesUnique#void#visit#?,NodeTraversal,Node,Node#160	0.7549278846153846	0.0	0.3774639423076923		_
com.google.javascript.jscomp.MakeDeclaredNamesUnique#void#enterScope#?,NodeTraversal#77	0.7549278846153846	0.0	0.3774639423076923		_
com.google.javascript.jscomp.MakeDeclaredNamesUnique#void#enterScope#?,NodeTraversal#78	0.7549278846153846	0.0	0.3774639423076923		_
com.google.javascript.jscomp.MakeDeclaredNamesUnique#void#enterScope#?,NodeTraversal#86	0.7549278846153846	0.0	0.3774639423076923		_
com.google.javascript.jscomp.MakeDeclaredNamesUnique#void#enterScope#?,NodeTraversal#85	0.7549278846153846	0.0	0.3774639423076923		_
com.google.javascript.jscomp.MakeDeclaredNamesUnique#void#enterScope#?,NodeTraversal#82	0.7549278846153846	0.0	0.3774639423076923		_
com.google.javascript.jscomp.MakeDeclaredNamesUnique#void#enterScope#?,NodeTraversal#95	0.7549278846153846	0.0	0.3774639423076923		_
com.google.javascript.jscomp.MakeDeclaredNamesUnique#boolean#shouldTraverse#?,NodeTraversal,Node,Node#155	0.7549278846153846	0.0	0.3774639423076923		_
com.google.javascript.jscomp.MakeDeclaredNamesUnique#boolean#shouldTraverse#?,NodeTraversal,Node,Node#108	0.7549278846153846	0.0	0.3774639423076923		_
com.google.javascript.jscomp.CodeGenerator#void#add#?,Node,Context#553	0.7536057692307692	0.0	0.3768028846153846		_
com.google.javascript.jscomp.CodeGenerator#void#add#?,Node,Context#558	0.7533653846153846	0.0	0.3766826923076923		_
com.google.javascript.jscomp.CodeGenerator#void#add#?,Node,Context#557	0.7533653846153846	0.0	0.3766826923076923		_
com.google.javascript.jscomp.CodeGenerator#void#add#?,Node,Context#556	0.7533653846153846	0.0	0.3766826923076923		_
com.google.javascript.jscomp.CodeGenerator#void#add#?,Node,Context#555	0.7533653846153846	0.0	0.3766826923076923		_
com.google.javascript.jscomp.CodeGenerator#boolean#isIndirectEval#?,Node#841	0.7533653846153846	0.0	0.3766826923076923		_
com.google.javascript.jscomp.AbstractCompiler$LifeCycleStage#boolean#isNormalized#?#311	0.7532451923076923	0.0	0.37662259615384613		_
com.google.javascript.jscomp.CodePrinter$CompactCodePrinter#void#maybeLineBreak#?#484	0.7532451923076923	0.0	0.37662259615384613		_
com.google.javascript.rhino.InputId#String#toString#?#74	0.7518028846153846	0.0	0.3759014423076923		_
com.google.javascript.rhino.Node#String#propToString#?,int#123	0.7518028846153846	0.0	0.3759014423076923		_
com.google.javascript.rhino.Node#String#propToString#?,int#135	0.7518028846153846	0.0	0.3759014423076923		_
com.google.javascript.rhino.Node$IntPropListItem#String#toString#?#349	0.7502403846153847	0.0	0.37512019230769234		_
com.google.javascript.rhino.Node#boolean#isEquivalentTo#?,Node,boolean,boolean,boolean#1559	0.75	0.0	0.375		_
com.google.javascript.rhino.Node$ObjectPropListItem#String#toString#?#317	0.75	0.0	0.375		_
com.google.javascript.rhino.Node#int[]#getSortedPropTypes#?#878	0.75	0.0	0.375		_
com.google.javascript.rhino.Node#int[]#getSortedPropTypes#?#873	0.75	0.0	0.375		_
com.google.javascript.rhino.Node#void#toString#?,StringBuilder,boolean,boolean,boolean#981	0.75	0.0	0.375		_
com.google.javascript.rhino.Node#void#toString#?,StringBuilder,boolean,boolean,boolean#980	0.75	0.0	0.375		_
com.google.javascript.rhino.Node#void#toString#?,StringBuilder,boolean,boolean,boolean#986	0.75	0.0	0.375		_
com.google.javascript.rhino.Node#void#toString#?,StringBuilder,boolean,boolean,boolean#989	0.75	0.0	0.375		_
com.google.javascript.rhino.Node#void#toString#?,StringBuilder,boolean,boolean,boolean#988	0.75	0.0	0.375		_
com.google.javascript.rhino.Node#void#toString#?,StringBuilder,boolean,boolean,boolean#983	0.75	0.0	0.375		_
com.google.javascript.rhino.Node#void#toString#?,StringBuilder,boolean,boolean,boolean#982	0.75	0.0	0.375		_
com.google.javascript.rhino.Node#void#toString#?,StringBuilder,boolean,boolean,boolean#985	0.75	0.0	0.375		_
com.google.javascript.rhino.Node#void#toString#?,StringBuilder,boolean,boolean,boolean#984	0.75	0.0	0.375		_
com.google.javascript.rhino.Node#void#toString#?,StringBuilder,boolean,boolean,boolean#992	0.75	0.0	0.375		_
com.google.javascript.rhino.Node#void#toString#?,StringBuilder,boolean,boolean,boolean#991	0.75	0.0	0.375		_
com.google.javascript.rhino.Node#void#toString#?,StringBuilder,boolean,boolean,boolean#972	0.75	0.0	0.375		_
com.google.javascript.rhino.Node#void#toString#?,StringBuilder,boolean,boolean,boolean#973	0.75	0.0	0.375		_
com.google.javascript.jscomp.SourceFile#String#toString#?#303	0.75	0.0	0.375		_
com.google.javascript.rhino.Node#String#propToString#?,int#114	0.75	0.0	0.375		_
com.google.javascript.rhino.Node#String#propToString#?,int#134	0.75	0.0	0.375		_
com.google.javascript.rhino.Node#void#toString#?,StringBuilder,boolean,boolean,boolean#953	0.7492788461538462	0.0	0.3746394230769231		_
com.google.javascript.rhino.Node#void#toString#?,StringBuilder,boolean,boolean,boolean#954	0.7492788461538462	0.0	0.3746394230769231		_
com.google.javascript.rhino.Token#String#name#?,int#263	0.7489182692307692	0.0	0.3744591346153846		_
com.google.javascript.rhino.Node#void#toStringTreeHelper#?,Node,int,Appendable#1036	0.7486778846153845	0.0	0.37433894230769227		_
com.google.javascript.rhino.Node#void#toStringTreeHelper#?,Node,int,Appendable#1029	0.7486778846153845	0.0	0.37433894230769227		_
com.google.javascript.rhino.Node#String#toStringTreeImpl#?#1014	0.7484375	0.0	0.37421875		_
com.google.javascript.rhino.Node#String#toStringTreeImpl#?#1015	0.7484375	0.0	0.37421875		_
com.google.javascript.rhino.Node#String#toStringTreeImpl#?#1016	0.7484375	0.0	0.37421875		_
com.google.javascript.rhino.Node#String#toStringTree#?#1009	0.7484375	0.0	0.37421875		_
com.google.javascript.rhino.Node#void#toStringTreeHelper#?,Node,int,Appendable#1031	0.7484375	0.0	0.37421875		_
com.google.javascript.rhino.Node#void#toStringTreeHelper#?,Node,int,Appendable#1032	0.7484375	0.0	0.37421875		_
com.google.javascript.rhino.Node#void#appendStringTree#?,Appendable#1023	0.7484375	0.0	0.37421875		_
com.google.javascript.jscomp.Scope$Var#JSDocInfo#getJSDocInfo#?#251	0.7483173076923078	0.0	0.3741586538461539		_
com.google.javascript.rhino.Node#int[]#getSortedPropTypes#?#876	0.7480769230769231	0.0	0.37403846153846154		_
com.google.javascript.rhino.Node#int[]#getSortedPropTypes#?#871	0.7480769230769231	0.0	0.37403846153846154		_
com.google.javascript.rhino.Node#int[]#getSortedPropTypes#?#882	0.7480769230769231	0.0	0.37403846153846154		_
com.google.javascript.rhino.Node#int[]#getSortedPropTypes#?#883	0.7480769230769231	0.0	0.37403846153846154		_
com.google.javascript.rhino.Node#String#toString#?#934	0.7480769230769231	0.0	0.37403846153846154		_
com.google.javascript.rhino.Node#void#toString#?,StringBuilder,boolean,boolean,boolean#978	0.7480769230769231	0.0	0.37403846153846154		_
com.google.javascript.rhino.Node#void#toString#?,StringBuilder,boolean,boolean,boolean#970	0.7480769230769231	0.0	0.37403846153846154		_
com.google.javascript.jscomp.AbstractCompiler#LifeCycleStage#getLifeCycleStage#?#195	0.7478365384615384	0.0	0.3739182692307692		_
com.google.javascript.jscomp.GoogleCodingConvention#boolean#isConstant#?,String#73	0.7477163461538461	0.0	0.37385817307692304		_
com.google.javascript.rhino.Token#String#name#?,int#266	0.7473557692307693	0.0	0.37367788461538465		_
com.google.javascript.rhino.Node#void#toString#?,StringBuilder,boolean,boolean,boolean#951	0.7461538461538462	0.0	0.3730769230769231		_
com.google.javascript.rhino.Node#String#toString#?,boolean,boolean,boolean#941	0.7461538461538462	0.0	0.3730769230769231		_
com.google.javascript.rhino.Node#String#toString#?,boolean,boolean,boolean#942	0.7461538461538462	0.0	0.3730769230769231		_
com.google.javascript.rhino.Node#String#toString#?,boolean,boolean,boolean#943	0.7461538461538462	0.0	0.3730769230769231		_
com.google.javascript.jscomp.AstValidator#void#validateBlock#?,Node#281	0.7455528846153846	0.0	0.3727764423076923		_
com.google.javascript.jscomp.SyntacticScopeCreator#?#SyntacticScopeCreator#?,AbstractCompiler,RedeclarationHandler#51	0.7438701923076922	0.0	0.3719350961538461		_
com.google.javascript.jscomp.SyntacticScopeCreator#?#SyntacticScopeCreator#?,AbstractCompiler,RedeclarationHandler#52	0.7438701923076922	0.0	0.3719350961538461		_
com.google.javascript.jscomp.NodeTraversal#JSModule#getModule#?#446	0.7396634615384615	0.0	0.36983173076923076		_
com.google.javascript.jscomp.NodeTraversal#JSModule#getModule#?#447	0.7396634615384615	0.0	0.36983173076923076		_
com.google.javascript.jscomp.CompilerInput#JSModule#getModule#?#321	0.7348557692307692	0.0	0.3674278846153846		_
com.google.javascript.jscomp.GoogleCodingConvention#boolean#isConstant#?,String#86	0.7346153846153847	0.0	0.36730769230769234		_
com.google.javascript.jscomp.GoogleCodingConvention#boolean#isConstant#?,String#78	0.7346153846153847	0.0	0.36730769230769234		_
com.google.javascript.jscomp.Compiler#void#reconcileOptionsWithGuards#?#347	0.1912259615384615	0.5318509615384616	0.36153846153846153	!(!options.checkSymbols && !options.enables(DiagnosticGroups.CHECK_VARIABLES))	_
com.google.javascript.rhino.Node#boolean#isStringKey#?#2406	0.7201923076923077	0.0	0.36009615384615384		_
com.google.javascript.jscomp.NodeUtil#boolean#isExprAssign#?,Node#1621	0.7176682692307692	0.0	0.3588341346153846		_
com.google.javascript.jscomp.SyntacticScopeCreator#void#declareVar#?,Node#195	0.35805288461538465	0.35805288461538465	0.35805288461538465	!(scope.isDeclared(name,false) || (scope.isLocal() && name.equals(ARGUMENTS)))	_
com.google.javascript.jscomp.CodeConsumer#void#endFunction#?,boolean#167	0.7143028846153846	0.0	0.3571514423076923		_
com.google.javascript.jscomp.CodeGenerator#void#add#?,Node,Context#311	0.7143028846153846	0.0	0.3571514423076923		_
com.google.javascript.jscomp.CodeGenerator#void#add#?,Node,Context#312	0.7143028846153846	0.0	0.3571514423076923		_
com.google.javascript.jscomp.CodeGenerator#void#add#?,Node,Context#318	0.7143028846153846	0.0	0.3571514423076923		_
com.google.javascript.jscomp.CodeGenerator#void#add#?,Node,Context#317	0.7143028846153846	0.0	0.3571514423076923		_
com.google.javascript.jscomp.CodeGenerator#void#add#?,Node,Context#322	0.7143028846153846	0.0	0.3571514423076923		_
com.google.javascript.jscomp.CodeGenerator#void#add#?,Node,Context#320	0.7143028846153846	0.0	0.3571514423076923		_
com.google.javascript.jscomp.CodeGenerator#void#add#?,Node,Context#321	0.7143028846153846	0.0	0.3571514423076923		_
com.google.javascript.jscomp.CodeGenerator#void#add#?,Node,Context#327	0.7143028846153846	0.0	0.3571514423076923		_
com.google.javascript.rhino.Node#boolean#isLabel#?#2342	0.7098557692307692	0.0	0.3549278846153846		_
com.google.javascript.jscomp.CodeGenerator#void#add#?,Node,Context#235	0.7098557692307692	0.0	0.3549278846153846		_
com.google.javascript.jscomp.CodeGenerator#void#add#?,Node,Context#234	0.7098557692307692	0.0	0.3549278846153846		_
com.google.javascript.jscomp.CodeGenerator#void#add#?,Node,Context#237	0.7098557692307692	0.0	0.3549278846153846		_
com.google.javascript.jscomp.CodeGenerator#void#add#?,Node,Context#236	0.7098557692307692	0.0	0.3549278846153846		_
com.google.javascript.jscomp.NodeTraversal#void#traverseBranch#?,Node,Node#523	0.15781250000000002	0.5510817307692308	0.35444711538461543	!callback.shouldTraverse(this,n,parent)	_
com.google.javascript.jscomp.NodeUtil#boolean#isVarDeclaration#?,Node#1594	0.708173076923077	0.0	0.3540865384615385		_
com.google.javascript.jscomp.CodeConsumer#boolean#breakAfterBlockFor#?,Node,boolean#317	0.7067307692307692	0.0	0.3533653846153846		_
com.google.javascript.jscomp.PrepareAst$PrepareAnnotations#void#annotateCalls#?,Node#170	0.7057692307692307	0.0	0.35288461538461535		_
com.google.javascript.jscomp.CodeGenerator#void#add#?,Node,Context#395	0.7054086538461539	0.0	0.35270432692307696		_
com.google.javascript.jscomp.CodeConsumer#void#appendBlockEnd#?#80	0.7051682692307693	0.0	0.3525841346153846		_
com.google.javascript.jscomp.CodeConsumer#void#appendBlockStart#?#76	0.7051682692307693	0.0	0.3525841346153846		_
com.google.javascript.rhino.Node#boolean#isHook#?#2322	0.7049278846153846	0.0	0.3524639423076923		_
com.google.javascript.jscomp.NodeUtil#void#mtocHelper#?,Map<Node,Node>,Node,Node#3335	0.703485576923077	0.0	0.3517427884615385		_
com.google.javascript.jscomp.AstValidator#void#validateCall#?,Node#378	0.7025240384615384	0.0	0.3512620192307692		_
com.google.javascript.jscomp.AstValidator#void#validateCall#?,Node#375	0.7025240384615384	0.0	0.3512620192307692		_
com.google.javascript.jscomp.AstValidator#void#validateCall#?,Node#376	0.7025240384615384	0.0	0.3512620192307692		_
com.google.javascript.jscomp.AstValidator#void#validateExpression#?,Node#261	0.7025240384615384	0.0	0.3512620192307692		_
com.google.javascript.jscomp.AstValidator#void#validateExpression#?,Node#262	0.7025240384615384	0.0	0.3512620192307692		_
com.google.javascript.jscomp.NodeTraversal#int#getScopeDepth#?#676	0.3512019230769231	0.3512019230769231	0.3512019230769231	(scopes.size() + scopeRoots.size())!= 0	_
com.google.javascript.jscomp.CodeGenerator#void#add#?,Node,Context#201	0.7016826923076923	0.0	0.35084134615384616		_
com.google.javascript.jscomp.CodeGenerator#void#add#?,Node,Context#200	0.7016826923076923	0.0	0.35084134615384616		_
com.google.javascript.jscomp.CodeGenerator#void#add#?,Node,Context#203	0.7016826923076923	0.0	0.35084134615384616		_
com.google.javascript.jscomp.CodeGenerator#void#add#?,Node,Context#409	0.7010817307692307	0.0	0.3505408653846154		_
com.google.javascript.jscomp.CodeGenerator#void#add#?,Node,Context#381	0.7010817307692307	0.0	0.3505408653846154		_
com.google.javascript.jscomp.CodeConsumer#void#beginBlock#?#107	0.6993990384615385	0.0	0.34969951923076925		_
com.google.javascript.jscomp.CodeConsumer#void#beginBlock#?#106	0.6993990384615385	0.0	0.34969951923076925		_
com.google.javascript.jscomp.CodeConsumer#void#beginBlock#?#104	0.6993990384615385	0.0	0.34969951923076925		_
com.google.javascript.jscomp.CodeConsumer#void#endBlock#?,boolean#115	0.6993990384615385	0.0	0.34969951923076925		_
com.google.javascript.jscomp.CodeConsumer#void#endBlock#?,boolean#119	0.6993990384615385	0.0	0.34969951923076925		_
com.google.javascript.jscomp.SyntacticScopeCreator#void#scanVars#?,Node#158	0.3377403846153846	0.3609375	0.3493389423076923	!(NodeUtil.isControlStructure(n) || NodeUtil.isStatementBlock(n))	_
com.google.javascript.rhino.Token#String#name#?,int#212	0.698076923076923	0.0	0.3490384615384615		_
com.google.javascript.rhino.Node#boolean#isAnd#?#2222	0.692548076923077	0.0	0.3462740384615385		_
com.google.javascript.jscomp.AstValidator#void#validateAssignmentExpression#?,Node#602	0.6921875	0.0	0.34609375		_
com.google.javascript.jscomp.AstValidator#void#validateAssignmentExpression#?,Node#604	0.6921875	0.0	0.34609375		_
com.google.javascript.jscomp.AstValidator#void#validateAssignmentExpression#?,Node#603	0.6921875	0.0	0.34609375		_
com.google.javascript.jscomp.AstValidator#void#validateExpression#?,Node#221	0.6921875	0.0	0.34609375		_
com.google.javascript.jscomp.AstValidator#void#validateExpression#?,Node#220	0.6921875	0.0	0.34609375		_
com.google.javascript.jscomp.AstValidator#void#validateAssignmentTarget#?,Node#613	0.6897836538461539	0.0	0.34489182692307696		_
com.google.javascript.jscomp.AstValidator#void#validateAssignmentTarget#?,Node#612	0.6897836538461539	0.0	0.34489182692307696		_
com.google.javascript.jscomp.AstValidator#void#validateAssignmentTarget#?,Node#608	0.6897836538461539	0.0	0.34489182692307696		_
com.google.javascript.rhino.Node#boolean#isOr#?#2378	0.6888221153846155	0.0	0.34441105769230773		_
com.google.javascript.jscomp.Scope#boolean#isDeclared#?,String,boolean#557	0.34423076923076923	0.34423076923076923	0.34423076923076923	!(scope.parent != null && recurse)	_
com.google.javascript.jscomp.Scope#boolean#isDeclared#?,String,boolean#554	0.3441105769230769	0.34423076923076923	0.34417067307692306	!(scope.vars.containsKey(name))	_
com.google.javascript.jscomp.CodeConsumer#void#maybeEndStatement#?#154	0.6881009615384616	0.0	0.3440504807692308		_
com.google.javascript.jscomp.CodeConsumer#void#maybeEndStatement#?#157	0.6881009615384616	0.0	0.3440504807692308		_
com.google.javascript.jscomp.CodeConsumer#void#maybeEndStatement#?#156	0.6881009615384616	0.0	0.3440504807692308		_
com.google.javascript.jscomp.CodeConsumer#void#maybeEndStatement#?#155	0.6881009615384616	0.0	0.3440504807692308		_
com.google.javascript.jscomp.AstValidator#void#validateGetProp#?,Node#623	0.6873798076923077	0.0	0.34368990384615383		_
com.google.javascript.jscomp.AstValidator#void#validateGetProp#?,Node#622	0.6873798076923077	0.0	0.34368990384615383		_
com.google.javascript.jscomp.AstValidator#void#validateGetProp#?,Node#621	0.6873798076923077	0.0	0.34368990384615383		_
com.google.javascript.jscomp.AstValidator#void#validateGetProp#?,Node#626	0.6873798076923077	0.0	0.34368990384615383		_
com.google.javascript.jscomp.AstValidator#void#validateGetProp#?,Node#624	0.6873798076923077	0.0	0.34368990384615383		_
com.google.javascript.jscomp.AstValidator#void#validateGetProp#?,Node#625	0.6873798076923077	0.0	0.34368990384615383		_
com.google.javascript.jscomp.AstValidator#void#validateExpression#?,Node#245	0.6873798076923077	0.0	0.34368990384615383		_
com.google.javascript.jscomp.AstValidator#void#validateExpression#?,Node#246	0.6873798076923077	0.0	0.34368990384615383		_
com.google.javascript.jscomp.NodeTraversal#Scope#getScope#?#634	0.3265625	0.3568509615384615	0.34170673076923075	scopeRoots.isEmpty()	_
com.google.javascript.rhino.Node#boolean#isEquivalentTo#?,Node,boolean,boolean,boolean#1542	0.676923076923077	0.0	0.3384615384615385		_
com.google.javascript.rhino.Node#boolean#isEquivalentTo#?,Node,boolean,boolean,boolean#1541	0.676923076923077	0.0	0.3384615384615385		_
com.google.javascript.jscomp.SyntacticScopeCreator#void#scanVars#?,Node#160	0.33798076923076925	0.33798076923076925	0.33798076923076925	child != null	_
com.google.javascript.jscomp.NodeTraversal#Scope#getScope#?#639	0.3375	0.3375	0.3375	!(it.hasNext())	_
com.google.javascript.rhino.Token#String#name#?,int#182	0.6705528846153845	0.0	0.33527644230769227		_
com.google.javascript.jscomp.Compiler#void#reportCodeChange#?#2051	0.6671875	0.0	0.33359375		_
com.google.javascript.jscomp.Compiler#void#reportCodeChange#?#2050	0.6671875	0.0	0.33359375		_
com.google.javascript.jscomp.RecentChange#void#reportChange#?#28	0.6670673076923077	0.0	0.33353365384615385		_
com.google.javascript.jscomp.NodeTraversal#Node#getScopeRoot#?#661	0.26538461538461533	0.39819711538461533	0.33179086538461533	scopeRoots.isEmpty()	_
com.google.javascript.rhino.jstype.TemplateTypeMap#boolean#checkEquivalenceHelper#?,TemplateTypeMap,EquivalenceMethod#216	0.32872596153846156	0.3322115384615385	0.33046875000000003	!(thisKey == thatKey)	_
com.google.javascript.jscomp.Scope$Var#?#Var#?,boolean,String,Node,JSType,Scope,int,CompilerInput#126	0.3302884615384616	0.3302884615384616	0.3302884615384616	this.index <= index	_
com.google.javascript.rhino.jstype.TemplateTypeMap#boolean#checkEquivalenceHelper#?,TemplateTypeMap,EquivalenceMethod#209	0.32872596153846156	0.32872596153846156	0.32872596153846156	j < thatKeys.size()	_
com.google.javascript.jscomp.NodeUtil#boolean#isConstantByConvention#?,CodingConvention,Node,Node#2876	0.6472355769230769	0.0	0.32361778846153844		_
com.google.javascript.jscomp.parsing.IRFactory#int#position2charno#?,int#518	0.14266826923076925	0.5021634615384616	0.3224158653846154	(position)< 0	_
com.google.javascript.rhino.Node#void#setLineno#?,int#1167	0.1413461538461539	0.5022836538461539	0.3218149038461539	sourcePosition == lineno	_
com.google.javascript.rhino.Node#void#setLineno#?,int#1165	0.1413461538461539	0.5022836538461539	0.3218149038461539	charno > lineno	_
com.google.javascript.rhino.Node#void#setCharno#?,int#1171	0.14146634615384612	0.5008413461538461	0.3211538461538461	sourcePosition == charno	_
com.google.javascript.rhino.jstype.ObjectType#boolean#isImplicitPrototype#?,ObjectType#536	0.31153846153846154	0.33016826923076925	0.3208533653846154	current.isEquivalentTo(prototype)	_
com.google.javascript.jscomp.CodeGenerator#void#addList#?,Node,boolean,Context#958	0.6393028846153845	0.0	0.31965144230769227		_
com.google.javascript.jscomp.CodeGenerator#void#addList#?,Node,boolean,Context#960	0.6393028846153845	0.0	0.31965144230769227		_
com.google.javascript.jscomp.JsAst#Node#getAstRoot#?,AbstractCompiler#49	0.1599759615384615	0.475	0.31748798076923074	!(root == null)	_
com.google.javascript.jscomp.CodeGenerator#void#addList#?,Node#948	0.6316105769230769	0.0	0.31580528846153844		_
com.google.javascript.rhino.jstype.ObjectType#boolean#isImplicitPrototype#?,ObjectType#531	0.31153846153846154	0.3128605769230769	0.3121995192307692	!(current != null)	_
com.google.javascript.rhino.jstype.ObjectType#boolean#isImplicitPrototype#?,ObjectType#533	0.31153846153846154	0.31153846153846154	0.31153846153846154	!(current.isTemplatizedType())	_
com.google.javascript.jscomp.CodeGenerator#void#add#?,Node,Context#644	0.617548076923077	0.0	0.3087740384615385		_
com.google.javascript.jscomp.CodeGenerator#void#add#?,Node,Context#645	0.617548076923077	0.0	0.3087740384615385		_
com.google.javascript.jscomp.CodeGenerator#void#add#?,Node,Context#646	0.617548076923077	0.0	0.3087740384615385		_
com.google.javascript.jscomp.CodeGenerator#void#add#?,Node,Context#647	0.617548076923077	0.0	0.3087740384615385		_
com.google.javascript.jscomp.CodePrinter$CompactCodePrinter#void#maybeLineBreak#?#482	0.616826923076923	0.0	0.3084134615384615		_
com.google.javascript.jscomp.CodePrinter$CompactCodePrinter#void#maybeLineBreak#?#489	0.616826923076923	0.0	0.3084134615384615		_
com.google.javascript.jscomp.PrepareAst$PrepareAnnotations#void#annotateDispatchers#?,Node,Node#186	0.3072115384615385	0.3073317307692308	0.30727163461538465	!(parent.getJSDocInfo() != null && parent.getJSDocInfo().isJavaDispatch())	_
com.google.javascript.rhino.jstype.JSTypeRegistry#void#addReferenceTypeIndexedByProperty#?,String,JSType#649	0.28449519230769227	0.3300480769230769	0.3072716346153846	!(typeSet == null)	_
com.google.javascript.jscomp.AstValidator#void#validateParameters#?,Node#368	0.6109375	0.0	0.30546875		_
com.google.javascript.rhino.jstype.InstanceObjectType#boolean#defineProperty#?,String,JSType,boolean,Node#89	0.30516826923076923	0.30516826923076923	0.30516826923076923	!(proto != null && proto.hasOwnDeclaredProperty(name))	_
com.google.javascript.rhino.Node#int#mergeLineCharNo#?,int,int#1194	0.10637019230769229	0.4989182692307692	0.30264423076923075	lineno < 0 || charno < 0	_
com.google.javascript.jscomp.parsing.IRFactory$TransformDispatcher#Node#processFunctionNode#?,FunctionNode#839	0.3021634615384615	0.3021634615384615	0.3021634615384615	!(!bodyNode.isBlock())	_
com.google.javascript.jscomp.parsing.IRFactory#Node#transformNodeWithInlineJsDoc#?,AstNode#399	0.3020432692307692	0.3021634615384615	0.30210336538461535	!(comment != null)	_
com.google.javascript.jscomp.Compiler#void#initOptions#?,CompilerOptions#285	0.1912259615384615	0.41237980769230764	0.30180288461538457	errorManager == null	_
com.google.javascript.jscomp.CodeGenerator#Context#getContextForNoInOperator#?,Context#1274	0.6030048076923077	0.0	0.30150240384615384		_
com.google.javascript.jscomp.DiagnosticGroupWarningsGuard#boolean#enables#?,DiagnosticGroup#49	0.2919471153846154	0.3099759615384615	0.30096153846153845	group.matches(type)	_
com.google.javascript.rhino.jstype.JSTypeRegistry#void#registerPropertyOnType#?,String,JSType#632	0.2793269230769231	0.32079326923076923	0.30006009615384616	!(typeSet == null)	_
com.google.javascript.jscomp.AstValidator#void#validateStatement#?,Node#124	0.5983173076923076	0.0	0.2991586538461538		_
com.google.javascript.jscomp.AstValidator#void#validateStatement#?,Node#123	0.5983173076923076	0.0	0.2991586538461538		_
com.google.javascript.jscomp.AstValidator#void#validateVar#?,Node#397	0.5974759615384615	0.0	0.29873798076923075		_
com.google.javascript.jscomp.AstValidator#void#validateVar#?,Node#396	0.5974759615384615	0.0	0.29873798076923075		_
com.google.javascript.jscomp.AstValidator#void#validateVar#?,Node#398	0.5974759615384615	0.0	0.29873798076923075		_
com.google.javascript.jscomp.AstValidator#void#validateVar#?,Node#391	0.5974759615384615	0.0	0.29873798076923075		_
com.google.javascript.jscomp.AstValidator#void#validateVar#?,Node#392	0.5974759615384615	0.0	0.29873798076923075		_
com.google.javascript.rhino.jstype.PropertyMap#void#putProperty#?,String,Property#194	0.2979567307692308	0.2979567307692308	0.2979567307692308	!(oldProp != null)	_
com.google.javascript.rhino.jstype.PrototypeObjectType#boolean#defineProperty#?,String,JSType,boolean,Node#137	0.2979567307692308	0.2979567307692308	0.2979567307692308	!(hasOwnDeclaredProperty(name))	_
com.google.javascript.rhino.jstype.FunctionParamBuilder#boolean#addVarArgs#?,JSType#95	0.2975961538461539	0.2975961538461539	0.2975961538461539	!(hasVarArgs())	_
com.google.javascript.rhino.jstype.FunctionParamBuilder#boolean#addOptionalParams#?,JSType#80	0.29663461538461533	0.29663461538461533	0.29663461538461533	!(hasVarArgs())	_
com.google.javascript.jscomp.AstValidator#void#validateBlock#?,Node#279	0.5891826923076924	0.0	0.2945913461538462		_
com.google.javascript.rhino.jstype.JSTypeRegistry#JSType#createOptionalType#?,JSType#998	0.29026442307692313	0.2984375	0.2943509615384616	type instanceof UnknownType || type.isAllType()	_
com.google.javascript.jscomp.parsing.IRFactory$TransformDispatcher#Node#processVariableInitializer#?,VariableInitializer#1250	0.29411057692307696	0.2942307692307692	0.2941706730769231	!(comment != null && !comment.getValue().contains("@"))	_
com.google.javascript.jscomp.parsing.IRFactory$TransformDispatcher#Node#processVariableDeclaration#?,VariableDeclaration#1232	0.29411057692307696	0.2942307692307692	0.2941706730769231	!(!config.acceptConstKeyword && declarationNode.getType() == com.google.javascript.rhino.head.Token.CONST)	_
com.google.javascript.jscomp.parsing.TypeSafeDispatcher#T#process#?,AstNode#269	0.29411057692307696	0.29411057692307696	0.29411057692307696	!(node instanceof VariableDeclaration)	_
com.google.javascript.jscomp.parsing.TypeSafeDispatcher#T#process#?,AstNode#271	0.29411057692307696	0.29411057692307696	0.29411057692307696	node instanceof VariableInitializer	_
com.google.javascript.rhino.jstype.UnionTypeBuilder#UnionTypeBuilder#addAlternate#?,JSType#271	0.29110576923076925	0.29110576923076925	0.29110576923076925	functionTypePosition >= currentIndex	_
com.google.javascript.jscomp.parsing.TypeSafeDispatcher#T#process#?,AstNode#173	0.28149038461538467	0.29735576923076923	0.28942307692307695	node instanceof Block	_
com.google.javascript.rhino.jstype.FunctionParamBuilder#boolean#addRequiredParams#?,JSType#63	0.2879807692307692	0.2879807692307692	0.2879807692307692	!(hasOptionalOrVarArgs())	_
com.google.javascript.rhino.Node#Iterable<Node>#children#?#1243	0.5737980769230769	0.0	0.28689903846153847		_
com.google.javascript.jscomp.LineNumberCheck#void#process#?,Node,Node#54	0.5716346153846155	0.0	0.28581730769230773		_
com.google.javascript.jscomp.LineNumberCheck#void#process#?,Node,Node#52	0.5716346153846155	0.0	0.28581730769230773		_
com.google.javascript.rhino.jstype.TemplateTypeMap#boolean#checkEquivalenceHelper#?,TemplateTypeMap,EquivalenceMethod#231	0.25757211538461533	0.31310096153846156	0.28533653846153845	!(failedEquivalenceCheck(thisMatch,eqMethod))	_
com.google.javascript.rhino.Node$SiblingNodeIterable#Iterator<Node>#iterator#?#1278	0.5704326923076923	0.0	0.28521634615384617		_
com.google.javascript.rhino.Node$SiblingNodeIterable#Iterator<Node>#iterator#?#1279	0.5704326923076923	0.0	0.28521634615384617		_
com.google.javascript.rhino.Node$SiblingNodeIterable#boolean#hasNext#?#1293	0.5704326923076923	0.0	0.28521634615384617		_
com.google.javascript.rhino.Node$SiblingNodeIterable#?#SiblingNodeIterable#?,Node#1270	0.5704326923076923	0.0	0.28521634615384617		_
com.google.javascript.rhino.Node$SiblingNodeIterable#?#SiblingNodeIterable#?,Node#1271	0.5704326923076923	0.0	0.28521634615384617		_
com.google.javascript.rhino.Node$SiblingNodeIterable#?#SiblingNodeIterable#?,Node#1272	0.5704326923076923	0.0	0.28521634615384617		_
com.google.javascript.rhino.Node$SiblingNodeIterable#Node#next#?#1304	0.5704326923076923	0.0	0.28521634615384617		_
com.google.javascript.rhino.Node$SiblingNodeIterable#Node#next#?#1302	0.5704326923076923	0.0	0.28521634615384617		_
com.google.javascript.jscomp.AstValidator#void#validateMaximumChildCount#?,Node,int#811	0.5704326923076923	0.0	0.28521634615384617		_
com.google.javascript.jscomp.graph.LinkedDirectedGraph#boolean#isConnectedInDirection#?,N,E,N#200	0.5703125	0.0	0.28515625		_
com.google.javascript.jscomp.parsing.IRFactory$TransformDispatcher#Node#processGeneric#?,com.google.javascript.rhino.head.Node#534	0.5693509615384615	0.0	0.28467548076923077		_
com.google.javascript.jscomp.parsing.IRFactory$TransformDispatcher#Node#processGeneric#?,com.google.javascript.rhino.head.Node#533	0.5693509615384615	0.0	0.28467548076923077		_
com.google.javascript.jscomp.graph.LinkedDirectedGraph#boolean#isConnectedInDirection#?,N,Predicate<E>,N#205	0.5693509615384615	0.0	0.28467548076923077		_
com.google.javascript.jscomp.graph.LinkedDirectedGraph#boolean#isConnectedInDirection#?,N,Predicate<E>,N#206	0.5693509615384615	0.0	0.28467548076923077		_
com.google.javascript.jscomp.graph.LinkedDirectedGraph#boolean#isConnectedInDirection#?,N,Predicate<E>,N#214	0.5693509615384615	0.0	0.28467548076923077		_
com.google.javascript.jscomp.LineNumberCheck#boolean#shouldTraverse#?,NodeTraversal,Node,Node#62	0.5682692307692307	0.0	0.2841346153846154		_
com.google.javascript.jscomp.LineNumberCheck#void#visit#?,NodeTraversal,Node,Node#70	0.5682692307692307	0.0	0.2841346153846154		_
com.google.javascript.jscomp.NodeUtil#boolean#isConstantByConvention#?,CodingConvention,Node,Node#2872	0.5682692307692307	0.0	0.2841346153846154		_
com.google.javascript.jscomp.NodeUtil#void#verifyScopeChanges#?,Map<Node,Node>,Node,boolean,AbstractCompiler#3365	0.5668269230769231	0.0	0.28341346153846153		_
com.google.javascript.jscomp.NodeUtil#void#verifyScopeChanges#?,Map<Node,Node>,Node,boolean,AbstractCompiler#3359	0.5668269230769231	0.0	0.28341346153846153		_
com.google.javascript.jscomp.NodeUtil#void#verifyScopeChanges#?,Map<Node,Node>,Node,boolean,AbstractCompiler#3358	0.5668269230769231	0.0	0.28341346153846153		_
com.google.javascript.jscomp.NodeUtil#void#verifyScopeChanges#?,Map<Node,Node>,Node,boolean,AbstractCompiler#3357	0.5668269230769231	0.0	0.28341346153846153		_
com.google.javascript.rhino.jstype.PrototypeObjectType#String#getReferenceName#?#304	0.27848557692307696	0.2882211538461539	0.2833533653846154	ownerFunction != null	_
com.google.javascript.jscomp.NodeUtil#void#visitPreOrder#?,Node,Visitor,Predicate<Node>#2792	0.565625	0.0	0.2828125		_
com.google.javascript.jscomp.NodeUtil#void#visitPreOrder#?,Node,Visitor,Predicate<Node>#2796	0.565625	0.0	0.2828125		_
com.google.javascript.rhino.Node#int#getChildCount#?#1410	0.1606971153846154	0.4043269230769231	0.28251201923076924	(c)<= 0	_
com.google.javascript.rhino.jstype.JSTypeRegistry#void#addReferenceTypeIndexedByProperty#?,String,JSType#646	0.2793269230769231	0.28449519230769227	0.2819110576923077	type instanceof ObjectType && ((ObjectType)type).hasReferenceName()	_
com.google.javascript.jscomp.graph.LinkedDirectedGraph$LinkedDirectedGraphEdge#E#getValue#?#500	0.5635817307692308	0.0	0.2817908653846154		_
com.google.javascript.rhino.jstype.InstanceObjectType#int#hashCode#?#163	0.2634615384615384	0.30000000000000004	0.28173076923076923	(getReferenceName().hashCode())> 0	_
com.google.javascript.jscomp.parsing.IRFactory#int#transformTokenType#?,int#1485	0.28149038461538467	0.28149038461538467	0.28149038461538467	(Token.BLOCK)!= 0	_
com.google.javascript.rhino.testing.BaseJSTypeTestCase#void#addMethod#?,JSTypeRegistry,ObjectType,String,JSType#391	0.5626201923076923	0.0	0.28131009615384617		_
com.google.javascript.rhino.testing.BaseJSTypeTestCase#void#addNativeProperties#?,JSTypeRegistry#236	0.5626201923076923	0.0	0.28131009615384617		_
com.google.javascript.rhino.testing.BaseJSTypeTestCase#void#addNativeProperties#?,JSTypeRegistry#237	0.5626201923076923	0.0	0.28131009615384617		_
com.google.javascript.rhino.testing.BaseJSTypeTestCase#void#addNativeProperties#?,JSTypeRegistry#234	0.5626201923076923	0.0	0.28131009615384617		_
com.google.javascript.rhino.testing.BaseJSTypeTestCase#void#addNativeProperties#?,JSTypeRegistry#235	0.5626201923076923	0.0	0.28131009615384617		_
com.google.javascript.rhino.testing.BaseJSTypeTestCase#void#addNativeProperties#?,JSTypeRegistry#239	0.5626201923076923	0.0	0.28131009615384617		_
com.google.javascript.rhino.testing.BaseJSTypeTestCase#void#addNativeProperties#?,JSTypeRegistry#258	0.5626201923076923	0.0	0.28131009615384617		_
com.google.javascript.rhino.testing.BaseJSTypeTestCase#void#addNativeProperties#?,JSTypeRegistry#259	0.5626201923076923	0.0	0.28131009615384617		_
com.google.javascript.rhino.testing.BaseJSTypeTestCase#void#addNativeProperties#?,JSTypeRegistry#257	0.5626201923076923	0.0	0.28131009615384617		_
com.google.javascript.rhino.testing.BaseJSTypeTestCase#void#addNativeProperties#?,JSTypeRegistry#254	0.5626201923076923	0.0	0.28131009615384617		_
com.google.javascript.rhino.testing.BaseJSTypeTestCase#void#addNativeProperties#?,JSTypeRegistry#251	0.5626201923076923	0.0	0.28131009615384617		_
com.google.javascript.rhino.testing.BaseJSTypeTestCase#void#addNativeProperties#?,JSTypeRegistry#249	0.5626201923076923	0.0	0.28131009615384617		_
com.google.javascript.rhino.testing.BaseJSTypeTestCase#void#addNativeProperties#?,JSTypeRegistry#245	0.5626201923076923	0.0	0.28131009615384617		_
com.google.javascript.rhino.testing.BaseJSTypeTestCase#void#addNativeProperties#?,JSTypeRegistry#247	0.5626201923076923	0.0	0.28131009615384617		_
com.google.javascript.rhino.testing.BaseJSTypeTestCase#void#addNativeProperties#?,JSTypeRegistry#241	0.5626201923076923	0.0	0.28131009615384617		_
com.google.javascript.rhino.testing.BaseJSTypeTestCase#void#addNativeProperties#?,JSTypeRegistry#243	0.5626201923076923	0.0	0.28131009615384617		_
com.google.javascript.rhino.testing.BaseJSTypeTestCase#void#addNativeProperties#?,JSTypeRegistry#273	0.5626201923076923	0.0	0.28131009615384617		_
com.google.javascript.rhino.testing.BaseJSTypeTestCase#void#addNativeProperties#?,JSTypeRegistry#272	0.5626201923076923	0.0	0.28131009615384617		_
com.google.javascript.rhino.testing.BaseJSTypeTestCase#void#addNativeProperties#?,JSTypeRegistry#271	0.5626201923076923	0.0	0.28131009615384617		_
com.google.javascript.rhino.testing.BaseJSTypeTestCase#void#addNativeProperties#?,JSTypeRegistry#270	0.5626201923076923	0.0	0.28131009615384617		_
com.google.javascript.rhino.testing.BaseJSTypeTestCase#void#addNativeProperties#?,JSTypeRegistry#277	0.5626201923076923	0.0	0.28131009615384617		_
com.google.javascript.rhino.testing.BaseJSTypeTestCase#void#addNativeProperties#?,JSTypeRegistry#276	0.5626201923076923	0.0	0.28131009615384617		_
com.google.javascript.rhino.testing.BaseJSTypeTestCase#void#addNativeProperties#?,JSTypeRegistry#275	0.5626201923076923	0.0	0.28131009615384617		_
com.google.javascript.rhino.testing.BaseJSTypeTestCase#void#addNativeProperties#?,JSTypeRegistry#274	0.5626201923076923	0.0	0.28131009615384617		_
com.google.javascript.rhino.testing.BaseJSTypeTestCase#void#addNativeProperties#?,JSTypeRegistry#279	0.5626201923076923	0.0	0.28131009615384617		_
com.google.javascript.rhino.testing.BaseJSTypeTestCase#void#addNativeProperties#?,JSTypeRegistry#278	0.5626201923076923	0.0	0.28131009615384617		_
com.google.javascript.rhino.testing.BaseJSTypeTestCase#void#addNativeProperties#?,JSTypeRegistry#260	0.5626201923076923	0.0	0.28131009615384617		_
com.google.javascript.rhino.testing.BaseJSTypeTestCase#void#addNativeProperties#?,JSTypeRegistry#262	0.5626201923076923	0.0	0.28131009615384617		_
com.google.javascript.rhino.testing.BaseJSTypeTestCase#void#addNativeProperties#?,JSTypeRegistry#261	0.5626201923076923	0.0	0.28131009615384617		_
com.google.javascript.rhino.testing.BaseJSTypeTestCase#void#addNativeProperties#?,JSTypeRegistry#263	0.5626201923076923	0.0	0.28131009615384617		_
com.google.javascript.rhino.testing.BaseJSTypeTestCase#void#addNativeProperties#?,JSTypeRegistry#265	0.5626201923076923	0.0	0.28131009615384617		_
com.google.javascript.rhino.testing.BaseJSTypeTestCase#void#addNativeProperties#?,JSTypeRegistry#268	0.5626201923076923	0.0	0.28131009615384617		_
com.google.javascript.rhino.testing.BaseJSTypeTestCase#void#addNativeProperties#?,JSTypeRegistry#269	0.5626201923076923	0.0	0.28131009615384617		_
com.google.javascript.rhino.testing.BaseJSTypeTestCase#void#addNativeProperties#?,JSTypeRegistry#299	0.5626201923076923	0.0	0.28131009615384617		_
com.google.javascript.rhino.testing.BaseJSTypeTestCase#void#addNativeProperties#?,JSTypeRegistry#298	0.5626201923076923	0.0	0.28131009615384617		_
com.google.javascript.rhino.testing.BaseJSTypeTestCase#void#addNativeProperties#?,JSTypeRegistry#297	0.5626201923076923	0.0	0.28131009615384617		_
com.google.javascript.rhino.testing.BaseJSTypeTestCase#void#addNativeProperties#?,JSTypeRegistry#296	0.5626201923076923	0.0	0.28131009615384617		_
com.google.javascript.rhino.testing.BaseJSTypeTestCase#void#addNativeProperties#?,JSTypeRegistry#295	0.5626201923076923	0.0	0.28131009615384617		_
com.google.javascript.rhino.testing.BaseJSTypeTestCase#void#addNativeProperties#?,JSTypeRegistry#294	0.5626201923076923	0.0	0.28131009615384617		_
com.google.javascript.rhino.testing.BaseJSTypeTestCase#void#addNativeProperties#?,JSTypeRegistry#293	0.5626201923076923	0.0	0.28131009615384617		_
com.google.javascript.rhino.testing.BaseJSTypeTestCase#void#addNativeProperties#?,JSTypeRegistry#290	0.5626201923076923	0.0	0.28131009615384617		_
com.google.javascript.rhino.testing.BaseJSTypeTestCase#void#addNativeProperties#?,JSTypeRegistry#286	0.5626201923076923	0.0	0.28131009615384617		_
com.google.javascript.rhino.testing.BaseJSTypeTestCase#void#addNativeProperties#?,JSTypeRegistry#288	0.5626201923076923	0.0	0.28131009615384617		_
com.google.javascript.rhino.testing.BaseJSTypeTestCase#void#addNativeProperties#?,JSTypeRegistry#287	0.5626201923076923	0.0	0.28131009615384617		_
com.google.javascript.rhino.testing.BaseJSTypeTestCase#void#addNativeProperties#?,JSTypeRegistry#281	0.5626201923076923	0.0	0.28131009615384617		_
com.google.javascript.rhino.testing.BaseJSTypeTestCase#void#addNativeProperties#?,JSTypeRegistry#283	0.5626201923076923	0.0	0.28131009615384617		_
com.google.javascript.rhino.testing.BaseJSTypeTestCase#void#addNativeProperties#?,JSTypeRegistry#280	0.5626201923076923	0.0	0.28131009615384617		_
com.google.javascript.rhino.testing.BaseJSTypeTestCase#void#addNativeProperties#?,JSTypeRegistry#382	0.5626201923076923	0.0	0.28131009615384617		_
com.google.javascript.rhino.testing.BaseJSTypeTestCase#void#addNativeProperties#?,JSTypeRegistry#383	0.5626201923076923	0.0	0.28131009615384617		_
com.google.javascript.rhino.testing.BaseJSTypeTestCase#void#addNativeProperties#?,JSTypeRegistry#380	0.5626201923076923	0.0	0.28131009615384617		_
com.google.javascript.rhino.testing.BaseJSTypeTestCase#void#addNativeProperties#?,JSTypeRegistry#381	0.5626201923076923	0.0	0.28131009615384617		_
com.google.javascript.rhino.testing.BaseJSTypeTestCase#void#addNativeProperties#?,JSTypeRegistry#384	0.5626201923076923	0.0	0.28131009615384617		_
com.google.javascript.rhino.testing.BaseJSTypeTestCase#void#addNativeProperties#?,JSTypeRegistry#385	0.5626201923076923	0.0	0.28131009615384617		_
com.google.javascript.rhino.testing.BaseJSTypeTestCase#void#addNativeProperties#?,JSTypeRegistry#343	0.5626201923076923	0.0	0.28131009615384617		_
com.google.javascript.rhino.testing.BaseJSTypeTestCase#void#addNativeProperties#?,JSTypeRegistry#342	0.5626201923076923	0.0	0.28131009615384617		_
com.google.javascript.rhino.testing.BaseJSTypeTestCase#void#addNativeProperties#?,JSTypeRegistry#341	0.5626201923076923	0.0	0.28131009615384617		_
com.google.javascript.rhino.testing.BaseJSTypeTestCase#void#addNativeProperties#?,JSTypeRegistry#340	0.5626201923076923	0.0	0.28131009615384617		_
com.google.javascript.rhino.testing.BaseJSTypeTestCase#void#addNativeProperties#?,JSTypeRegistry#346	0.5626201923076923	0.0	0.28131009615384617		_
com.google.javascript.rhino.testing.BaseJSTypeTestCase#void#addNativeProperties#?,JSTypeRegistry#345	0.5626201923076923	0.0	0.28131009615384617		_
com.google.javascript.rhino.testing.BaseJSTypeTestCase#void#addNativeProperties#?,JSTypeRegistry#344	0.5626201923076923	0.0	0.28131009615384617		_
com.google.javascript.rhino.testing.BaseJSTypeTestCase#void#addNativeProperties#?,JSTypeRegistry#348	0.5626201923076923	0.0	0.28131009615384617		_
com.google.javascript.rhino.testing.BaseJSTypeTestCase#void#addNativeProperties#?,JSTypeRegistry#352	0.5626201923076923	0.0	0.28131009615384617		_
com.google.javascript.rhino.testing.BaseJSTypeTestCase#void#addNativeProperties#?,JSTypeRegistry#351	0.5626201923076923	0.0	0.28131009615384617		_
com.google.javascript.rhino.testing.BaseJSTypeTestCase#void#addNativeProperties#?,JSTypeRegistry#354	0.5626201923076923	0.0	0.28131009615384617		_
com.google.javascript.rhino.testing.BaseJSTypeTestCase#void#addNativeProperties#?,JSTypeRegistry#356	0.5626201923076923	0.0	0.28131009615384617		_
com.google.javascript.rhino.testing.BaseJSTypeTestCase#void#addNativeProperties#?,JSTypeRegistry#355	0.5626201923076923	0.0	0.28131009615384617		_
com.google.javascript.rhino.testing.BaseJSTypeTestCase#void#addNativeProperties#?,JSTypeRegistry#358	0.5626201923076923	0.0	0.28131009615384617		_
com.google.javascript.rhino.testing.BaseJSTypeTestCase#void#addNativeProperties#?,JSTypeRegistry#357	0.5626201923076923	0.0	0.28131009615384617		_
com.google.javascript.rhino.testing.BaseJSTypeTestCase#void#addNativeProperties#?,JSTypeRegistry#359	0.5626201923076923	0.0	0.28131009615384617		_
com.google.javascript.rhino.testing.BaseJSTypeTestCase#void#addNativeProperties#?,JSTypeRegistry#365	0.5626201923076923	0.0	0.28131009615384617		_
com.google.javascript.rhino.testing.BaseJSTypeTestCase#void#addNativeProperties#?,JSTypeRegistry#362	0.5626201923076923	0.0	0.28131009615384617		_
com.google.javascript.rhino.testing.BaseJSTypeTestCase#void#addNativeProperties#?,JSTypeRegistry#360	0.5626201923076923	0.0	0.28131009615384617		_
com.google.javascript.rhino.testing.BaseJSTypeTestCase#void#addNativeProperties#?,JSTypeRegistry#369	0.5626201923076923	0.0	0.28131009615384617		_
com.google.javascript.rhino.testing.BaseJSTypeTestCase#void#addNativeProperties#?,JSTypeRegistry#368	0.5626201923076923	0.0	0.28131009615384617		_
com.google.javascript.rhino.testing.BaseJSTypeTestCase#void#addNativeProperties#?,JSTypeRegistry#367	0.5626201923076923	0.0	0.28131009615384617		_
com.google.javascript.rhino.testing.BaseJSTypeTestCase#void#addNativeProperties#?,JSTypeRegistry#366	0.5626201923076923	0.0	0.28131009615384617		_
com.google.javascript.rhino.testing.BaseJSTypeTestCase#void#addNativeProperties#?,JSTypeRegistry#374	0.5626201923076923	0.0	0.28131009615384617		_
com.google.javascript.rhino.testing.BaseJSTypeTestCase#void#addNativeProperties#?,JSTypeRegistry#373	0.5626201923076923	0.0	0.28131009615384617		_
com.google.javascript.rhino.testing.BaseJSTypeTestCase#void#addNativeProperties#?,JSTypeRegistry#376	0.5626201923076923	0.0	0.28131009615384617		_
com.google.javascript.rhino.testing.BaseJSTypeTestCase#void#addNativeProperties#?,JSTypeRegistry#370	0.5626201923076923	0.0	0.28131009615384617		_
com.google.javascript.rhino.testing.BaseJSTypeTestCase#void#addNativeProperties#?,JSTypeRegistry#372	0.5626201923076923	0.0	0.28131009615384617		_
com.google.javascript.rhino.testing.BaseJSTypeTestCase#void#addNativeProperties#?,JSTypeRegistry#371	0.5626201923076923	0.0	0.28131009615384617		_
com.google.javascript.rhino.testing.BaseJSTypeTestCase#void#addNativeProperties#?,JSTypeRegistry#378	0.5626201923076923	0.0	0.28131009615384617		_
com.google.javascript.rhino.testing.BaseJSTypeTestCase#void#addNativeProperties#?,JSTypeRegistry#377	0.5626201923076923	0.0	0.28131009615384617		_
com.google.javascript.rhino.testing.BaseJSTypeTestCase#void#addNativeProperties#?,JSTypeRegistry#379	0.5626201923076923	0.0	0.28131009615384617		_
com.google.javascript.rhino.testing.BaseJSTypeTestCase#void#addNativeProperties#?,JSTypeRegistry#300	0.5626201923076923	0.0	0.28131009615384617		_
com.google.javascript.rhino.testing.BaseJSTypeTestCase#void#addNativeProperties#?,JSTypeRegistry#301	0.5626201923076923	0.0	0.28131009615384617		_
com.google.javascript.rhino.testing.BaseJSTypeTestCase#void#addNativeProperties#?,JSTypeRegistry#302	0.5626201923076923	0.0	0.28131009615384617		_
com.google.javascript.rhino.testing.BaseJSTypeTestCase#void#addNativeProperties#?,JSTypeRegistry#303	0.5626201923076923	0.0	0.28131009615384617		_
com.google.javascript.rhino.testing.BaseJSTypeTestCase#void#addNativeProperties#?,JSTypeRegistry#304	0.5626201923076923	0.0	0.28131009615384617		_
com.google.javascript.rhino.testing.BaseJSTypeTestCase#void#addNativeProperties#?,JSTypeRegistry#305	0.5626201923076923	0.0	0.28131009615384617		_
com.google.javascript.rhino.testing.BaseJSTypeTestCase#void#addNativeProperties#?,JSTypeRegistry#306	0.5626201923076923	0.0	0.28131009615384617		_
com.google.javascript.rhino.testing.BaseJSTypeTestCase#void#addNativeProperties#?,JSTypeRegistry#307	0.5626201923076923	0.0	0.28131009615384617		_
com.google.javascript.rhino.testing.BaseJSTypeTestCase#void#addNativeProperties#?,JSTypeRegistry#313	0.5626201923076923	0.0	0.28131009615384617		_
com.google.javascript.rhino.testing.BaseJSTypeTestCase#void#addNativeProperties#?,JSTypeRegistry#314	0.5626201923076923	0.0	0.28131009615384617		_
com.google.javascript.rhino.testing.BaseJSTypeTestCase#void#addNativeProperties#?,JSTypeRegistry#311	0.5626201923076923	0.0	0.28131009615384617		_
com.google.javascript.rhino.testing.BaseJSTypeTestCase#void#addNativeProperties#?,JSTypeRegistry#312	0.5626201923076923	0.0	0.28131009615384617		_
com.google.javascript.rhino.testing.BaseJSTypeTestCase#void#addNativeProperties#?,JSTypeRegistry#317	0.5626201923076923	0.0	0.28131009615384617		_
com.google.javascript.rhino.testing.BaseJSTypeTestCase#void#addNativeProperties#?,JSTypeRegistry#318	0.5626201923076923	0.0	0.28131009615384617		_
com.google.javascript.rhino.testing.BaseJSTypeTestCase#void#addNativeProperties#?,JSTypeRegistry#315	0.5626201923076923	0.0	0.28131009615384617		_
com.google.javascript.rhino.testing.BaseJSTypeTestCase#void#addNativeProperties#?,JSTypeRegistry#316	0.5626201923076923	0.0	0.28131009615384617		_
com.google.javascript.rhino.testing.BaseJSTypeTestCase#void#addNativeProperties#?,JSTypeRegistry#310	0.5626201923076923	0.0	0.28131009615384617		_
com.google.javascript.rhino.testing.BaseJSTypeTestCase#void#addNativeProperties#?,JSTypeRegistry#309	0.5626201923076923	0.0	0.28131009615384617		_
com.google.javascript.rhino.testing.BaseJSTypeTestCase#void#addNativeProperties#?,JSTypeRegistry#308	0.5626201923076923	0.0	0.28131009615384617		_
com.google.javascript.rhino.testing.BaseJSTypeTestCase#void#addNativeProperties#?,JSTypeRegistry#326	0.5626201923076923	0.0	0.28131009615384617		_
com.google.javascript.rhino.testing.BaseJSTypeTestCase#void#addNativeProperties#?,JSTypeRegistry#327	0.5626201923076923	0.0	0.28131009615384617		_
com.google.javascript.rhino.testing.BaseJSTypeTestCase#void#addNativeProperties#?,JSTypeRegistry#328	0.5626201923076923	0.0	0.28131009615384617		_
com.google.javascript.rhino.testing.BaseJSTypeTestCase#void#addNativeProperties#?,JSTypeRegistry#329	0.5626201923076923	0.0	0.28131009615384617		_
com.google.javascript.rhino.testing.BaseJSTypeTestCase#void#addNativeProperties#?,JSTypeRegistry#322	0.5626201923076923	0.0	0.28131009615384617		_
com.google.javascript.rhino.testing.BaseJSTypeTestCase#void#addNativeProperties#?,JSTypeRegistry#323	0.5626201923076923	0.0	0.28131009615384617		_
com.google.javascript.rhino.testing.BaseJSTypeTestCase#void#addNativeProperties#?,JSTypeRegistry#324	0.5626201923076923	0.0	0.28131009615384617		_
com.google.javascript.rhino.testing.BaseJSTypeTestCase#void#addNativeProperties#?,JSTypeRegistry#325	0.5626201923076923	0.0	0.28131009615384617		_
com.google.javascript.rhino.testing.BaseJSTypeTestCase#void#addNativeProperties#?,JSTypeRegistry#320	0.5626201923076923	0.0	0.28131009615384617		_
com.google.javascript.rhino.testing.BaseJSTypeTestCase#void#addNativeProperties#?,JSTypeRegistry#321	0.5626201923076923	0.0	0.28131009615384617		_
com.google.javascript.rhino.testing.BaseJSTypeTestCase#void#addNativeProperties#?,JSTypeRegistry#319	0.5626201923076923	0.0	0.28131009615384617		_
com.google.javascript.rhino.testing.BaseJSTypeTestCase#void#addNativeProperties#?,JSTypeRegistry#337	0.5626201923076923	0.0	0.28131009615384617		_
com.google.javascript.rhino.testing.BaseJSTypeTestCase#void#addNativeProperties#?,JSTypeRegistry#335	0.5626201923076923	0.0	0.28131009615384617		_
com.google.javascript.rhino.testing.BaseJSTypeTestCase#void#addNativeProperties#?,JSTypeRegistry#333	0.5626201923076923	0.0	0.28131009615384617		_
com.google.javascript.rhino.testing.BaseJSTypeTestCase#void#addNativeProperties#?,JSTypeRegistry#334	0.5626201923076923	0.0	0.28131009615384617		_
com.google.javascript.rhino.testing.BaseJSTypeTestCase#void#addNativeProperties#?,JSTypeRegistry#331	0.5626201923076923	0.0	0.28131009615384617		_
com.google.javascript.rhino.testing.BaseJSTypeTestCase#void#addNativeProperties#?,JSTypeRegistry#332	0.5626201923076923	0.0	0.28131009615384617		_
com.google.javascript.rhino.testing.BaseJSTypeTestCase#void#addNativeProperties#?,JSTypeRegistry#330	0.5626201923076923	0.0	0.28131009615384617		_
com.google.javascript.jscomp.AstValidator#void#validateExprStmt#?,Node#475	0.5617788461538462	0.0	0.2808894230769231		_
com.google.javascript.jscomp.AstValidator#void#validateExprStmt#?,Node#476	0.5617788461538462	0.0	0.2808894230769231		_
com.google.javascript.jscomp.AstValidator#void#validateExprStmt#?,Node#477	0.5617788461538462	0.0	0.2808894230769231		_
com.google.javascript.jscomp.AstValidator#void#validateStatement#?,Node#126	0.5617788461538462	0.0	0.2808894230769231		_
com.google.javascript.jscomp.AstValidator#void#validateStatement#?,Node#127	0.5617788461538462	0.0	0.2808894230769231		_
com.google.javascript.jscomp.LineNumberCheck#?#LineNumberCheck#?,AbstractCompiler#41	0.5610576923076923	0.0	0.28052884615384616		_
com.google.javascript.jscomp.LineNumberCheck#boolean#shouldTraverse#?,NodeTraversal,Node,Node#64	0.5610576923076923	0.0	0.28052884615384616		_
com.google.javascript.rhino.Node#boolean#isReturn#?#2390	0.5609375	0.0	0.28046875		_
com.google.javascript.jscomp.PrepareAst$PrepareAnnotations#void#visit#?,NodeTraversal,Node,Node#135	0.5603365384615384	0.0	0.2801682692307692		_
com.google.javascript.jscomp.PrepareAst$PrepareAnnotations#void#visit#?,NodeTraversal,Node,Node#136	0.5603365384615384	0.0	0.2801682692307692		_
com.google.javascript.jscomp.PrepareAst$PrepareAnnotations#void#annotateCalls#?,Node#158	0.5603365384615384	0.0	0.2801682692307692		_
com.google.javascript.jscomp.PrepareAst$PrepareAnnotations#void#annotateCalls#?,Node#162	0.5603365384615384	0.0	0.2801682692307692		_
com.google.javascript.jscomp.AstValidator#void#validateMaximumChildCount#?,Node,int#809	0.5592548076923076	0.0	0.2796274038461538		_
com.google.javascript.rhino.Node#?#Node#?,int,Node,Node#395	0.27956730769230764	0.27956730769230764	0.27956730769230764	sourcePosition < nodeType	_
com.google.javascript.rhino.Node#?#Node#?,int,Node,Node#387	0.27956730769230764	0.27956730769230764	0.27956730769230764	type == nodeType	_
com.google.javascript.rhino.jstype.FunctionType#?#FunctionType#?,JSTypeRegistry,String,Node,ArrowType,JSType,TemplateTypeMap,boolean,boolean#147	0.2641826923076923	0.2943509615384615	0.2792668269230769	isConstructor	_
com.google.javascript.jscomp.graph.LinkedDirectedGraph#GraphNode<N,E>#getNode#?,N#118	0.5584134615384615	0.0	0.27920673076923075		_
com.google.javascript.jscomp.graph.LinkedDirectedGraph$LinkedDirectedGraphEdge#?#LinkedDirectedGraphEdge#?,DiGraphNode<N,E>,E,DiGraphNode<N,E>#473	0.5584134615384615	0.0	0.27920673076923075		_
com.google.javascript.jscomp.graph.LinkedDirectedGraph$LinkedDirectedGraphEdge#?#LinkedDirectedGraphEdge#?,DiGraphNode<N,E>,E,DiGraphNode<N,E>#474	0.5584134615384615	0.0	0.27920673076923075		_
com.google.javascript.jscomp.graph.LinkedDirectedGraph$LinkedDirectedGraphEdge#?#LinkedDirectedGraphEdge#?,DiGraphNode<N,E>,E,DiGraphNode<N,E>#475	0.5584134615384615	0.0	0.27920673076923075		_
com.google.javascript.jscomp.graph.LinkedDirectedGraph$LinkedDirectedGraphNode#List<DiGraphEdge<N,E>>#getInEdges#?#389	0.5584134615384615	0.0	0.27920673076923075		_
com.google.javascript.jscomp.graph.LinkedDirectedGraph#void#connect#?,N,E,N#81	0.5584134615384615	0.0	0.27920673076923075		_
com.google.javascript.jscomp.graph.LinkedDirectedGraph#void#connect#?,N,E,N#86	0.5584134615384615	0.0	0.27920673076923075		_
com.google.javascript.jscomp.graph.LinkedDirectedGraph#void#connect#?,N,E,N#85	0.5584134615384615	0.0	0.27920673076923075		_
com.google.javascript.jscomp.graph.LinkedDirectedGraph#void#connect#?,N,E,N#79	0.5584134615384615	0.0	0.27920673076923075		_
com.google.javascript.jscomp.graph.LinkedDirectedGraph#void#connect#?,N,E,N#80	0.5584134615384615	0.0	0.27920673076923075		_
com.google.javascript.jscomp.parsing.TypeSafeDispatcher#T#process#?,AstNode#186	0.5576923076923077	0.0	0.27884615384615385		_
com.google.javascript.jscomp.parsing.IRFactory$TransformDispatcher#Node#processFunctionCall#?,FunctionCall#760	0.5576923076923077	0.0	0.27884615384615385		_
com.google.javascript.jscomp.parsing.IRFactory$TransformDispatcher#Node#processFunctionCall#?,FunctionCall#762	0.5576923076923077	0.0	0.27884615384615385		_
com.google.javascript.jscomp.parsing.IRFactory$TransformDispatcher#Node#processFunctionCall#?,FunctionCall#761	0.5576923076923077	0.0	0.27884615384615385		_
com.google.javascript.jscomp.parsing.IRFactory$TransformDispatcher#Node#processFunctionCall#?,FunctionCall#763	0.5576923076923077	0.0	0.27884615384615385		_
com.google.javascript.jscomp.parsing.IRFactory$TransformDispatcher#Node#processFunctionCall#?,FunctionCall#754	0.5576923076923077	0.0	0.27884615384615385		_
com.google.javascript.jscomp.graph.LinkedDirectedGraph$LinkedDirectedGraphEdge#DiGraphNode<N,E>#getDestination#?#485	0.5575721153846154	0.0	0.2787860576923077		_
com.google.javascript.jscomp.graph.Graph#T#getNodeOrFail#?,N#220	0.5566105769230769	0.0	0.27830528846153846		_
com.google.javascript.jscomp.graph.Graph#T#getNodeOrFail#?,N#224	0.5566105769230769	0.0	0.27830528846153846		_
com.google.javascript.jscomp.graph.LinkedDirectedGraph#Iterable<DiGraphNode<N,E>>#getDirectedGraphNodes#?#107	0.554326923076923	0.0	0.2771634615384615		_
com.google.javascript.rhino.jstype.UnionTypeBuilder#UnionTypeBuilder#addAlternate#?,JSType#246	0.24026442307692308	0.31370192307692313	0.2769831730769231	alternate.isSubtype(current)	_
com.google.javascript.jscomp.CodeGenerator#void#add#?,Node,Context#212	0.5538461538461539	0.0	0.27692307692307694		_
com.google.javascript.jscomp.parsing.IRFactory$TransformDispatcher#Node#processName#?,Name,boolean#915	0.1491586538461539	0.4026442307692307	0.2759014423076923	asString	_
com.google.javascript.rhino.Node#boolean#isFor#?#2302	0.5515625	0.0	0.27578125		_
com.google.javascript.rhino.jstype.FunctionType#FunctionType#getSuperClassConstructor#?#851	0.2629807692307692	0.2883413461538461	0.27566105769230764	maybeSuperInstanceType == null	_
com.google.javascript.jscomp.NodeTraversal#void#traverseBranch#?,Node,Node#524	0.5510817307692308	0.0	0.2755408653846154		_
com.google.javascript.rhino.Node#Node#detachFromParent#?#1633	0.549639423076923	0.0	0.2748197115384615		_
com.google.javascript.rhino.Node#Node#detachFromParent#?#1634	0.549639423076923	0.0	0.2748197115384615		_
com.google.javascript.rhino.Node#Node#detachFromParent#?#1635	0.549639423076923	0.0	0.2748197115384615		_
com.google.javascript.jscomp.graph.LinkedDirectedGraph#GraphNode<N,E>#createNode#?,N#177	0.5490384615384616	0.0	0.2745192307692308		_
com.google.javascript.rhino.Node#boolean#isNew#?#2358	0.5479567307692308	0.0	0.2739783653846154		_
com.google.javascript.rhino.Node#void#removeChild#?,Node#701	0.5479567307692308	0.0	0.2739783653846154		_
com.google.javascript.jscomp.graph.LinkedDirectedGraph$LinkedDirectedGraphNode#?#LinkedDirectedGraphNode#?,N#347	0.5477163461538461	0.0	0.27385817307692306		_
com.google.javascript.jscomp.graph.LinkedDirectedGraph#DiGraphNode<N,E>#createDirectedGraphNode#?,N#137	0.5477163461538461	0.0	0.27385817307692306		_
com.google.javascript.jscomp.graph.LinkedDirectedGraph#DiGraphNode<N,E>#createDirectedGraphNode#?,N#135	0.5477163461538461	0.0	0.27385817307692306		_
com.google.javascript.jscomp.graph.LinkedDirectedGraph#DiGraphNode<N,E>#createDirectedGraphNode#?,N#142	0.5477163461538461	0.0	0.27385817307692306		_
com.google.javascript.jscomp.graph.LinkedDirectedGraph#DiGraphNode<N,E>#createDirectedGraphNode#?,N#140	0.5477163461538461	0.0	0.27385817307692306		_
com.google.javascript.jscomp.graph.LinkedDirectedGraph$LinkedDirectedGraphNode#N#getValue#?#352	0.5473557692307692	0.0	0.2736778846153846		_
com.google.javascript.jscomp.graph.LinkedDirectedGraph#DiGraphNode<N,E>#getDirectedGraphNode#?,N#113	0.5467548076923077	0.0	0.27337740384615383		_
com.google.javascript.jscomp.graph.LinkedDirectedGraph$LinkedDirectedGraphNode#List<DiGraphEdge<N,E>>#getOutEdges#?#394	0.5467548076923077	0.0	0.27337740384615383		_
com.google.javascript.jscomp.Scope#Var#getVar#?,String#533	0.546514423076923	0.0	0.2732572115384615		_
com.google.javascript.jscomp.AstValidator#void#validateChildCount#?,Node,int#780	0.5463942307692308	0.0	0.2731971153846154		_
com.google.javascript.jscomp.graph.LinkedDirectedGraph#?#LinkedDirectedGraph#?,boolean,boolean#73	0.544110576923077	0.0	0.2720552884615385		_
com.google.javascript.jscomp.graph.LinkedDirectedGraph#?#LinkedDirectedGraph#?,boolean,boolean#74	0.544110576923077	0.0	0.2720552884615385		_
com.google.javascript.jscomp.CodeGenerator#void#addExpr#?,Node,int,Context#943	0.5415865384615385	0.0	0.27079326923076924		_
com.google.javascript.rhino.Node#Node#getChildBefore#?,Node#560	0.5415865384615385	0.0	0.27079326923076924		_
com.google.javascript.rhino.Node#Node#getChildBefore#?,Node#553	0.5415865384615385	0.0	0.27079326923076924		_
com.google.javascript.jscomp.NodeUtil#int#precedenceWithDefault#?,int#1200	0.540625	0.0	0.2703125		_
com.google.javascript.jscomp.AstValidator#void#validateRoot#?,Node#73	0.540625	0.0	0.2703125		_
com.google.javascript.jscomp.AstValidator#void#validateRoot#?,Node#72	0.540625	0.0	0.2703125		_
com.google.javascript.jscomp.AstValidator#void#validateRoot#?,Node#71	0.540625	0.0	0.2703125		_
com.google.javascript.jscomp.AstValidator#void#validateRoot#?,Node#70	0.540625	0.0	0.2703125		_
com.google.javascript.jscomp.AstValidator#void#validateRoot#?,Node#69	0.540625	0.0	0.2703125		_
com.google.javascript.jscomp.NodeUtil#int#precedence#?,int#1191	0.540625	0.0	0.2703125		_
com.google.javascript.jscomp.NodeUtil#Map<Node,Node>#mapMainToClone#?,Node,Node#3326	0.5403846153846155	0.0	0.27019230769230773		_
com.google.javascript.jscomp.NodeUtil#Map<Node,Node>#mapMainToClone#?,Node,Node#3329	0.5403846153846155	0.0	0.27019230769230773		_
com.google.javascript.jscomp.NodeUtil#Map<Node,Node>#mapMainToClone#?,Node,Node#3327	0.5403846153846155	0.0	0.27019230769230773		_
com.google.javascript.jscomp.NodeUtil#Map<Node,Node>#mapMainToClone#?,Node,Node#3328	0.5403846153846155	0.0	0.27019230769230773		_
com.google.javascript.jscomp.NodeUtil#Map<Node,Node>#mapMainToClone#?,Node,Node#3330	0.5403846153846155	0.0	0.27019230769230773		_
com.google.javascript.jscomp.NodeUtil#void#mtocHelper#?,Map<Node,Node>,Node,Node#3337	0.5403846153846155	0.0	0.27019230769230773		_
com.google.javascript.jscomp.NodeUtil#void#mtocHelper#?,Map<Node,Node>,Node,Node#3339	0.5403846153846155	0.0	0.27019230769230773		_
com.google.javascript.jscomp.NodeUtil#void#mtocHelper#?,Map<Node,Node>,Node,Node#3340	0.5403846153846155	0.0	0.27019230769230773		_
com.google.javascript.jscomp.NodeUtil#void#mtocHelper#?,Map<Node,Node>,Node,Node#3341	0.5403846153846155	0.0	0.27019230769230773		_
com.google.javascript.jscomp.AstValidator#void#validateExpression#?,Node#237	0.5372596153846154	0.0	0.2686298076923077		_
com.google.javascript.jscomp.AstValidator#void#validateExpression#?,Node#238	0.5372596153846154	0.0	0.2686298076923077		_
com.google.javascript.jscomp.CodeGenerator#void#add#?,Node,Context#225	0.5364182692307693	0.0	0.26820913461538465		_
com.google.javascript.jscomp.parsing.IRFactory#Node#transformTree#?,AstRoot,StaticSourceFile,String,Config,ErrorReporter#195	0.14146634615384612	0.39495192307692306	0.2682091346153846	!(node.getComments() != null)	_
com.google.javascript.rhino.Node#Node#getChildAtIndex#?,int#567	0.5353365384615385	0.0	0.26766826923076925		_
com.google.javascript.rhino.Node#Node#getChildAtIndex#?,int#566	0.5353365384615385	0.0	0.26766826923076925		_
com.google.javascript.rhino.Node#Node#getChildAtIndex#?,int#569	0.5352163461538462	0.0	0.2676081730769231		_
com.google.javascript.rhino.Node#Node#getChildAtIndex#?,int#564	0.5352163461538462	0.0	0.2676081730769231		_
com.google.javascript.rhino.Node#void#removeChild#?,Node#704	0.5349759615384615	0.0	0.26748798076923075		_
com.google.javascript.jscomp.CodeConsumer#void#endStatement#?,boolean#143	0.5344951923076924	0.0	0.2672475961538462		_
com.google.javascript.jscomp.CodeConsumer#void#endStatement#?#134	0.5344951923076924	0.0	0.2672475961538462		_
com.google.javascript.jscomp.CodeGenerator#void#add#?,String#96	0.5332932692307693	0.0	0.2666466346153846		_
com.google.javascript.jscomp.CodeConsumer#void#addIdentifier#?,String#61	0.5332932692307693	0.0	0.2666466346153846		_
com.google.javascript.jscomp.CodeGenerator#void#addIdentifier#?,String#100	0.5329326923076922	0.0	0.2664663461538461		_
com.google.javascript.jscomp.CodeGenerator#String#identifierEscape#?,String#1198	0.5329326923076922	0.0	0.2664663461538461		_
com.google.javascript.rhino.Node#boolean#isEquivalentTo#?,Node,boolean,boolean,boolean#1553	0.5328125	0.0	0.26640625		_
com.google.javascript.rhino.Node#void#removeChild#?,Node#706	0.5324519230769231	0.0	0.26622596153846156		_
com.google.javascript.rhino.Node#void#removeChild#?,Node#707	0.5324519230769231	0.0	0.26622596153846156		_
com.google.javascript.rhino.Node#void#removeChild#?,Node#697	0.5324519230769231	0.0	0.26622596153846156		_
com.google.javascript.rhino.Node#boolean#isEquivalentTo#?,Node#1491	0.5323317307692308	0.0	0.2661658653846154		_
com.google.javascript.jscomp.NodeUtil#boolean#isLatin#?,String#2485	0.5319711538461538	0.0	0.2659855769230769		_
com.google.javascript.jscomp.NodeUtil#boolean#isLatin#?,String#2490	0.5314903846153847	0.0	0.26574519230769234		_
com.google.javascript.jscomp.NodeUtil#boolean#isLatin#?,String#2483	0.5313701923076923	0.0	0.26568509615384617		_
com.google.javascript.jscomp.NodeTraversal#void#pushScope#?,Node#599	0.15781250000000002	0.3730769230769231	0.26544471153846155	scopeCallback != null	_
com.google.javascript.jscomp.NodeTraversal#void#popScope#?#617	0.15781250000000002	0.3730769230769231	0.26544471153846155	scopeCallback != null	_
com.google.javascript.jscomp.NodeTraversal#?#NodeTraversal#?,AbstractCompiler,Callback,ScopeCreator#241	0.1576923076923077	0.3730769230769231	0.2653846153846154	cb instanceof ScopedCallback	_
com.google.javascript.jscomp.AstValidator#void#validateMinimumChildCount#?,Node,int#794	0.5306490384615384	0.0	0.2653245192307692		_
com.google.javascript.jscomp.Compiler#String#toSource#?,Node#1816	0.5301682692307692	0.0	0.2650841346153846		_
com.google.javascript.jscomp.Compiler#String#toSource#?,Node#1815	0.5301682692307692	0.0	0.2650841346153846		_
com.google.javascript.jscomp.CodePrinter$CompactCodePrinter#void#notePreferredLineBreak#?#517	0.5300480769230769	0.0	0.26502403846153844		_
com.google.javascript.jscomp.CodePrinter$CompactCodePrinter#void#append#?,String#451	0.5295673076923078	0.0	0.2647836538461539		_
com.google.javascript.jscomp.CodePrinter$CompactCodePrinter#void#append#?,String#452	0.5295673076923078	0.0	0.2647836538461539		_
com.google.javascript.rhino.Node#?#Node#?,int,Node#375	0.26442307692307687	0.26442307692307687	0.26442307692307687	sourcePosition < nodeType	_
com.google.javascript.rhino.Node#?#Node#?,int,Node#370	0.26442307692307687	0.26442307692307687	0.26442307692307687	type >= nodeType	_
com.google.javascript.rhino.jstype.PrototypeObjectType#?#PrototypeObjectType#?,JSTypeRegistry,String,ObjectType,boolean,TemplateTypeMap#121	0.24987980769230766	0.27848557692307696	0.2641826923076923	!(nativeType || implicitPrototype != null)	_
com.google.javascript.rhino.Node#Node#cloneTree#?#1724	0.5277644230769231	0.0	0.26388221153846153		_
com.google.javascript.jscomp.CodeGenerator#void#add#?,Node,Context#405	0.5271634615384615	0.0	0.26358173076923075		_
com.google.javascript.rhino.jstype.InstanceObjectType#int#hashCode#?#162	0.2634615384615384	0.2634615384615384	0.2634615384615384	hasReferenceName()	_
com.google.javascript.rhino.jstype.FunctionType#ObjectType#getPrototype#?#370	0.2634615384615384	0.2634615384615384	0.2634615384615384	!(refName == null)	_
com.google.javascript.rhino.jstype.FunctionType#boolean#setPrototypeNoCheck#?,ObjectType,Node#473	0.2631009615384615	0.2637019230769231	0.2634014423076923	!(isInterface())	_
com.google.javascript.rhino.jstype.TemplateTypeMap#boolean#checkEquivalenceHelper#?,TemplateTypeMap,EquivalenceMethod#237	0.26165865384615383	0.26514423076923077	0.2634014423076923	failedEquivalenceCheck(thatMatches[i],eqMethod)	_
com.google.javascript.rhino.jstype.FunctionType#boolean#setPrototypeNoCheck#?,ObjectType,Node#467	0.2631009615384615	0.2631009615384615	0.2631009615384615	isConstructor() || isInterface()	_
com.google.javascript.rhino.jstype.FunctionType#boolean#setPrototypeNoCheck#?,ObjectType,Node#461	0.2631009615384615	0.2631009615384615	0.2631009615384615	!(oldPrototype != null)	_
com.google.javascript.rhino.jstype.FunctionType#boolean#setPrototypeNoCheck#?,ObjectType,Node#482	0.2631009615384615	0.2631009615384615	0.2631009615384615	!(replacedPrototype)	_
com.google.javascript.rhino.jstype.FunctionType#boolean#setPrototype#?,ObjectType,Node#441	0.2631009615384615	0.2631009615384615	0.2631009615384615	!(prototype == null)	_
com.google.javascript.rhino.jstype.FunctionType#boolean#setPrototype#?,ObjectType,Node#445	0.2631009615384615	0.2631009615384615	0.2631009615384615	!(isConstructor() && prototype == getInstanceType())	_
com.google.javascript.jscomp.AstValidator#void#validateMinimumChildCount#?,Node,int#792	0.5258413461538461	0.0	0.2629206730769231		_
com.google.javascript.jscomp.GoogleCodingConvention#boolean#isConstantKey#?,String#92	0.5256009615384616	0.0	0.2628004807692308		_
com.google.javascript.rhino.jstype.UnionTypeBuilder#UnionTypeBuilder#addAlternate#?,JSType#268	0.23413461538461533	0.29110576923076925	0.2626201923076923	alternate.isFunctionType()	_
com.google.javascript.jscomp.Compiler#JSTypeRegistry#getTypeRegistry#?#1205	0.5236778846153847	0.0	0.26183894230769234		_
com.google.javascript.rhino.jstype.TemplateTypeMap#boolean#checkEquivalenceHelper#?,TemplateTypeMap,EquivalenceMethod#236	0.26165865384615383	0.26165865384615383	0.26165865384615383	i < thatMatches.length	_
com.google.javascript.jscomp.CodeConsumer#void#maybeEndStatement#?#159	0.5229567307692308	0.0	0.2614783653846154		_
com.google.javascript.jscomp.CodeConsumer#void#add#?,String#204	0.5229567307692308	0.0	0.2614783653846154		_
com.google.javascript.jscomp.CodeConsumer#boolean#isWordChar#?,char#288	0.5229567307692308	0.0	0.2614783653846154		_
com.google.javascript.jscomp.CodeConsumer#void#add#?,String#181	0.5229567307692308	0.0	0.2614783653846154		_
com.google.javascript.jscomp.CodeConsumer#void#add#?,String#187	0.5229567307692308	0.0	0.2614783653846154		_
com.google.javascript.rhino.Node#Node#cloneTree#?#1721	0.5228365384615384	0.0	0.2614182692307692		_
com.google.javascript.rhino.Node#Node#cloneTree#?#1722	0.5228365384615384	0.0	0.2614182692307692		_
com.google.javascript.rhino.Node#Node#cloneTree#?#1729	0.5228365384615384	0.0	0.2614182692307692		_
com.google.javascript.rhino.Node#Node#cloneTree#?#1727	0.5228365384615384	0.0	0.2614182692307692		_
com.google.javascript.rhino.jstype.NoResolvedType#?#NoResolvedType#?,JSTypeRegistry#59	0.5222355769230769	0.0	0.26111778846153844		_
com.google.javascript.rhino.jstype.ValueType#?#ValueType#?,JSTypeRegistry#49	0.5222355769230769	0.0	0.26111778846153844		_
com.google.javascript.rhino.jstype.JSTypeRegistry#void#initializeRegistry#?#578	0.5222355769230769	0.0	0.26111778846153844		_
com.google.javascript.rhino.jstype.JSTypeRegistry#void#initializeRegistry#?#579	0.5222355769230769	0.0	0.26111778846153844		_
com.google.javascript.rhino.jstype.JSTypeRegistry#void#initializeRegistry#?#576	0.5222355769230769	0.0	0.26111778846153844		_
com.google.javascript.rhino.jstype.JSTypeRegistry#void#initializeRegistry#?#577	0.5222355769230769	0.0	0.26111778846153844		_
com.google.javascript.rhino.jstype.JSTypeRegistry#void#initializeRegistry#?#574	0.5222355769230769	0.0	0.26111778846153844		_
com.google.javascript.rhino.jstype.JSTypeRegistry#void#initializeRegistry#?#575	0.5222355769230769	0.0	0.26111778846153844		_
com.google.javascript.rhino.jstype.JSTypeRegistry#void#initializeRegistry#?#572	0.5222355769230769	0.0	0.26111778846153844		_
com.google.javascript.rhino.jstype.JSTypeRegistry#void#initializeRegistry#?#573	0.5222355769230769	0.0	0.26111778846153844		_
com.google.javascript.rhino.jstype.JSTypeRegistry#void#initializeRegistry#?#587	0.5222355769230769	0.0	0.26111778846153844		_
com.google.javascript.rhino.jstype.JSTypeRegistry#void#initializeRegistry#?#588	0.5222355769230769	0.0	0.26111778846153844		_
com.google.javascript.rhino.jstype.JSTypeRegistry#void#initializeRegistry#?#589	0.5222355769230769	0.0	0.26111778846153844		_
com.google.javascript.rhino.jstype.JSTypeRegistry#void#initializeRegistry#?#583	0.5222355769230769	0.0	0.26111778846153844		_
com.google.javascript.rhino.jstype.JSTypeRegistry#void#initializeRegistry#?#584	0.5222355769230769	0.0	0.26111778846153844		_
com.google.javascript.rhino.jstype.JSTypeRegistry#void#initializeRegistry#?#585	0.5222355769230769	0.0	0.26111778846153844		_
com.google.javascript.rhino.jstype.JSTypeRegistry#void#initializeRegistry#?#586	0.5222355769230769	0.0	0.26111778846153844		_
com.google.javascript.rhino.jstype.JSTypeRegistry#void#initializeRegistry#?#580	0.5222355769230769	0.0	0.26111778846153844		_
com.google.javascript.rhino.jstype.JSTypeRegistry#void#initializeRegistry#?#581	0.5222355769230769	0.0	0.26111778846153844		_
com.google.javascript.rhino.jstype.JSTypeRegistry#void#initializeRegistry#?#582	0.5222355769230769	0.0	0.26111778846153844		_
com.google.javascript.rhino.jstype.JSTypeRegistry#void#initializeRegistry#?#594	0.5222355769230769	0.0	0.26111778846153844		_
com.google.javascript.rhino.jstype.JSTypeRegistry#void#initializeRegistry#?#592	0.5222355769230769	0.0	0.26111778846153844		_
com.google.javascript.rhino.jstype.JSTypeRegistry#void#initializeRegistry#?#593	0.5222355769230769	0.0	0.26111778846153844		_
com.google.javascript.rhino.jstype.JSTypeRegistry#void#initializeRegistry#?#590	0.5222355769230769	0.0	0.26111778846153844		_
com.google.javascript.rhino.jstype.JSTypeRegistry#void#initializeRegistry#?#591	0.5222355769230769	0.0	0.26111778846153844		_
com.google.javascript.rhino.jstype.JSTypeRegistry#FunctionType#createNativeFunctionType#?,JSType,Node#1351	0.5222355769230769	0.0	0.26111778846153844		_
com.google.javascript.rhino.jstype.JSTypeRegistry#ArrowType#createArrowType#?,Node#1088	0.5222355769230769	0.0	0.26111778846153844		_
com.google.javascript.rhino.jstype.UnknownType#?#UnknownType#?,JSTypeRegistry,boolean#57	0.5222355769230769	0.0	0.26111778846153844		_
com.google.javascript.rhino.jstype.UnknownType#?#UnknownType#?,JSTypeRegistry,boolean#58	0.5222355769230769	0.0	0.26111778846153844		_
com.google.javascript.rhino.jstype.FunctionBuilder#FunctionBuilder#forNativeType#?#143	0.5222355769230769	0.0	0.26111778846153844		_
com.google.javascript.rhino.jstype.FunctionBuilder#FunctionBuilder#forNativeType#?#142	0.5222355769230769	0.0	0.26111778846153844		_
com.google.javascript.rhino.jstype.JSTypeRegistry#void#register#?,JSType#598	0.5222355769230769	0.0	0.26111778846153844		_
com.google.javascript.rhino.jstype.NullType#?#NullType#?,JSTypeRegistry#54	0.5222355769230769	0.0	0.26111778846153844		_
com.google.javascript.rhino.jstype.ErrorFunctionType#?#ErrorFunctionType#?,JSTypeRegistry,String#51	0.5222355769230769	0.0	0.26111778846153844		_
com.google.javascript.rhino.jstype.ErrorFunctionType#?#ErrorFunctionType#?,JSTypeRegistry,String#73	0.5222355769230769	0.0	0.26111778846153844		_
com.google.javascript.rhino.jstype.JSTypeRegistry#FunctionType#createNativeFunctionTypeWithVarArgs#?,JSType,JSType#1148	0.5222355769230769	0.0	0.26111778846153844		_
com.google.javascript.rhino.jstype.JSTypeRegistry#void#initializeBuiltInTypes#?#387	0.5222355769230769	0.0	0.26111778846153844		_
com.google.javascript.rhino.jstype.JSTypeRegistry#void#initializeBuiltInTypes#?#388	0.5222355769230769	0.0	0.26111778846153844		_
com.google.javascript.rhino.jstype.JSTypeRegistry#void#initializeBuiltInTypes#?#384	0.5222355769230769	0.0	0.26111778846153844		_
com.google.javascript.rhino.jstype.JSTypeRegistry#void#initializeBuiltInTypes#?#383	0.5222355769230769	0.0	0.26111778846153844		_
com.google.javascript.rhino.jstype.JSTypeRegistry#void#initializeBuiltInTypes#?#381	0.5222355769230769	0.0	0.26111778846153844		_
com.google.javascript.rhino.jstype.JSTypeRegistry#void#initializeBuiltInTypes#?#377	0.5222355769230769	0.0	0.26111778846153844		_
com.google.javascript.rhino.jstype.JSTypeRegistry#void#initializeBuiltInTypes#?#378	0.5222355769230769	0.0	0.26111778846153844		_
com.google.javascript.rhino.jstype.JSTypeRegistry#void#initializeBuiltInTypes#?#373	0.5222355769230769	0.0	0.26111778846153844		_
com.google.javascript.rhino.jstype.JSTypeRegistry#void#initializeBuiltInTypes#?#374	0.5222355769230769	0.0	0.26111778846153844		_
com.google.javascript.rhino.jstype.JSTypeRegistry#void#initializeBuiltInTypes#?#371	0.5222355769230769	0.0	0.26111778846153844		_
com.google.javascript.rhino.jstype.JSTypeRegistry#void#initializeBuiltInTypes#?#398	0.5222355769230769	0.0	0.26111778846153844		_
com.google.javascript.rhino.jstype.JSTypeRegistry#void#initializeBuiltInTypes#?#391	0.5222355769230769	0.0	0.26111778846153844		_
com.google.javascript.rhino.jstype.JSTypeRegistry#void#initializeBuiltInTypes#?#393	0.5222355769230769	0.0	0.26111778846153844		_
com.google.javascript.rhino.jstype.JSTypeRegistry#void#initializeBuiltInTypes#?#394	0.5222355769230769	0.0	0.26111778846153844		_
com.google.javascript.rhino.jstype.BooleanType#?#BooleanType#?,JSTypeRegistry#53	0.5222355769230769	0.0	0.26111778846153844		_
com.google.javascript.rhino.jstype.JSTypeRegistry#void#initializeBuiltInTypes#?#409	0.5222355769230769	0.0	0.26111778846153844		_
com.google.javascript.rhino.jstype.JSTypeRegistry#void#initializeBuiltInTypes#?#406	0.5222355769230769	0.0	0.26111778846153844		_
com.google.javascript.rhino.jstype.JSTypeRegistry#void#initializeBuiltInTypes#?#405	0.5222355769230769	0.0	0.26111778846153844		_
com.google.javascript.rhino.jstype.JSTypeRegistry#void#initializeBuiltInTypes#?#403	0.5222355769230769	0.0	0.26111778846153844		_
com.google.javascript.rhino.jstype.JSTypeRegistry#void#initializeBuiltInTypes#?#400	0.5222355769230769	0.0	0.26111778846153844		_
com.google.javascript.rhino.jstype.JSTypeRegistry#?#JSTypeRegistry#?,ErrorReporter,boolean#195	0.5222355769230769	0.0	0.26111778846153844		_
com.google.javascript.rhino.jstype.JSTypeRegistry#?#JSTypeRegistry#?,ErrorReporter,boolean#196	0.5222355769230769	0.0	0.26111778846153844		_
com.google.javascript.rhino.jstype.JSTypeRegistry#?#JSTypeRegistry#?,ErrorReporter,boolean#198	0.5222355769230769	0.0	0.26111778846153844		_
com.google.javascript.rhino.jstype.FunctionType#void#setInstanceType#?,ObjectType#1088	0.5222355769230769	0.0	0.26111778846153844		_
com.google.javascript.rhino.jstype.JSTypeRegistry#?#JSTypeRegistry#?,ErrorReporter,boolean#199	0.5222355769230769	0.0	0.26111778846153844		_
com.google.javascript.rhino.jstype.StringType#?#StringType#?,JSTypeRegistry#53	0.5222355769230769	0.0	0.26111778846153844		_
com.google.javascript.rhino.jstype.VoidType#?#VoidType#?,JSTypeRegistry#54	0.5222355769230769	0.0	0.26111778846153844		_
com.google.javascript.rhino.jstype.JSTypeRegistry#void#initializeBuiltInTypes#?#450	0.5222355769230769	0.0	0.26111778846153844		_
com.google.javascript.rhino.jstype.JSTypeRegistry#void#initializeBuiltInTypes#?#456	0.5222355769230769	0.0	0.26111778846153844		_
com.google.javascript.rhino.jstype.JSTypeRegistry#void#initializeBuiltInTypes#?#454	0.5222355769230769	0.0	0.26111778846153844		_
com.google.javascript.rhino.jstype.JSTypeRegistry#void#initializeBuiltInTypes#?#453	0.5222355769230769	0.0	0.26111778846153844		_
com.google.javascript.rhino.jstype.JSTypeRegistry#void#initializeBuiltInTypes#?#457	0.5222355769230769	0.0	0.26111778846153844		_
com.google.javascript.rhino.jstype.JSTypeRegistry#void#initializeBuiltInTypes#?#460	0.5222355769230769	0.0	0.26111778846153844		_
com.google.javascript.rhino.jstype.JSTypeRegistry#void#initializeBuiltInTypes#?#465	0.5222355769230769	0.0	0.26111778846153844		_
com.google.javascript.rhino.jstype.JSTypeRegistry#void#initializeBuiltInTypes#?#464	0.5222355769230769	0.0	0.26111778846153844		_
com.google.javascript.rhino.jstype.JSTypeRegistry#void#initializeBuiltInTypes#?#468	0.5222355769230769	0.0	0.26111778846153844		_
com.google.javascript.rhino.jstype.JSTypeRegistry#void#initializeBuiltInTypes#?#474	0.5222355769230769	0.0	0.26111778846153844		_
com.google.javascript.rhino.jstype.JSTypeRegistry#void#initializeBuiltInTypes#?#470	0.5222355769230769	0.0	0.26111778846153844		_
com.google.javascript.rhino.jstype.JSTypeRegistry#void#initializeBuiltInTypes#?#479	0.5222355769230769	0.0	0.26111778846153844		_
com.google.javascript.rhino.jstype.JSTypeRegistry#void#initializeBuiltInTypes#?#476	0.5222355769230769	0.0	0.26111778846153844		_
com.google.javascript.rhino.jstype.JSTypeRegistry#void#initializeBuiltInTypes#?#484	0.5222355769230769	0.0	0.26111778846153844		_
com.google.javascript.rhino.jstype.JSTypeRegistry#void#initializeBuiltInTypes#?#481	0.5222355769230769	0.0	0.26111778846153844		_
com.google.javascript.rhino.jstype.JSTypeRegistry#void#initializeBuiltInTypes#?#486	0.5222355769230769	0.0	0.26111778846153844		_
com.google.javascript.rhino.jstype.JSTypeRegistry#void#initializeBuiltInTypes#?#410	0.5222355769230769	0.0	0.26111778846153844		_
com.google.javascript.rhino.jstype.JSTypeRegistry#void#initializeBuiltInTypes#?#415	0.5222355769230769	0.0	0.26111778846153844		_
com.google.javascript.rhino.jstype.JSTypeRegistry#void#initializeBuiltInTypes#?#416	0.5222355769230769	0.0	0.26111778846153844		_
com.google.javascript.rhino.jstype.JSTypeRegistry#void#initializeBuiltInTypes#?#413	0.5222355769230769	0.0	0.26111778846153844		_
com.google.javascript.rhino.jstype.JSTypeRegistry#void#initializeBuiltInTypes#?#419	0.5222355769230769	0.0	0.26111778846153844		_
com.google.javascript.rhino.jstype.JSTypeRegistry#void#initializeBuiltInTypes#?#420	0.5222355769230769	0.0	0.26111778846153844		_
com.google.javascript.rhino.jstype.JSTypeRegistry#void#initializeBuiltInTypes#?#423	0.5222355769230769	0.0	0.26111778846153844		_
com.google.javascript.rhino.jstype.JSTypeRegistry#void#initializeBuiltInTypes#?#425	0.5222355769230769	0.0	0.26111778846153844		_
com.google.javascript.rhino.jstype.JSTypeRegistry#void#initializeBuiltInTypes#?#426	0.5222355769230769	0.0	0.26111778846153844		_
com.google.javascript.rhino.jstype.JSTypeRegistry#void#initializeBuiltInTypes#?#429	0.5222355769230769	0.0	0.26111778846153844		_
com.google.javascript.rhino.jstype.JSTypeRegistry#void#initializeBuiltInTypes#?#430	0.5222355769230769	0.0	0.26111778846153844		_
com.google.javascript.rhino.jstype.JSTypeRegistry#void#initializeBuiltInTypes#?#437	0.5222355769230769	0.0	0.26111778846153844		_
com.google.javascript.rhino.jstype.JSTypeRegistry#void#initializeBuiltInTypes#?#438	0.5222355769230769	0.0	0.26111778846153844		_
com.google.javascript.rhino.jstype.JSTypeRegistry#void#initializeBuiltInTypes#?#433	0.5222355769230769	0.0	0.26111778846153844		_
com.google.javascript.rhino.jstype.JSTypeRegistry#void#initializeBuiltInTypes#?#441	0.5222355769230769	0.0	0.26111778846153844		_
com.google.javascript.rhino.jstype.JSTypeRegistry#void#initializeBuiltInTypes#?#446	0.5222355769230769	0.0	0.26111778846153844		_
com.google.javascript.rhino.jstype.JSTypeRegistry#void#initializeBuiltInTypes#?#443	0.5222355769230769	0.0	0.26111778846153844		_
com.google.javascript.rhino.jstype.JSTypeRegistry#void#initializeBuiltInTypes#?#497	0.5222355769230769	0.0	0.26111778846153844		_
com.google.javascript.rhino.jstype.JSTypeRegistry#void#initializeBuiltInTypes#?#496	0.5222355769230769	0.0	0.26111778846153844		_
com.google.javascript.rhino.jstype.JSTypeRegistry#void#initializeBuiltInTypes#?#490	0.5222355769230769	0.0	0.26111778846153844		_
com.google.javascript.rhino.jstype.JSTypeRegistry#void#initializeBuiltInTypes#?#492	0.5222355769230769	0.0	0.26111778846153844		_
com.google.javascript.rhino.jstype.JSTypeRegistry#void#initializeBuiltInTypes#?#514	0.5222355769230769	0.0	0.26111778846153844		_
com.google.javascript.rhino.jstype.JSTypeRegistry#void#initializeBuiltInTypes#?#510	0.5222355769230769	0.0	0.26111778846153844		_
com.google.javascript.rhino.jstype.JSTypeRegistry#void#initializeBuiltInTypes#?#516	0.5222355769230769	0.0	0.26111778846153844		_
com.google.javascript.rhino.jstype.JSTypeRegistry#void#initializeBuiltInTypes#?#520	0.5222355769230769	0.0	0.26111778846153844		_
com.google.javascript.rhino.jstype.JSTypeRegistry#void#initializeBuiltInTypes#?#504	0.5222355769230769	0.0	0.26111778846153844		_
com.google.javascript.rhino.jstype.JSTypeRegistry#void#initializeBuiltInTypes#?#502	0.5222355769230769	0.0	0.26111778846153844		_
com.google.javascript.rhino.jstype.JSTypeRegistry#void#initializeBuiltInTypes#?#508	0.5222355769230769	0.0	0.26111778846153844		_
com.google.javascript.rhino.jstype.AllType#?#AllType#?,JSTypeRegistry#53	0.5222355769230769	0.0	0.26111778846153844		_
com.google.javascript.rhino.jstype.NoType#?#NoType#?,JSTypeRegistry#65	0.5222355769230769	0.0	0.26111778846153844		_
com.google.javascript.rhino.jstype.JSTypeRegistry#?#JSTypeRegistry#?,ErrorReporter,boolean#201	0.5222355769230769	0.0	0.26111778846153844		_
com.google.javascript.rhino.jstype.JSTypeRegistry#?#JSTypeRegistry#?,ErrorReporter,boolean#200	0.5222355769230769	0.0	0.26111778846153844		_
com.google.javascript.rhino.jstype.JSTypeRegistry#void#initializeBuiltInTypes#?#550	0.5222355769230769	0.0	0.26111778846153844		_
com.google.javascript.rhino.jstype.JSTypeRegistry#void#initializeBuiltInTypes#?#558	0.5222355769230769	0.0	0.26111778846153844		_
com.google.javascript.rhino.jstype.JSTypeRegistry#void#initializeBuiltInTypes#?#557	0.5222355769230769	0.0	0.26111778846153844		_
com.google.javascript.rhino.jstype.JSTypeRegistry#void#initializeBuiltInTypes#?#553	0.5222355769230769	0.0	0.26111778846153844		_
com.google.javascript.rhino.jstype.JSTypeRegistry#void#initializeBuiltInTypes#?#561	0.5222355769230769	0.0	0.26111778846153844		_
com.google.javascript.rhino.jstype.JSTypeRegistry#void#initializeBuiltInTypes#?#568	0.5222355769230769	0.0	0.26111778846153844		_
com.google.javascript.rhino.jstype.JSTypeRegistry#void#initializeBuiltInTypes#?#563	0.5222355769230769	0.0	0.26111778846153844		_
com.google.javascript.rhino.jstype.JSTypeRegistry#void#initializeBuiltInTypes#?#540	0.5222355769230769	0.0	0.26111778846153844		_
com.google.javascript.rhino.jstype.JSTypeRegistry#void#initializeBuiltInTypes#?#541	0.5222355769230769	0.0	0.26111778846153844		_
com.google.javascript.rhino.jstype.JSTypeRegistry#void#initializeBuiltInTypes#?#544	0.5222355769230769	0.0	0.26111778846153844		_
com.google.javascript.rhino.jstype.JSTypeRegistry#void#initializeBuiltInTypes#?#545	0.5222355769230769	0.0	0.26111778846153844		_
com.google.javascript.rhino.jstype.JSTypeRegistry#void#initializeBuiltInTypes#?#548	0.5222355769230769	0.0	0.26111778846153844		_
com.google.javascript.rhino.jstype.NumberType#?#NumberType#?,JSTypeRegistry#53	0.5222355769230769	0.0	0.26111778846153844		_
com.google.javascript.rhino.jstype.JSTypeRegistry#void#resetForTypeCheck#?#233	0.5222355769230769	0.0	0.26111778846153844		_
com.google.javascript.rhino.jstype.JSTypeRegistry#void#resetForTypeCheck#?#238	0.5222355769230769	0.0	0.26111778846153844		_
com.google.javascript.rhino.jstype.JSTypeRegistry#void#resetForTypeCheck#?#237	0.5222355769230769	0.0	0.26111778846153844		_
com.google.javascript.rhino.jstype.JSTypeRegistry#void#resetForTypeCheck#?#236	0.5222355769230769	0.0	0.26111778846153844		_
com.google.javascript.rhino.jstype.JSTypeRegistry#void#resetForTypeCheck#?#235	0.5222355769230769	0.0	0.26111778846153844		_
com.google.javascript.rhino.jstype.JSTypeRegistry#void#resetForTypeCheck#?#234	0.5222355769230769	0.0	0.26111778846153844		_
com.google.javascript.rhino.jstype.JSTypeRegistry#void#initializeBuiltInTypes#?#249	0.5222355769230769	0.0	0.26111778846153844		_
com.google.javascript.rhino.jstype.JSTypeRegistry#void#initializeBuiltInTypes#?#247	0.5222355769230769	0.0	0.26111778846153844		_
com.google.javascript.rhino.jstype.JSTypeRegistry#void#initializeBuiltInTypes#?#246	0.5222355769230769	0.0	0.26111778846153844		_
com.google.javascript.rhino.jstype.JSTypeRegistry#void#initializeBuiltInTypes#?#242	0.5222355769230769	0.0	0.26111778846153844		_
com.google.javascript.rhino.jstype.JSTypeRegistry#void#initializeBuiltInTypes#?#243	0.5222355769230769	0.0	0.26111778846153844		_
com.google.javascript.rhino.jstype.JSTypeRegistry#void#initializeBuiltInTypes#?#287	0.5222355769230769	0.0	0.26111778846153844		_
com.google.javascript.rhino.jstype.JSTypeRegistry#void#initializeBuiltInTypes#?#288	0.5222355769230769	0.0	0.26111778846153844		_
com.google.javascript.rhino.jstype.JSTypeRegistry#void#initializeBuiltInTypes#?#274	0.5222355769230769	0.0	0.26111778846153844		_
com.google.javascript.rhino.jstype.JSTypeRegistry#void#initializeBuiltInTypes#?#276	0.5222355769230769	0.0	0.26111778846153844		_
com.google.javascript.rhino.jstype.JSTypeRegistry#void#initializeBuiltInTypes#?#279	0.5222355769230769	0.0	0.26111778846153844		_
com.google.javascript.rhino.jstype.JSTypeRegistry#void#initializeBuiltInTypes#?#265	0.5222355769230769	0.0	0.26111778846153844		_
com.google.javascript.rhino.jstype.JSTypeRegistry#void#initializeBuiltInTypes#?#264	0.5222355769230769	0.0	0.26111778846153844		_
com.google.javascript.rhino.jstype.JSTypeRegistry#void#initializeBuiltInTypes#?#261	0.5222355769230769	0.0	0.26111778846153844		_
com.google.javascript.rhino.jstype.JSTypeRegistry#void#initializeBuiltInTypes#?#260	0.5222355769230769	0.0	0.26111778846153844		_
com.google.javascript.rhino.jstype.JSTypeRegistry#void#initializeBuiltInTypes#?#268	0.5222355769230769	0.0	0.26111778846153844		_
com.google.javascript.rhino.jstype.JSTypeRegistry#void#initializeBuiltInTypes#?#267	0.5222355769230769	0.0	0.26111778846153844		_
com.google.javascript.rhino.jstype.JSTypeRegistry#void#initializeBuiltInTypes#?#252	0.5222355769230769	0.0	0.26111778846153844		_
com.google.javascript.rhino.jstype.JSTypeRegistry#void#initializeBuiltInTypes#?#253	0.5222355769230769	0.0	0.26111778846153844		_
com.google.javascript.rhino.jstype.JSTypeRegistry#void#initializeBuiltInTypes#?#250	0.5222355769230769	0.0	0.26111778846153844		_
com.google.javascript.rhino.jstype.JSTypeRegistry#void#initializeBuiltInTypes#?#259	0.5222355769230769	0.0	0.26111778846153844		_
com.google.javascript.rhino.jstype.JSTypeRegistry#void#initializeBuiltInTypes#?#255	0.5222355769230769	0.0	0.26111778846153844		_
com.google.javascript.rhino.jstype.JSTypeRegistry#void#initializeBuiltInTypes#?#256	0.5222355769230769	0.0	0.26111778846153844		_
com.google.javascript.rhino.jstype.JSTypeRegistry#void#initializeBuiltInTypes#?#258	0.5222355769230769	0.0	0.26111778846153844		_
com.google.javascript.rhino.jstype.JSTypeRegistry#void#registerNativeType#?,JSTypeNative,JSType#615	0.5222355769230769	0.0	0.26111778846153844		_
com.google.javascript.rhino.jstype.JSTypeRegistry#void#initializeBuiltInTypes#?#290	0.5222355769230769	0.0	0.26111778846153844		_
com.google.javascript.rhino.jstype.JSTypeRegistry#void#initializeBuiltInTypes#?#297	0.5222355769230769	0.0	0.26111778846153844		_
com.google.javascript.rhino.jstype.JSTypeRegistry#void#initializeBuiltInTypes#?#291	0.5222355769230769	0.0	0.26111778846153844		_
com.google.javascript.rhino.jstype.JSTypeRegistry#void#initializeBuiltInTypes#?#293	0.5222355769230769	0.0	0.26111778846153844		_
com.google.javascript.rhino.jstype.JSTypeRegistry#void#initializeBuiltInTypes#?#294	0.5222355769230769	0.0	0.26111778846153844		_
com.google.javascript.rhino.jstype.NoObjectType#?#NoObjectType#?,JSTypeRegistry#70	0.5222355769230769	0.0	0.26111778846153844		_
com.google.javascript.rhino.jstype.NoObjectType#?#NoObjectType#?,JSTypeRegistry#71	0.5222355769230769	0.0	0.26111778846153844		_
com.google.javascript.rhino.jstype.NoObjectType#?#NoObjectType#?,JSTypeRegistry#67	0.5222355769230769	0.0	0.26111778846153844		_
com.google.javascript.rhino.jstype.FunctionType#ArrowType#getInternalArrowType#?#333	0.5222355769230769	0.0	0.26111778846153844		_
com.google.javascript.rhino.jstype.JSTypeRegistry#void#initializeBuiltInTypes#?#319	0.5222355769230769	0.0	0.26111778846153844		_
com.google.javascript.rhino.jstype.JSTypeRegistry#void#initializeBuiltInTypes#?#316	0.5222355769230769	0.0	0.26111778846153844		_
com.google.javascript.rhino.jstype.JSTypeRegistry#void#initializeBuiltInTypes#?#315	0.5222355769230769	0.0	0.26111778846153844		_
com.google.javascript.rhino.jstype.JSTypeRegistry#void#initializeBuiltInTypes#?#312	0.5222355769230769	0.0	0.26111778846153844		_
com.google.javascript.rhino.jstype.JSTypeRegistry#void#initializeBuiltInTypes#?#313	0.5222355769230769	0.0	0.26111778846153844		_
com.google.javascript.rhino.jstype.JSTypeRegistry#void#initializeBuiltInTypes#?#310	0.5222355769230769	0.0	0.26111778846153844		_
com.google.javascript.rhino.jstype.JSTypeRegistry#void#initializeBuiltInTypes#?#329	0.5222355769230769	0.0	0.26111778846153844		_
com.google.javascript.rhino.jstype.JSTypeRegistry#void#initializeBuiltInTypes#?#326	0.5222355769230769	0.0	0.26111778846153844		_
com.google.javascript.rhino.jstype.JSTypeRegistry#void#initializeBuiltInTypes#?#307	0.5222355769230769	0.0	0.26111778846153844		_
com.google.javascript.rhino.jstype.JSTypeRegistry#void#initializeBuiltInTypes#?#309	0.5222355769230769	0.0	0.26111778846153844		_
com.google.javascript.rhino.jstype.JSTypeRegistry#void#initializeBuiltInTypes#?#302	0.5222355769230769	0.0	0.26111778846153844		_
com.google.javascript.rhino.jstype.JSTypeRegistry#void#initializeBuiltInTypes#?#303	0.5222355769230769	0.0	0.26111778846153844		_
com.google.javascript.rhino.jstype.JSTypeRegistry#void#initializeBuiltInTypes#?#306	0.5222355769230769	0.0	0.26111778846153844		_
com.google.javascript.rhino.jstype.JSTypeRegistry#void#initializeBuiltInTypes#?#358	0.5222355769230769	0.0	0.26111778846153844		_
com.google.javascript.rhino.jstype.JSTypeRegistry#void#initializeBuiltInTypes#?#357	0.5222355769230769	0.0	0.26111778846153844		_
com.google.javascript.rhino.jstype.JSTypeRegistry#void#initializeBuiltInTypes#?#350	0.5222355769230769	0.0	0.26111778846153844		_
com.google.javascript.rhino.jstype.JSTypeRegistry#void#initializeBuiltInTypes#?#365	0.5222355769230769	0.0	0.26111778846153844		_
com.google.javascript.rhino.jstype.JSTypeRegistry#void#initializeBuiltInTypes#?#368	0.5222355769230769	0.0	0.26111778846153844		_
com.google.javascript.rhino.jstype.JSTypeRegistry#void#initializeBuiltInTypes#?#367	0.5222355769230769	0.0	0.26111778846153844		_
com.google.javascript.rhino.jstype.JSTypeRegistry#void#initializeBuiltInTypes#?#361	0.5222355769230769	0.0	0.26111778846153844		_
com.google.javascript.rhino.jstype.JSTypeRegistry#void#initializeBuiltInTypes#?#364	0.5222355769230769	0.0	0.26111778846153844		_
com.google.javascript.rhino.jstype.JSTypeRegistry#void#initializeBuiltInTypes#?#360	0.5222355769230769	0.0	0.26111778846153844		_
com.google.javascript.rhino.jstype.JSTypeRegistry#void#initializeBuiltInTypes#?#333	0.5222355769230769	0.0	0.26111778846153844		_
com.google.javascript.rhino.jstype.JSTypeRegistry#void#initializeBuiltInTypes#?#332	0.5222355769230769	0.0	0.26111778846153844		_
com.google.javascript.rhino.jstype.JSTypeRegistry#void#initializeBuiltInTypes#?#336	0.5222355769230769	0.0	0.26111778846153844		_
com.google.javascript.rhino.jstype.JSTypeRegistry#void#initializeBuiltInTypes#?#330	0.5222355769230769	0.0	0.26111778846153844		_
com.google.javascript.rhino.jstype.JSTypeRegistry#void#initializeBuiltInTypes#?#345	0.5222355769230769	0.0	0.26111778846153844		_
com.google.javascript.rhino.jstype.JSTypeRegistry#void#initializeBuiltInTypes#?#347	0.5222355769230769	0.0	0.26111778846153844		_
com.google.javascript.rhino.jstype.JSTypeRegistry#void#initializeBuiltInTypes#?#340	0.5222355769230769	0.0	0.26111778846153844		_
com.google.javascript.rhino.jstype.JSTypeRegistry#void#initializeBuiltInTypes#?#341	0.5222355769230769	0.0	0.26111778846153844		_
com.google.javascript.jscomp.RecentChange#void#reset#?#36	0.5219951923076923	0.0	0.26099759615384616		_
com.google.javascript.rhino.jstype.JSTypeRegistry#Node#createOptionalParameters#?,JSType#1263	0.521875	0.0	0.2609375		_
com.google.javascript.rhino.jstype.JSTypeRegistry#Node#createOptionalParameters#?,JSType#1264	0.521875	0.0	0.2609375		_
com.google.javascript.rhino.jstype.JSTypeRegistry#Node#createOptionalParameters#?,JSType#1265	0.521875	0.0	0.2609375		_
com.google.javascript.rhino.jstype.JSTypeRegistry#FunctionType#createFunctionType#?,JSType,boolean,JSType#1301	0.5217548076923078	0.0	0.2608774038461539		_
com.google.javascript.jscomp.Compiler#String#toSource#?,Node,SourceMap,boolean#1828	0.5217548076923078	0.0	0.2608774038461539		_
com.google.javascript.jscomp.Compiler#String#toSource#?,Node,SourceMap,boolean#1823	0.5217548076923078	0.0	0.2608774038461539		_
com.google.javascript.jscomp.Compiler#String#toSource#?,Node,SourceMap,boolean#1824	0.5217548076923078	0.0	0.2608774038461539		_
com.google.javascript.jscomp.Compiler#String#toSource#?,Node,SourceMap,boolean#1825	0.5217548076923078	0.0	0.2608774038461539		_
com.google.javascript.jscomp.Compiler#String#toSource#?,Node,SourceMap,boolean#1826	0.5217548076923078	0.0	0.2608774038461539		_
com.google.javascript.rhino.jstype.JSTypeRegistry#FunctionType#createFunctionTypeWithVarArgs#?,JSType,JSType#1135	0.5217548076923078	0.0	0.2608774038461539		_
com.google.javascript.jscomp.CodePrinter$Builder#Builder#setTagAsStrict#?,boolean#628	0.5216346153846154	0.0	0.2608173076923077		_
com.google.javascript.jscomp.CodePrinter$Builder#Builder#setTagAsStrict#?,boolean#627	0.5216346153846154	0.0	0.2608173076923077		_
com.google.javascript.rhino.Node#boolean#hasChild#?,Node#1417	0.5216346153846154	0.0	0.2608173076923077		_
com.google.javascript.rhino.Node#NodeMismatch#checkTreeEqualsImpl#?,Node#1457	0.5205528846153846	0.0	0.2602764423076923		_
com.google.javascript.rhino.jstype.JSTypeRegistry#FunctionType#createFunctionType#?,JSType,Node#1343	0.5204326923076923	0.0	0.26021634615384615		_
com.google.javascript.rhino.Node#String#checkTreeEquals#?,Node#1428	0.5200721153846154	0.0	0.2600360576923077		_
com.google.javascript.rhino.Node#String#getQualifiedName#?#1584	0.5200721153846154	0.0	0.2600360576923077		_
com.google.javascript.rhino.Node#NodeMismatch#checkTreeEqualsImpl#?,Node#1449	0.5199519230769231	0.0	0.25997596153846153		_
com.google.javascript.rhino.Node#NodeMismatch#checkTreeEqualsImpl#?,Node#1450	0.5199519230769231	0.0	0.25997596153846153		_
com.google.javascript.rhino.jstype.JSTypeRegistry#Node#createParameters#?,boolean,JSType#1285	0.5198317307692308	0.0	0.2599158653846154		_
com.google.javascript.rhino.Node#String#getQualifiedName#?#1580	0.5195913461538462	0.0	0.2597956730769231		_
com.google.javascript.jscomp.AstValidator#void#validateName#?,Node#341	0.5188701923076924	0.0	0.2594350961538462		_
com.google.javascript.jscomp.AstValidator#void#validateName#?,Node#340	0.5188701923076924	0.0	0.2594350961538462		_
com.google.javascript.jscomp.AstValidator#void#validateName#?,Node#342	0.5188701923076924	0.0	0.2594350961538462		_
com.google.javascript.rhino.jstype.PrototypeObjectType#String#getReferenceName#?#302	0.23942307692307696	0.27848557692307696	0.25895432692307696	!(className != null)	_
com.google.javascript.rhino.jstype.ProxyObjectType#void#setReferencedType#?,JSType#91	0.5179086538461539	0.0	0.25895432692307696		_
com.google.javascript.rhino.Node#Node#cloneTree#?#1719	0.5179086538461539	0.0	0.25895432692307696		_
com.google.javascript.rhino.Node#Node#cloneTree#?#1731	0.5179086538461539	0.0	0.25895432692307696		_
com.google.javascript.rhino.Node#Node#cloneNode#?#1702	0.5173076923076922	0.0	0.2586538461538461		_
com.google.javascript.rhino.Node#Node#cloneNode#?#1700	0.5173076923076922	0.0	0.2586538461538461		_
com.google.javascript.rhino.Node#Node#cloneNode#?#1708	0.5173076923076922	0.0	0.2586538461538461		_
com.google.javascript.rhino.Node#Node#cloneNode#?#1707	0.5173076923076922	0.0	0.2586538461538461		_
com.google.javascript.rhino.Node#Node#cloneNode#?#1706	0.5173076923076922	0.0	0.2586538461538461		_
com.google.javascript.rhino.Node#Node#cloneNode#?#1705	0.5173076923076922	0.0	0.2586538461538461		_
com.google.javascript.rhino.Node#Node#cloneNode#?#1712	0.5173076923076922	0.0	0.2586538461538461		_
com.google.javascript.jscomp.CodePrinter$Builder#Builder#setSourceMap#?,SourceMap#619	0.5163461538461538	0.0	0.2581730769230769		_
com.google.javascript.jscomp.CodePrinter$Builder#Builder#setSourceMap#?,SourceMap#620	0.5163461538461538	0.0	0.2581730769230769		_
com.google.javascript.rhino.jstype.JSTypeRegistry#Node#createParameters#?,boolean,JSType#1283	0.515985576923077	0.0	0.2579927884615385		_
com.google.javascript.rhino.jstype.JSTypeRegistry#Node#createParametersWithVarArgs#?,JSType#1255	0.515985576923077	0.0	0.2579927884615385		_
com.google.javascript.rhino.jstype.TemplateTypeMap#boolean#checkEquivalenceHelper#?,TemplateTypeMap,EquivalenceMethod#204	0.25757211538461533	0.25757211538461533	0.25757211538461533	i < thisKeys.size()	_
com.google.javascript.rhino.jstype.ObjectType#boolean#isUnknownType#?#558	0.25721153846153844	0.25769230769230766	0.25745192307692305	implicitProto == null || implicitProto.isNativeObjectType()	_
com.google.javascript.jscomp.CodePrinter$Builder#Builder#setCompilerOptions#?,CompilerOptions#577	0.5132211538461539	0.0	0.2566105769230769		_
com.google.javascript.jscomp.CodePrinter$Builder#Builder#setCompilerOptions#?,CompilerOptions#573	0.5132211538461539	0.0	0.2566105769230769		_
com.google.javascript.jscomp.CompilerOptions#Object#clone#?#1586	0.5132211538461539	0.0	0.2566105769230769		_
com.google.javascript.jscomp.CompilerOptions#Object#clone#?#1588	0.5132211538461539	0.0	0.2566105769230769		_
com.google.javascript.rhino.jstype.JSTypeRegistry#Node#createParameters#?,boolean,JSType#1288	0.5126201923076923	0.0	0.25631009615384615		_
com.google.javascript.rhino.jstype.JSTypeRegistry#Node#createParameters#?,boolean,JSType#1279	0.5126201923076923	0.0	0.25631009615384615		_
com.google.javascript.rhino.jstype.JSTypeRegistry#Node#createParameters#?,boolean,JSType#1280	0.5126201923076923	0.0	0.25631009615384615		_
com.google.javascript.jscomp.Compiler#void#initInputsByIdMap#?#538	0.25612980769230764	0.25612980769230764	0.25612980769230764	!(previous != null)	_
com.google.javascript.jscomp.Compiler#void#initBasedOnOptions#?#433	0.2530048076923077	0.25913461538461535	0.25606971153846153	!(options.sourceMapOutputPath != null)	_
com.google.javascript.rhino.jstype.PrototypeObjectType#boolean#isSubtype#?,JSType#356	0.2560096153846154	0.2560096153846154	0.2560096153846154	!(isUnknownType() || implicitPrototypeChainIsUnknown())	_
com.google.javascript.rhino.jstype.PrototypeObjectType#boolean#isSubtype#?,JSType#340	0.2560096153846154	0.2560096153846154	0.2560096153846154	!(getConstructor() != null && getConstructor().isInterface())	_
com.google.javascript.rhino.jstype.PrototypeObjectType#boolean#isSubtype#?,JSType#346	0.2560096153846154	0.2560096153846154	0.2560096153846154	!(thatCtor != null && thatCtor.isInterface())	_
com.google.javascript.rhino.jstype.PrototypeObjectType#boolean#implicitPrototypeChainIsUnknown#?#367	0.2560096153846154	0.2560096153846154	0.2560096153846154	!(p != null)	_
com.google.javascript.rhino.jstype.PrototypeObjectType#boolean#implicitPrototypeChainIsUnknown#?#368	0.2560096153846154	0.2560096153846154	0.2560096153846154	!(p.isUnknownType())	_
com.google.javascript.jscomp.CodePrinter$CompactCodePrinter#?#CompactCodePrinter#?,boolean,boolean,int,boolean,SourceMap.DetailLevel#441	0.510576923076923	0.0	0.2552884615384615		_
com.google.javascript.jscomp.CodePrinter$CompactCodePrinter#?#CompactCodePrinter#?,boolean,boolean,int,boolean,SourceMap.DetailLevel#442	0.510576923076923	0.0	0.2552884615384615		_
com.google.javascript.jscomp.CodePrinter$CompactCodePrinter#?#CompactCodePrinter#?,boolean,boolean,int,boolean,SourceMap.DetailLevel#443	0.510576923076923	0.0	0.2552884615384615		_
com.google.javascript.jscomp.CodePrinter$CompactCodePrinter#void#endFile#?#524	0.510576923076923	0.0	0.2552884615384615		_
com.google.javascript.jscomp.CodePrinter$CompactCodePrinter#void#endFile#?#522	0.510576923076923	0.0	0.2552884615384615		_
com.google.javascript.jscomp.Scope#boolean#isGlobal#?#603	0.5102163461538461	0.0	0.2551081730769231		_
com.google.javascript.rhino.jstype.PrototypeObjectType#boolean#isSubtype#?,JSType#330	0.25384615384615383	0.2560096153846154	0.2549278846153846	!(that.isRecordType())	_
com.google.javascript.jscomp.AstValidator#void#validateExpression#?,Node#156	0.5080528846153847	0.0	0.25402644230769234		_
com.google.javascript.rhino.jstype.PrototypeObjectType#boolean#isSubtype#?,JSType#323	0.25384615384615383	0.25384615384615383	0.25384615384615383	!(that.isUnionType())	_
com.google.javascript.jscomp.GoogleCodingConvention#?#GoogleCodingConvention#?,CodingConvention#49	0.5070913461538462	0.0	0.2535456730769231		_
com.google.javascript.jscomp.GoogleCodingConvention#?#GoogleCodingConvention#?#44	0.5070913461538462	0.0	0.2535456730769231		_
com.google.javascript.jscomp.Compiler#void#initModules#?,List<T>,List<JSModule>,CompilerOptions#408	0.2530048076923077	0.2540865384615385	0.2535456730769231	!(modules.size() > 1)	_
com.google.javascript.rhino.jstype.FunctionType#ObjectType#getPrototype#?#368	0.24350961538461535	0.2634615384615384	0.2534855769230769	prototypeSlot == null	_
com.google.javascript.jscomp.Compiler#void#reconcileOptionsWithGuards#?#315	0.1912259615384615	0.31526442307692304	0.25324519230769227	options.enables(DiagnosticGroups.CHECK_TYPES)	_
com.google.javascript.rhino.jstype.PrototypeObjectType#boolean#isSubtype#?,JSType#318	0.2525240384615385	0.25384615384615383	0.25318509615384616	!(JSType.isSubtypeHelper(this,that))	_
com.google.javascript.jscomp.AstValidator#void#validateNonEmptyString#?,Node#327	0.5063701923076923	0.0	0.25318509615384616		_
com.google.javascript.jscomp.Compiler#void#fillEmptyModules#?,List<JSModule>#484	0.2530048076923077	0.25324519230769227	0.253125	!(module.getInputs().isEmpty())	_
com.google.javascript.jscomp.Compiler#void#checkFirstModule#?,List<JSModule>#461	0.2530048076923077	0.2530048076923077	0.2530048076923077	!(modules.isEmpty())	_
com.google.javascript.jscomp.Compiler#void#checkFirstModule#?,List<JSModule>#463	0.2530048076923077	0.2530048076923077	0.2530048076923077	!(modules.get(0).getInputs().isEmpty() && modules.size() > 1)	_
com.google.javascript.jscomp.Compiler#void#initInputsByIdMap#?#545	0.2530048076923077	0.2530048076923077	0.2530048076923077	!(previous != null)	_
com.google.javascript.rhino.jstype.ObjectType#?#ObjectType#?,JSTypeRegistry#88	0.5057692307692307	0.0	0.2528846153846154		_
com.google.javascript.jscomp.CodeGenerator#void#add#?,Node,Context#391	0.5057692307692307	0.0	0.2528846153846154		_
com.google.javascript.jscomp.AstValidator#void#validateCodeRoot#?,Node#80	0.5048076923076923	0.0	0.25240384615384615		_
com.google.javascript.jscomp.AstValidator#void#validateCodeRoot#?,Node#77	0.5048076923076923	0.0	0.25240384615384615		_
com.google.javascript.jscomp.AstValidator#void#validateCodeRoot#?,Node#78	0.5048076923076923	0.0	0.25240384615384615		_
com.google.javascript.jscomp.CompilerOptions#void#setLanguageIn#?,LanguageMode#1561	0.5045673076923076	0.0	0.2522836538461538		_
com.google.javascript.jscomp.CompilerOptions#void#setLanguageIn#?,LanguageMode#1562	0.5045673076923076	0.0	0.2522836538461538		_
com.google.javascript.jscomp.CodeGenerator#void#add#?,Node,Context#411	0.5044471153846154	0.0	0.2522235576923077		_
com.google.javascript.jscomp.CodeGenerator#void#add#?,Node,Context#379	0.5044471153846154	0.0	0.2522235576923077		_
com.google.javascript.jscomp.CodeGenerator#void#add#?,Node,Context#384	0.5044471153846154	0.0	0.2522235576923077		_
com.google.javascript.jscomp.CompilerOptions#Charset#getOutputCharset#?#1543	0.5039663461538462	0.0	0.2519831730769231		_
com.google.javascript.jscomp.CodePrinter$Builder#?#Builder#?,Node#565	0.5039663461538462	0.0	0.2519831730769231		_
com.google.javascript.jscomp.CodePrinter$MappedCodePrinter#String#getCode#?#203	0.5039663461538462	0.0	0.2519831730769231		_
com.google.javascript.jscomp.CodePrinter#String#toSource#?,Node,Format,CompilerOptions,JSTypeRegistry,SourceMap,boolean#690	0.5039663461538462	0.0	0.2519831730769231		_
com.google.javascript.jscomp.CodePrinter#String#toSource#?,Node,Format,CompilerOptions,JSTypeRegistry,SourceMap,boolean#696	0.5039663461538462	0.0	0.2519831730769231		_
com.google.javascript.jscomp.CodePrinter#String#toSource#?,Node,Format,CompilerOptions,JSTypeRegistry,SourceMap,boolean#678	0.5039663461538462	0.0	0.2519831730769231		_
com.google.javascript.jscomp.CodePrinter#String#toSource#?,Node,Format,CompilerOptions,JSTypeRegistry,SourceMap,boolean#687	0.5039663461538462	0.0	0.2519831730769231		_
com.google.javascript.jscomp.CodePrinter#String#toSource#?,Node,Format,CompilerOptions,JSTypeRegistry,SourceMap,boolean#688	0.5039663461538462	0.0	0.2519831730769231		_
com.google.javascript.jscomp.CodePrinter#String#toSource#?,Node,Format,CompilerOptions,JSTypeRegistry,SourceMap,boolean#663	0.5039663461538462	0.0	0.2519831730769231		_
com.google.javascript.jscomp.CodePrinter#String#toSource#?,Node,Format,CompilerOptions,JSTypeRegistry,SourceMap,boolean#665	0.5039663461538462	0.0	0.2519831730769231		_
com.google.javascript.jscomp.CodePrinter#String#toSource#?,Node,Format,CompilerOptions,JSTypeRegistry,SourceMap,boolean#666	0.5039663461538462	0.0	0.2519831730769231		_
com.google.javascript.jscomp.CodePrinter$MappedCodePrinter#void#startSourceMapping#?,Node#93	0.5039663461538462	0.0	0.2519831730769231		_
com.google.javascript.jscomp.CodePrinter$MappedCodePrinter#void#startSourceMapping#?,Node#92	0.5039663461538462	0.0	0.2519831730769231		_
com.google.javascript.jscomp.CodePrinter$MappedCodePrinter#?#MappedCodePrinter#?,int,boolean,SourceMap.DetailLevel#62	0.5039663461538462	0.0	0.2519831730769231		_
com.google.javascript.jscomp.CodePrinter$MappedCodePrinter#?#MappedCodePrinter#?,int,boolean,SourceMap.DetailLevel#65	0.5039663461538462	0.0	0.2519831730769231		_
com.google.javascript.jscomp.CodePrinter$MappedCodePrinter#?#MappedCodePrinter#?,int,boolean,SourceMap.DetailLevel#67	0.5039663461538462	0.0	0.2519831730769231		_
com.google.javascript.jscomp.CodePrinter$MappedCodePrinter#?#MappedCodePrinter#?,int,boolean,SourceMap.DetailLevel#66	0.5039663461538462	0.0	0.2519831730769231		_
com.google.javascript.jscomp.CodePrinter$MappedCodePrinter#?#MappedCodePrinter#?,int,boolean,SourceMap.DetailLevel#68	0.5039663461538462	0.0	0.2519831730769231		_
com.google.javascript.jscomp.CodePrinter$Builder#String#build#?#640	0.5039663461538462	0.0	0.2519831730769231		_
com.google.javascript.jscomp.CodePrinter$Builder#String#build#?#646	0.5039663461538462	0.0	0.2519831730769231		_
com.google.javascript.jscomp.CompilerOptions#LanguageMode#getLanguageOut#?#1570	0.5039663461538462	0.0	0.2519831730769231		_
com.google.javascript.jscomp.CodeGenerator#?#CodeGenerator#?,CodeConsumer,CompilerOptions#85	0.5039663461538462	0.0	0.2519831730769231		_
com.google.javascript.jscomp.CodeGenerator#?#CodeGenerator#?,CodeConsumer,CompilerOptions#79	0.5039663461538462	0.0	0.2519831730769231		_
com.google.javascript.jscomp.CodeGenerator#?#CodeGenerator#?,CodeConsumer,CompilerOptions#84	0.5039663461538462	0.0	0.2519831730769231		_
com.google.javascript.jscomp.CodeGenerator#?#CodeGenerator#?,CodeConsumer,CompilerOptions#83	0.5039663461538462	0.0	0.2519831730769231		_
com.google.javascript.jscomp.CodeGenerator#?#CodeGenerator#?,CodeConsumer,CompilerOptions#73	0.5039663461538462	0.0	0.2519831730769231		_
com.google.javascript.jscomp.CodeGenerator#?#CodeGenerator#?,CodeConsumer,CompilerOptions#71	0.5039663461538462	0.0	0.2519831730769231		_
com.google.javascript.jscomp.CodeConsumer#boolean#continueProcessing#?#52	0.5038461538461538	0.0	0.2519230769230769		_
com.google.javascript.jscomp.NodeUtil#String#opToStr#?,int#2221	0.5038461538461538	0.0	0.2519230769230769		_
com.google.javascript.rhino.jstype.JSType#boolean#isSubtypeHelper#?,JSType,JSType#1269	0.23521634615384612	0.2686298076923077	0.2519230769230769	!(isExemptFromTemplateTypeInvariance(thatType))	_
com.google.javascript.jscomp.CodeGenerator#void#add#?,Node,Context#781	0.5038461538461538	0.0	0.2519230769230769		_
com.google.javascript.jscomp.CodeGenerator#void#add#?,Node#104	0.5038461538461538	0.0	0.2519230769230769		_
com.google.javascript.jscomp.CodeGenerator#void#add#?,Node,Context#141	0.5038461538461538	0.0	0.2519230769230769		_
com.google.javascript.jscomp.CodeGenerator#void#add#?,Node,Context#143	0.5038461538461538	0.0	0.2519230769230769		_
com.google.javascript.jscomp.CodeGenerator#void#add#?,Node,Context#114	0.5038461538461538	0.0	0.2519230769230769		_
com.google.javascript.jscomp.CodeGenerator#void#add#?,Node,Context#113	0.5038461538461538	0.0	0.2519230769230769		_
com.google.javascript.jscomp.CodeGenerator#void#add#?,Node,Context#112	0.5038461538461538	0.0	0.2519230769230769		_
com.google.javascript.jscomp.CodeGenerator#void#add#?,Node,Context#116	0.5038461538461538	0.0	0.2519230769230769		_
com.google.javascript.jscomp.CodeGenerator#void#add#?,Node,Context#115	0.5038461538461538	0.0	0.2519230769230769		_
com.google.javascript.jscomp.AstValidator#void#validateChildCount#?,Node,int#778	0.5034855769230769	0.0	0.25174278846153847		_
com.google.javascript.jscomp.Scope#Var#getVar#?,String#535	0.5028846153846154	0.0	0.2514423076923077		_
com.google.javascript.jscomp.NodeUtil#String#opToStr#?,int#2179	0.5026442307692307	0.0	0.25132211538461535		_
com.google.javascript.jscomp.parsing.IRFactory$TransformDispatcher#Node#processFunctionNode#?,FunctionNode#813	0.5022836538461539	0.0	0.25114182692307696		_
com.google.javascript.jscomp.parsing.IRFactory$TransformDispatcher#Node#processFunctionNode#?,FunctionNode#791	0.5022836538461539	0.0	0.25114182692307696		_
com.google.javascript.jscomp.parsing.IRFactory$TransformDispatcher#Node#processFunctionNode#?,FunctionNode#798	0.5022836538461539	0.0	0.25114182692307696		_
com.google.javascript.jscomp.parsing.IRFactory$TransformDispatcher#Node#processFunctionNode#?,FunctionNode#797	0.5022836538461539	0.0	0.25114182692307696		_
com.google.javascript.jscomp.parsing.IRFactory$TransformDispatcher#Node#processFunctionNode#?,FunctionNode#795	0.5022836538461539	0.0	0.25114182692307696		_
com.google.javascript.jscomp.parsing.IRFactory$TransformDispatcher#Node#processFunctionNode#?,FunctionNode#781	0.5022836538461539	0.0	0.25114182692307696		_
com.google.javascript.jscomp.parsing.IRFactory$TransformDispatcher#Node#processFunctionNode#?,FunctionNode#783	0.5022836538461539	0.0	0.25114182692307696		_
com.google.javascript.jscomp.parsing.IRFactory$TransformDispatcher#Node#processFunctionNode#?,FunctionNode#782	0.5022836538461539	0.0	0.25114182692307696		_
com.google.javascript.jscomp.parsing.IRFactory$TransformDispatcher#Node#processFunctionNode#?,FunctionNode#771	0.5022836538461539	0.0	0.25114182692307696		_
com.google.javascript.rhino.jstype.ObjectType#boolean#isUnknownType#?#556	0.24459134615384615	0.25721153846153844	0.2509014423076923	unknown	_
com.google.javascript.rhino.Node$IntPropListItem#int#getIntValue#?#339	0.2508413461538461	0.2508413461538461	0.2508413461538461	(intValue)>= 0	_
com.google.javascript.rhino.Node#int#getIntProp#?,int#832	0.2508413461538461	0.2508413461538461	0.2508413461538461	(item.getIntValue())> 0	_
com.google.javascript.jscomp.AstValidator#void#validateChildCount#?,Node,int#782	0.5014423076923077	0.0	0.25072115384615384		_
com.google.javascript.jscomp.AstValidator#void#validateScript#?,Node#89	0.5012019230769231	0.0	0.25060096153846156		_
com.google.javascript.jscomp.AstValidator#?#AstValidator#?#49	0.5010817307692308	0.0	0.2505408653846154		_
com.google.javascript.jscomp.AstValidator#void#validateStatement#?,Node#94	0.5008413461538461	0.0	0.25042067307692306		_
com.google.javascript.jscomp.AstValidator#void#validateChildCount#?,Node,int#776	0.5004807692307692	0.0	0.2502403846153846		_
com.google.javascript.jscomp.AstValidator#void#validateHasInputId#?,Node#307	0.500360576923077	0.0	0.2501802884615385		_
com.google.javascript.jscomp.AstValidator#void#validateScript#?,Node#85	0.500360576923077	0.0	0.2501802884615385		_
com.google.javascript.jscomp.AstValidator#void#validateScript#?,Node#86	0.500360576923077	0.0	0.2501802884615385		_
com.google.javascript.jscomp.AstValidator#void#validateScript#?,Node#87	0.500360576923077	0.0	0.2501802884615385		_
com.google.javascript.jscomp.AstValidator#void#validateHasSourceName#?,Node#300	0.500360576923077	0.0	0.2501802884615385		_
com.google.javascript.rhino.jstype.PropertyMap#void#setParentSource#?,ObjectType#92	0.24987980769230766	0.24987980769230766	0.24987980769230766	this != EMPTY_MAP	_
com.google.javascript.rhino.jstype.FunctionType#void#setPrototypeBasedOn#?,ObjectType#396	0.4985576923076923	0.0	0.24927884615384616		_
com.google.javascript.rhino.jstype.BooleanType#String#toStringHelper#?,boolean#103	0.4984375	0.0	0.24921875		_
com.google.javascript.rhino.jstype.BooleanType#String#getDisplayName#?#108	0.4984375	0.0	0.24921875		_
com.google.javascript.rhino.jstype.FunctionType#void#setPrototypeBasedOn#?,ObjectType,Node#420	0.49687499999999996	0.0	0.24843749999999998		_
com.google.javascript.rhino.jstype.NullType#String#getDisplayName#?#109	0.49603365384615383	0.0	0.24801682692307692		_
com.google.javascript.rhino.jstype.NullType#String#toStringHelper#?,boolean#104	0.49603365384615383	0.0	0.24801682692307692		_
com.google.javascript.jscomp.CompilerOptions#void#setCodingConvention#?,CodingConvention#1461	0.4959134615384615	0.0	0.24795673076923075		_
com.google.javascript.jscomp.NodeTraversal#void#traverseFunction#?,Node,Node#563	0.49531250000000004	0.0	0.24765625000000002		_
com.google.javascript.rhino.jstype.FunctionType#void#addSubType#?,FunctionType#1135	0.4951923076923077	0.0	0.24759615384615385		_
com.google.javascript.rhino.jstype.FunctionType#void#setPrototypeBasedOn#?,ObjectType,Node#423	0.49459134615384615	0.0	0.24729567307692307		_
com.google.javascript.rhino.jstype.FunctionBuilder#FunctionBuilder#withReturnType#?,JSType#98	0.4932692307692308	0.0	0.2466346153846154		_
com.google.javascript.rhino.jstype.FunctionBuilder#FunctionBuilder#withReturnType#?,JSType#97	0.4932692307692308	0.0	0.2466346153846154		_
com.google.javascript.rhino.jstype.VoidType#String#toStringHelper#?,boolean#96	0.4929086538461539	0.0	0.24645432692307695		_
com.google.javascript.rhino.jstype.VoidType#String#getDisplayName#?#101	0.4929086538461539	0.0	0.24645432692307695		_
com.google.javascript.rhino.Node$StringNode#boolean#isEquivalentTo#?,Node,boolean,boolean,boolean#232	0.4929086538461539	0.0	0.24645432692307695		_
com.google.javascript.jscomp.NodeUtil#JSDocInfo#getBestJSDocInfo#?,Node#3104	0.49206730769230766	0.0	0.24603365384615383		_
com.google.javascript.rhino.Node#boolean#isEquivalentTo#?,Node,boolean,boolean,boolean#1564	0.4879807692307693	0.0	0.24399038461538464		_
com.google.javascript.jscomp.ComposeWarningsGuard#boolean#enables#?,DiagnosticGroup#150	0.17728365384615385	0.3099759615384615	0.2436298076923077	guard.enables(group)	_
com.google.javascript.rhino.jstype.JSType#boolean#checkEquivalenceHelper#?,JSType,EquivalenceMethod#610	0.23161057692307696	0.25540865384615385	0.2435096153846154	!getTemplateTypeMap().checkEquivalenceHelper(that.getTemplateTypeMap(),eqMethod)	_
com.google.javascript.rhino.jstype.UnionTypeBuilder#UnionTypeBuilder#addAlternate#?,JSType#249	0.24170673076923077	0.2432692307692308	0.24248798076923078	!(current.isSubtype(alternate))	_
com.google.javascript.jscomp.NodeTraversal#void#popScope#?#620	0.15781250000000002	0.3265625	0.2421875	scopeRoots.isEmpty()	_
com.google.javascript.rhino.jstype.JSType#int#hashCode#?#657	0.24170673076923077	0.24170673076923077	0.24170673076923077	(System.identityHashCode(this))!= 0	_
com.google.javascript.jscomp.CompilerOptions#boolean#isExternExportsEnabled#?#1529	0.4810096153846154	0.0	0.2405048076923077		_
com.google.javascript.rhino.jstype.UnionTypeBuilder#UnionTypeBuilder#addAlternate#?,JSType#192	0.23942307692307696	0.24026442307692308	0.23984375000000002	!(alternate.isTemplatizedType() || current.isTemplatizedType())	_
com.google.javascript.rhino.jstype.UnionTypeBuilder#JSType#reduceAlternatesWithoutUnion#?#301	0.2381009615384615	0.24086538461538465	0.23948317307692307	size > 1	_
com.google.javascript.rhino.jstype.JSType#boolean#hasAnyTemplateTypes#?#437	0.23930288461538463	0.23930288461538463	0.23930288461538463	!this.inTemplatedCheckVisit	_
com.google.javascript.jscomp.Compiler#Node#parseInputs#?#1336	0.47704326923076923	0.0	0.23852163461538461		_
com.google.javascript.jscomp.Compiler#Node#parseInputs#?#1331	0.47704326923076923	0.0	0.23852163461538461		_
com.google.javascript.jscomp.Compiler#Node#parseInputs#?#1332	0.47704326923076923	0.0	0.23852163461538461		_
com.google.javascript.rhino.jstype.UnionTypeBuilder#JSType#build#?#319	0.23617788461538458	0.24086538461538465	0.23852163461538461	result == null	_
com.google.javascript.rhino.jstype.UnionTypeBuilder#UnionTypeBuilder#addAlternate#?,JSType#255	0.23762019230769227	0.2391826923076923	0.23840144230769228	!(removeCurrent)	_
com.google.javascript.rhino.jstype.UnionTypeBuilder#UnionTypeBuilder#addAlternate#?,JSType#172	0.23725961538461537	0.23942307692307696	0.23834134615384617	!(alternate.isUnknownType() || current.isUnknownType() || alternate.isNoResolvedType()|| current.isNoResolvedType()|| alternate.hasAnyTemplateTypes()|| current.hasAnyTemplateTypes())	_
com.google.javascript.rhino.jstype.UnionTypeBuilder#JSType#reduceAlternatesWithoutUnion#?#299	0.2381009615384615	0.2381009615384615	0.2381009615384615	!(size > maxUnionSize)	_
com.google.javascript.jscomp.Compiler#void#hoistExterns#?,Node#1447	0.4754807692307692	0.0	0.2377403846153846		_
com.google.javascript.jscomp.Compiler#void#hoistExterns#?,Node#1440	0.4754807692307692	0.0	0.2377403846153846		_
com.google.javascript.jscomp.Compiler#Node#parseInputs#?#1420	0.47524038461538465	0.0	0.23762019230769232		_
com.google.javascript.rhino.jstype.UnionTypeBuilder#JSType#reduceAlternatesWithoutUnion#?#291	0.23701923076923082	0.2381009615384615	0.23756009615384616	!(isNativeUnknownType)	_
com.google.javascript.jscomp.Compiler#void#hoistNoCompileFiles#?#1471	0.47487980769230764	0.0	0.23743990384615382		_
com.google.javascript.jscomp.Compiler#void#hoistNoCompileFiles#?#1472	0.47487980769230764	0.0	0.23743990384615382		_
com.google.javascript.jscomp.Compiler#void#hoistNoCompileFiles#?#1473	0.47487980769230764	0.0	0.23743990384615382		_
com.google.javascript.jscomp.Compiler#void#hoistNoCompileFiles#?#1480	0.47487980769230764	0.0	0.23743990384615382		_
com.google.javascript.jscomp.Compiler#Node#parseInputs#?#1386	0.47487980769230764	0.0	0.23743990384615382		_
com.google.javascript.jscomp.Compiler#Node#parseInputs#?#1387	0.47487980769230764	0.0	0.23743990384615382		_
com.google.javascript.jscomp.Compiler#Node#parseInputs#?#1379	0.47487980769230764	0.0	0.23743990384615382		_
com.google.javascript.jscomp.Compiler#Node#parseInputs#?#1414	0.47487980769230764	0.0	0.23743990384615382		_
com.google.javascript.rhino.jstype.UnionTypeBuilder#UnionTypeBuilder#addAlternate#?,JSType#165	0.23725961538461537	0.23725961538461537	0.23725961538461537	it.hasNext()	_
com.google.javascript.jscomp.Compiler#Node#parseInputs#?#1301	0.4740384615384615	0.0	0.23701923076923076		_
com.google.javascript.jscomp.Compiler#Node#parseInputs#?#1320	0.4740384615384615	0.0	0.23701923076923076		_
com.google.javascript.jscomp.Compiler#Node#parseInputs#?#1313	0.4740384615384615	0.0	0.23701923076923076		_
com.google.javascript.jscomp.Compiler#Node#parseInputs#?#1314	0.4740384615384615	0.0	0.23701923076923076		_
com.google.javascript.jscomp.Compiler#Node#parseInputs#?#1316	0.4740384615384615	0.0	0.23701923076923076		_
com.google.javascript.jscomp.Compiler#Node#parseInputs#?#1317	0.4740384615384615	0.0	0.23701923076923076		_
com.google.javascript.jscomp.Compiler#Node#parseInputs#?#1319	0.4740384615384615	0.0	0.23701923076923076		_
com.google.javascript.jscomp.Compiler#Node#parseInputs#?#1344	0.4740384615384615	0.0	0.23701923076923076		_
com.google.javascript.jscomp.Compiler#Node#parseInputs#?#1327	0.4740384615384615	0.0	0.23701923076923076		_
com.google.javascript.jscomp.Compiler#Node#parseInputs#?#1347	0.4740384615384615	0.0	0.23701923076923076		_
com.google.javascript.jscomp.Compiler#void#hoistExterns#?,Node#1430	0.4740384615384615	0.0	0.23701923076923076		_
com.google.javascript.jscomp.Compiler#void#hoistExterns#?,Node#1431	0.4740384615384615	0.0	0.23701923076923076		_
com.google.javascript.jscomp.Compiler#boolean#hasErrors#?#2203	0.4740384615384615	0.0	0.23701923076923076		_
com.google.javascript.jscomp.DependencyOptions#boolean#needsManagement#?#122	0.4740384615384615	0.0	0.23701923076923076		_
com.google.javascript.jscomp.CompilerOptions$TracerMode#boolean#isOn#?#2254	0.4740384615384615	0.0	0.23701923076923076		_
com.google.javascript.jscomp.Compiler#Tracer#newTracer#?,String#965	0.4740384615384615	0.0	0.23701923076923076		_
com.google.javascript.jscomp.Compiler#Tracer#newTracer#?,String#970	0.4740384615384615	0.0	0.23701923076923076		_
com.google.javascript.jscomp.Compiler#void#stopTracer#?,Tracer,String#974	0.4740384615384615	0.0	0.23701923076923076		_
com.google.javascript.jscomp.Compiler#Node#parseInputs#?#1422	0.4740384615384615	0.0	0.23701923076923076		_
com.google.javascript.rhino.IR#Node#block#?,Node#108	0.4739182692307692	0.0	0.2369591346153846		_
com.google.javascript.rhino.IR#Node#block#?,Node#103	0.4739182692307692	0.0	0.2369591346153846		_
com.google.javascript.rhino.IR#Node#block#?,Node#104	0.4739182692307692	0.0	0.2369591346153846		_
com.google.javascript.rhino.IR#Node#block#?,Node#105	0.4739182692307692	0.0	0.2369591346153846		_
com.google.javascript.rhino.IR#Node#block#?,Node#106	0.4739182692307692	0.0	0.2369591346153846		_
com.google.javascript.rhino.IR#boolean#mayBeStatementNoReturn#?,Node#527	0.47379807692307696	0.0	0.23689903846153848		_
com.google.javascript.rhino.IR#boolean#mayBeStatement#?,Node#542	0.4736778846153846	0.0	0.2368389423076923		_
com.google.javascript.jscomp.parsing.IRFactory#int#transformTokenType#?,int#1490	0.23677884615384615	0.23677884615384615	0.23677884615384615	(Token.EXPR_RESULT)>= 0	_
com.google.javascript.rhino.IR#boolean#mayBeStatementNoReturn#?,Node#504	0.47343749999999996	0.0	0.23671874999999998		_
com.google.javascript.rhino.jstype.UnionTypeBuilder#JSType#reduceAlternatesWithoutUnion#?#289	0.23617788461538458	0.23701923076923082	0.2365985576923077	!(isAllType)	_
com.google.javascript.jscomp.Tracer#long#stop#?,int#408	0.47271634615384617	0.0	0.23635817307692308		_
com.google.javascript.jscomp.Tracer#long#stop#?,int#410	0.47271634615384617	0.0	0.23635817307692308		_
com.google.javascript.jscomp.Tracer#ThreadTrace#getThreadTrace#?#965	0.47259615384615383	0.0	0.23629807692307692		_
com.google.javascript.jscomp.Tracer#ThreadTrace#getThreadTrace#?#959	0.47259615384615383	0.0	0.23629807692307692		_
com.google.javascript.jscomp.Tracer#?#Tracer#?,String,String#238	0.47259615384615383	0.0	0.23629807692307692		_
com.google.javascript.jscomp.Tracer#?#Tracer#?,String,String#237	0.47259615384615383	0.0	0.23629807692307692		_
com.google.javascript.jscomp.Tracer#?#Tracer#?,String,String#236	0.47259615384615383	0.0	0.23629807692307692		_
com.google.javascript.jscomp.Tracer#?#Tracer#?,String,String#239	0.47259615384615383	0.0	0.23629807692307692		_
com.google.javascript.jscomp.Tracer#?#Tracer#?,String,String#254	0.47259615384615383	0.0	0.23629807692307692		_
com.google.javascript.jscomp.Tracer#?#Tracer#?,String,String#250	0.47259615384615383	0.0	0.23629807692307692		_
com.google.javascript.jscomp.Compiler#boolean#hasHaltingErrors#?#2190	0.47259615384615383	0.0	0.23629807692307692		_
com.google.javascript.jscomp.Tracer$ThreadTrace#boolean#isInitialized#?#746	0.47259615384615383	0.0	0.23629807692307692		_
com.google.javascript.rhino.jstype.JSType#boolean#checkEquivalenceHelper#?,JSType,EquivalenceMethod#631	0.23629807692307692	0.23629807692307692	0.23629807692307692	!(that instanceof ProxyObjectType)	_
com.google.javascript.rhino.jstype.JSType#boolean#checkEquivalenceHelper#?,JSType,EquivalenceMethod#625	0.23629807692307692	0.23629807692307692	0.23629807692307692	!(this instanceof ProxyObjectType)	_
com.google.javascript.rhino.jstype.JSType#boolean#checkEquivalenceHelper#?,JSType,EquivalenceMethod#620	0.23629807692307692	0.23629807692307692	0.23629807692307692	!(isTemplateType() && that.isTemplateType())	_
com.google.javascript.jscomp.RecentChange#boolean#hasCodeChanged#?#32	0.47259615384615383	0.0	0.23629807692307692		_
com.google.javascript.rhino.jstype.UnionTypeBuilder#JSType#build#?#317	0.23617788461538458	0.23617788461538458	0.23617788461538458	result == null	_
com.google.javascript.jscomp.parsing.TypeSafeDispatcher#T#process#?,AstNode#204	0.23413461538461533	0.23677884615384615	0.23545673076923074	node instanceof ExpressionStatement	_
com.google.javascript.rhino.jstype.JSType#boolean#isSubtypeHelper#?,JSType,JSType#1295	0.23521634615384612	0.2354567307692308	0.23533653846153846	!(thatType instanceof ProxyObjectType)	_
com.google.javascript.rhino.jstype.JSType#boolean#checkEquivalenceHelper#?,JSType,EquivalenceMethod#615	0.234375	0.23629807692307692	0.23533653846153846	!(isNominalType() && that.isNominalType())	_
com.google.javascript.rhino.jstype.TemplateTypeMap#int#getTemplateTypeIndex#?,TemplateType#175	0.23521634615384612	0.23521634615384612	0.23521634615384612	(-1)<= 0	_
com.google.javascript.rhino.jstype.JSType#boolean#isSubtypeHelper#?,JSType,JSType#1283	0.23521634615384612	0.23521634615384612	0.23521634615384612	!(!templateMatch)	_
com.google.javascript.rhino.jstype.JSType#boolean#isSubtypeHelper#?,JSType,JSType#1289	0.23521634615384612	0.23521634615384612	0.23521634615384612	!(thisType.isTemplatizedType())	_
com.google.javascript.rhino.jstype.JSType#boolean#isSubtypeHelper#?,JSType,JSType#1254	0.23521634615384612	0.23521634615384612	0.23521634615384612	!(thatType.isUnionType())	_
com.google.javascript.rhino.jstype.JSType#boolean#isSubtypeHelper#?,JSType,JSType#1250	0.23461538461538467	0.23521634615384612	0.2349158653846154	!(thisType.isEquivalentTo(thatType))	_
com.google.javascript.rhino.jstype.JSType#boolean#isSubtypeHelper#?,JSType,JSType#1246	0.23461538461538467	0.23461538461538467	0.23461538461538467	!(thatType.isAllType())	_
com.google.javascript.rhino.jstype.JSType#boolean#isSubtypeHelper#?,JSType,JSType#1242	0.23461538461538467	0.23461538461538467	0.23461538461538467	!(thatType.isUnknownType())	_
com.google.javascript.jscomp.DiagnosticGroupWarningsGuard#boolean#enables#?,DiagnosticGroup#47	0.17728365384615385	0.2919471153846154	0.23461538461538461	level.isOn()	_
com.google.javascript.rhino.jstype.UnionTypeBuilder#UnionTypeBuilder#addAlternate#?,JSType#149	0.23389423076923077	0.23413461538461533	0.23401442307692305	!(alternate.isFunctionType() && functionTypePosition != -1)	_
com.google.javascript.rhino.jstype.UnionTypeBuilder#UnionTypeBuilder#addAlternate#?,JSType#136	0.23389423076923077	0.23389423076923077	0.23389423076923077	!(alternate.isUnionType())	_
com.google.javascript.rhino.jstype.UnionTypeBuilder#UnionTypeBuilder#addAlternate#?,JSType#142	0.23389423076923077	0.23389423076923077	0.23389423076923077	!(alternates.size() > maxUnionSize)	_
com.google.javascript.rhino.jstype.UnionTypeBuilder#?#UnionTypeBuilder#?,JSTypeRegistry,int#105	0.2336538461538461	0.2336538461538461	0.2336538461538461	this.maxUnionSize == maxUnionSize	_
com.google.javascript.rhino.jstype.UnionTypeBuilder#UnionTypeBuilder#addAlternate#?,JSType#135	0.23305288461538465	0.23389423076923077	0.2334735576923077	!isAllType && !isNativeUnknownType	_
com.google.javascript.rhino.jstype.UnionTypeBuilder#UnionTypeBuilder#addAlternate#?,JSType#131	0.23305288461538465	0.23305288461538465	0.23305288461538465	!(isAlternateUnknown)	_
com.google.javascript.rhino.jstype.UnionTypeBuilder#UnionTypeBuilder#addAlternate#?,JSType#123	0.2329326923076923	0.23305288461538465	0.23299278846153848	!(alternate.isNoType())	_
com.google.javascript.jscomp.NodeTraversal#void#traverseBranch#?,Node,Node#527	0.15805288461538458	0.3072115384615385	0.23263221153846153	type == Token.FUNCTION	_
com.google.javascript.jscomp.NodeTraversal#void#popScope#?#626	0.15781250000000002	0.3072115384615385	0.23251201923076925	hasScope()	_
com.google.javascript.rhino.jstype.JSType#boolean#checkEquivalenceHelper#?,JSType,EquivalenceMethod#577	0.2302884615384615	0.23353365384615388	0.2319110576923077	!(thisUnknown || thatUnknown)	_
com.google.javascript.rhino.jstype.JSType#boolean#checkEquivalenceHelper#?,JSType,EquivalenceMethod#605	0.2313701923076923	0.23161057692307696	0.23149038461538463	!(isRecordType() && that.isRecordType())	_
com.google.javascript.rhino.InputId#int#hashCode#?#61	0.16358173076923077	0.29927884615384615	0.23143028846153846	(id.hashCode())> 0	_
com.google.javascript.jscomp.NodeTraversal#void#traverseRoots#?,AbstractCompiler,List<Node>,Callback#502	0.4623798076923077	0.0	0.23118990384615384		_
com.google.javascript.jscomp.NodeTraversal#void#traverseRoots#?,AbstractCompiler,List<Node>,Callback#503	0.4623798076923077	0.0	0.23118990384615384		_
com.google.javascript.rhino.jstype.JSType#boolean#checkEquivalenceHelper#?,JSType,EquivalenceMethod#600	0.2306490384615385	0.2313701923076923	0.2310096153846154	!(isFunctionType() && that.isFunctionType())	_
com.google.javascript.rhino.jstype.JSType#boolean#checkEquivalenceHelper#?,JSType,EquivalenceMethod#595	0.2306490384615385	0.2306490384615385	0.2306490384615385	!(isUnionType() && that.isUnionType())	_
com.google.javascript.rhino.jstype.JSType#boolean#checkEquivalenceHelper#?,JSType,EquivalenceMethod#571	0.21850961538461533	0.2421875	0.23034855769230766	this == that	_
com.google.javascript.rhino.Node#String#getQualifiedName#?#1577	0.4605769230769231	0.0	0.23028846153846155		_
com.google.javascript.rhino.Node#String#getQualifiedName#?#1578	0.4605769230769231	0.0	0.23028846153846155		_
com.google.javascript.rhino.Node#int#extractCharno#?,int#1223	0.21826923076923077	0.2421875	0.23022836538461539	(lineCharNo & COLUMN_MASK)!= 0	_
com.google.javascript.rhino.jstype.StringType#String#toStringHelper#?,boolean#92	0.4602163461538461	0.0	0.23010817307692305		_
com.google.javascript.rhino.jstype.StringType#String#getDisplayName#?#97	0.4602163461538461	0.0	0.23010817307692305		_
com.google.javascript.jscomp.parsing.IRFactory$TransformDispatcher#boolean#isAllowedProp#?,String#932	0.45516826923076925	0.0	0.22758413461538463		_
com.google.javascript.rhino.jstype.InstanceObjectType#String#toStringHelper#?,boolean#98	0.4546875	0.0	0.22734375		_
com.google.javascript.jscomp.parsing.IRFactory#Node#newNode#?,int,Node#1513	0.4467548076923077	0.0	0.22337740384615384		_
com.google.javascript.rhino.Node#int#getIntProp#?,int#829	0.19038461538461537	0.2508413461538461	0.22061298076923075	!(item == null)	_
com.google.javascript.jscomp.NodeUtil#boolean#isStatementParent#?,Node#1796	0.44074519230769227	0.0	0.22037259615384613		_
com.google.javascript.jscomp.NodeUtil#JSDocInfo#getBestJSDocInfo#?,Node#3090	0.4400240384615385	0.0	0.22001201923076924		_
com.google.javascript.jscomp.NodeUtil#InputId#getInputId#?,Node#2932	0.21778846153846154	0.21778846153846154	0.21778846153846154	n != null && !n.isScript()	_
com.google.javascript.rhino.jstype.NumberType#String#getDisplayName#?#102	0.4305288461538461	0.0	0.21526442307692306		_
com.google.javascript.rhino.jstype.NumberType#String#toStringHelper#?,boolean#97	0.4305288461538461	0.0	0.21526442307692306		_
com.google.javascript.jscomp.NodeUtil#JSDocInfo#getBestJSDocInfo#?,Node#3088	0.43016826923076923	0.0	0.21508413461538461		_
com.google.javascript.jscomp.Compiler#void#initOptions#?,CompilerOptions#287	0.4259615384615385	0.0	0.21298076923076925		_
com.google.javascript.jscomp.LoggerErrorManager#?#LoggerErrorManager#?,MessageFormatter,Logger#36	0.4259615384615385	0.0	0.21298076923076925		_
com.google.javascript.jscomp.LoggerErrorManager#?#LoggerErrorManager#?,MessageFormatter,Logger#37	0.4259615384615385	0.0	0.21298076923076925		_
com.google.javascript.jscomp.Compiler#?#Compiler#?#240	0.4256009615384615	0.0	0.21280048076923075		_
com.google.javascript.jscomp.SyntacticScopeCreator#Scope#createScope#?,Node,Scope#61	0.4229567307692308	0.0	0.2114783653846154		_
com.google.javascript.jscomp.NodeTraversal#void#traverseRoots#?,List<Node>#317	0.42199519230769234	0.0	0.21099759615384617		_
com.google.javascript.jscomp.NodeTraversal#void#traverseRoots#?,List<Node>#314	0.42175480769230766	0.0	0.21087740384615383		_
com.google.javascript.jscomp.NodeTraversal#void#traverseRoots#?,List<Node>#313	0.42175480769230766	0.0	0.21087740384615383		_
com.google.javascript.jscomp.NodeTraversal#void#traverseRoots#?,List<Node>#312	0.42175480769230766	0.0	0.21087740384615383		_
com.google.javascript.jscomp.NodeTraversal#void#traverseRoots#?,List<Node>#310	0.42175480769230766	0.0	0.21087740384615383		_
com.google.javascript.jscomp.NodeTraversal#void#traverseRoots#?,List<Node>#309	0.42175480769230766	0.0	0.21087740384615383		_
com.google.javascript.jscomp.NodeTraversal#void#traverseRoots#?,List<Node>#305	0.42175480769230766	0.0	0.21087740384615383		_
com.google.javascript.jscomp.NodeTraversal#void#traverseRoots#?,List<Node>#308	0.42175480769230766	0.0	0.21087740384615383		_
com.google.javascript.jscomp.NodeTraversal#void#traverseRoots#?,List<Node>#307	0.42175480769230766	0.0	0.21087740384615383		_
com.google.javascript.jscomp.NodeTraversal#void#traverseRoots#?,List<Node>#304	0.42175480769230766	0.0	0.21087740384615383		_
com.google.javascript.jscomp.SyntacticScopeCreator#void#scanRoot#?,Node#75	0.41911057692307696	0.0	0.20955528846153848		_
com.google.javascript.jscomp.SyntacticScopeCreator#void#scanRoot#?,Node#87	0.41911057692307696	0.0	0.20955528846153848		_
com.google.javascript.jscomp.SyntacticScopeCreator#void#scanRoot#?,Node#83	0.41911057692307696	0.0	0.20955528846153848		_
com.google.javascript.jscomp.SyntacticScopeCreator#void#scanRoot#?,Node#82	0.41911057692307696	0.0	0.20955528846153848		_
com.google.javascript.jscomp.SyntacticScopeCreator#void#scanRoot#?,Node#81	0.41911057692307696	0.0	0.20955528846153848		_
com.google.javascript.jscomp.SyntacticScopeCreator#void#scanRoot#?,Node#93	0.41911057692307696	0.0	0.20955528846153848		_
com.google.javascript.jscomp.SyntacticScopeCreator#void#scanRoot#?,Node#101	0.41911057692307696	0.0	0.20955528846153848		_
com.google.javascript.jscomp.parsing.IRFactory$TransformDispatcher#Node#processAssignment#?,Assignment#580	0.41802884615384617	0.0	0.20901442307692308		_
com.google.javascript.jscomp.parsing.IRFactory$TransformDispatcher#Node#processAssignment#?,Assignment#587	0.41802884615384617	0.0	0.20901442307692308		_
com.google.javascript.jscomp.parsing.IRFactory$TransformDispatcher#Node#processAssignment#?,Assignment#579	0.41802884615384617	0.0	0.20901442307692308		_
com.google.javascript.jscomp.parsing.TypeSafeDispatcher#T#process#?,AstNode#161	0.41802884615384617	0.0	0.20901442307692308		_
com.google.javascript.jscomp.ComposeWarningsGuard#?#ComposeWarningsGuard#?,WarningsGuard#83	0.41718750000000004	0.0	0.20859375000000002		_
com.google.javascript.jscomp.CompilerOptions#?#CompilerOptions#?#1048	0.41718750000000004	0.0	0.20859375000000002		_
com.google.javascript.jscomp.CompilerOptions#?#CompilerOptions#?#1049	0.41718750000000004	0.0	0.20859375000000002		_
com.google.javascript.jscomp.CompilerOptions#?#CompilerOptions#?#1040	0.41718750000000004	0.0	0.20859375000000002		_
com.google.javascript.jscomp.CompilerOptions#?#CompilerOptions#?#1041	0.41718750000000004	0.0	0.20859375000000002		_
com.google.javascript.jscomp.CompilerOptions#?#CompilerOptions#?#1042	0.41718750000000004	0.0	0.20859375000000002		_
com.google.javascript.jscomp.CompilerOptions#?#CompilerOptions#?#1043	0.41718750000000004	0.0	0.20859375000000002		_
com.google.javascript.jscomp.CompilerOptions#?#CompilerOptions#?#1044	0.41718750000000004	0.0	0.20859375000000002		_
com.google.javascript.jscomp.CompilerOptions#?#CompilerOptions#?#1045	0.41718750000000004	0.0	0.20859375000000002		_
com.google.javascript.jscomp.CompilerOptions#?#CompilerOptions#?#1029	0.41718750000000004	0.0	0.20859375000000002		_
com.google.javascript.jscomp.CompilerOptions#?#CompilerOptions#?#1026	0.41718750000000004	0.0	0.20859375000000002		_
com.google.javascript.jscomp.CompilerOptions#?#CompilerOptions#?#1025	0.41718750000000004	0.0	0.20859375000000002		_
com.google.javascript.jscomp.CompilerOptions#?#CompilerOptions#?#1021	0.41718750000000004	0.0	0.20859375000000002		_
com.google.javascript.jscomp.CompilerOptions#?#CompilerOptions#?#1022	0.41718750000000004	0.0	0.20859375000000002		_
com.google.javascript.jscomp.CompilerOptions#?#CompilerOptions#?#1023	0.41718750000000004	0.0	0.20859375000000002		_
com.google.javascript.jscomp.CompilerOptions#?#CompilerOptions#?#1024	0.41718750000000004	0.0	0.20859375000000002		_
com.google.javascript.jscomp.CompilerOptions#?#CompilerOptions#?#1020	0.41718750000000004	0.0	0.20859375000000002		_
com.google.javascript.jscomp.CompilerOptions#?#CompilerOptions#?#1039	0.41718750000000004	0.0	0.20859375000000002		_
com.google.javascript.jscomp.CompilerOptions#?#CompilerOptions#?#1038	0.41718750000000004	0.0	0.20859375000000002		_
com.google.javascript.jscomp.CompilerOptions#?#CompilerOptions#?#1037	0.41718750000000004	0.0	0.20859375000000002		_
com.google.javascript.jscomp.CompilerOptions#?#CompilerOptions#?#1036	0.41718750000000004	0.0	0.20859375000000002		_
com.google.javascript.jscomp.CompilerOptions#?#CompilerOptions#?#1034	0.41718750000000004	0.0	0.20859375000000002		_
com.google.javascript.jscomp.CompilerOptions#?#CompilerOptions#?#1035	0.41718750000000004	0.0	0.20859375000000002		_
com.google.javascript.jscomp.CompilerOptions#?#CompilerOptions#?#1030	0.41718750000000004	0.0	0.20859375000000002		_
com.google.javascript.jscomp.CompilerOptions#?#CompilerOptions#?#1031	0.41718750000000004	0.0	0.20859375000000002		_
com.google.javascript.jscomp.CompilerOptions#?#CompilerOptions#?#1011	0.41718750000000004	0.0	0.20859375000000002		_
com.google.javascript.jscomp.CompilerOptions#?#CompilerOptions#?#1010	0.41718750000000004	0.0	0.20859375000000002		_
com.google.javascript.jscomp.CompilerOptions#?#CompilerOptions#?#1013	0.41718750000000004	0.0	0.20859375000000002		_
com.google.javascript.jscomp.CompilerOptions#?#CompilerOptions#?#1012	0.41718750000000004	0.0	0.20859375000000002		_
com.google.javascript.jscomp.CompilerOptions#?#CompilerOptions#?#1018	0.41718750000000004	0.0	0.20859375000000002		_
com.google.javascript.jscomp.CompilerOptions#?#CompilerOptions#?#1019	0.41718750000000004	0.0	0.20859375000000002		_
com.google.javascript.jscomp.CompilerOptions#?#CompilerOptions#?#1014	0.41718750000000004	0.0	0.20859375000000002		_
com.google.javascript.jscomp.CompilerOptions#?#CompilerOptions#?#1015	0.41718750000000004	0.0	0.20859375000000002		_
com.google.javascript.jscomp.CompilerOptions#?#CompilerOptions#?#1016	0.41718750000000004	0.0	0.20859375000000002		_
com.google.javascript.jscomp.CompilerOptions#?#CompilerOptions#?#1017	0.41718750000000004	0.0	0.20859375000000002		_
com.google.javascript.jscomp.CompilerOptions#?#CompilerOptions#?#1002	0.41718750000000004	0.0	0.20859375000000002		_
com.google.javascript.jscomp.CompilerOptions#?#CompilerOptions#?#1001	0.41718750000000004	0.0	0.20859375000000002		_
com.google.javascript.jscomp.CompilerOptions#?#CompilerOptions#?#1000	0.41718750000000004	0.0	0.20859375000000002		_
com.google.javascript.jscomp.CompilerOptions#?#CompilerOptions#?#1009	0.41718750000000004	0.0	0.20859375000000002		_
com.google.javascript.jscomp.CompilerOptions#?#CompilerOptions#?#1007	0.41718750000000004	0.0	0.20859375000000002		_
com.google.javascript.jscomp.CompilerOptions#?#CompilerOptions#?#1008	0.41718750000000004	0.0	0.20859375000000002		_
com.google.javascript.jscomp.CompilerOptions#?#CompilerOptions#?#1005	0.41718750000000004	0.0	0.20859375000000002		_
com.google.javascript.jscomp.CompilerOptions#?#CompilerOptions#?#1006	0.41718750000000004	0.0	0.20859375000000002		_
com.google.javascript.jscomp.CompilerOptions#?#CompilerOptions#?#1003	0.41718750000000004	0.0	0.20859375000000002		_
com.google.javascript.jscomp.CompilerOptions#?#CompilerOptions#?#1004	0.41718750000000004	0.0	0.20859375000000002		_
com.google.javascript.jscomp.CompilerOptions#?#CompilerOptions#?#903	0.41718750000000004	0.0	0.20859375000000002		_
com.google.javascript.jscomp.CompilerOptions#?#CompilerOptions#?#909	0.41718750000000004	0.0	0.20859375000000002		_
com.google.javascript.jscomp.CompilerOptions#?#CompilerOptions#?#906	0.41718750000000004	0.0	0.20859375000000002		_
com.google.javascript.jscomp.CompilerOptions#?#CompilerOptions#?#912	0.41718750000000004	0.0	0.20859375000000002		_
com.google.javascript.jscomp.CompilerOptions#?#CompilerOptions#?#913	0.41718750000000004	0.0	0.20859375000000002		_
com.google.javascript.jscomp.CompilerOptions#?#CompilerOptions#?#914	0.41718750000000004	0.0	0.20859375000000002		_
com.google.javascript.jscomp.CompilerOptions#?#CompilerOptions#?#915	0.41718750000000004	0.0	0.20859375000000002		_
com.google.javascript.jscomp.CompilerOptions#?#CompilerOptions#?#910	0.41718750000000004	0.0	0.20859375000000002		_
com.google.javascript.jscomp.CompilerOptions#?#CompilerOptions#?#911	0.41718750000000004	0.0	0.20859375000000002		_
com.google.javascript.jscomp.CompilerOptions#?#CompilerOptions#?#917	0.41718750000000004	0.0	0.20859375000000002		_
com.google.javascript.jscomp.CompilerOptions#?#CompilerOptions#?#916	0.41718750000000004	0.0	0.20859375000000002		_
com.google.javascript.jscomp.CompilerOptions#?#CompilerOptions#?#919	0.41718750000000004	0.0	0.20859375000000002		_
com.google.javascript.jscomp.CompilerOptions#?#CompilerOptions#?#918	0.41718750000000004	0.0	0.20859375000000002		_
com.google.javascript.jscomp.CompilerOptions#?#CompilerOptions#?#981	0.41718750000000004	0.0	0.20859375000000002		_
com.google.javascript.jscomp.CompilerOptions#?#CompilerOptions#?#982	0.41718750000000004	0.0	0.20859375000000002		_
com.google.javascript.jscomp.CompilerOptions#?#CompilerOptions#?#983	0.41718750000000004	0.0	0.20859375000000002		_
com.google.javascript.jscomp.CompilerOptions#?#CompilerOptions#?#984	0.41718750000000004	0.0	0.20859375000000002		_
com.google.javascript.jscomp.CompilerOptions#?#CompilerOptions#?#980	0.41718750000000004	0.0	0.20859375000000002		_
com.google.javascript.jscomp.CompilerOptions#?#CompilerOptions#?#989	0.41718750000000004	0.0	0.20859375000000002		_
com.google.javascript.jscomp.CompilerOptions#?#CompilerOptions#?#985	0.41718750000000004	0.0	0.20859375000000002		_
com.google.javascript.jscomp.CompilerOptions#?#CompilerOptions#?#986	0.41718750000000004	0.0	0.20859375000000002		_
com.google.javascript.jscomp.CompilerOptions#?#CompilerOptions#?#987	0.41718750000000004	0.0	0.20859375000000002		_
com.google.javascript.jscomp.CompilerOptions#?#CompilerOptions#?#988	0.41718750000000004	0.0	0.20859375000000002		_
com.google.javascript.jscomp.CompilerOptions#?#CompilerOptions#?#994	0.41718750000000004	0.0	0.20859375000000002		_
com.google.javascript.jscomp.CompilerOptions#?#CompilerOptions#?#995	0.41718750000000004	0.0	0.20859375000000002		_
com.google.javascript.jscomp.CompilerOptions#?#CompilerOptions#?#992	0.41718750000000004	0.0	0.20859375000000002		_
com.google.javascript.jscomp.CompilerOptions#?#CompilerOptions#?#993	0.41718750000000004	0.0	0.20859375000000002		_
com.google.javascript.jscomp.CompilerOptions#?#CompilerOptions#?#998	0.41718750000000004	0.0	0.20859375000000002		_
com.google.javascript.jscomp.CompilerOptions#?#CompilerOptions#?#999	0.41718750000000004	0.0	0.20859375000000002		_
com.google.javascript.jscomp.CompilerOptions#?#CompilerOptions#?#996	0.41718750000000004	0.0	0.20859375000000002		_
com.google.javascript.jscomp.CompilerOptions#?#CompilerOptions#?#997	0.41718750000000004	0.0	0.20859375000000002		_
com.google.javascript.jscomp.CompilerOptions#?#CompilerOptions#?#960	0.41718750000000004	0.0	0.20859375000000002		_
com.google.javascript.jscomp.CompilerOptions#?#CompilerOptions#?#961	0.41718750000000004	0.0	0.20859375000000002		_
com.google.javascript.jscomp.CompilerOptions#?#CompilerOptions#?#962	0.41718750000000004	0.0	0.20859375000000002		_
com.google.javascript.jscomp.CompilerOptions#?#CompilerOptions#?#963	0.41718750000000004	0.0	0.20859375000000002		_
com.google.javascript.jscomp.CompilerOptions#?#CompilerOptions#?#964	0.41718750000000004	0.0	0.20859375000000002		_
com.google.javascript.jscomp.CompilerOptions#?#CompilerOptions#?#965	0.41718750000000004	0.0	0.20859375000000002		_
com.google.javascript.jscomp.CompilerOptions#?#CompilerOptions#?#966	0.41718750000000004	0.0	0.20859375000000002		_
com.google.javascript.jscomp.CompilerOptions#?#CompilerOptions#?#967	0.41718750000000004	0.0	0.20859375000000002		_
com.google.javascript.jscomp.CompilerOptions#?#CompilerOptions#?#968	0.41718750000000004	0.0	0.20859375000000002		_
com.google.javascript.jscomp.CompilerOptions#?#CompilerOptions#?#969	0.41718750000000004	0.0	0.20859375000000002		_
com.google.javascript.jscomp.CompilerOptions#?#CompilerOptions#?#970	0.41718750000000004	0.0	0.20859375000000002		_
com.google.javascript.jscomp.CompilerOptions#?#CompilerOptions#?#971	0.41718750000000004	0.0	0.20859375000000002		_
com.google.javascript.jscomp.CompilerOptions#?#CompilerOptions#?#976	0.41718750000000004	0.0	0.20859375000000002		_
com.google.javascript.jscomp.CompilerOptions#?#CompilerOptions#?#977	0.41718750000000004	0.0	0.20859375000000002		_
com.google.javascript.jscomp.CompilerOptions#?#CompilerOptions#?#974	0.41718750000000004	0.0	0.20859375000000002		_
com.google.javascript.jscomp.CompilerOptions#?#CompilerOptions#?#975	0.41718750000000004	0.0	0.20859375000000002		_
com.google.javascript.jscomp.CompilerOptions#?#CompilerOptions#?#978	0.41718750000000004	0.0	0.20859375000000002		_
com.google.javascript.jscomp.CompilerOptions#?#CompilerOptions#?#979	0.41718750000000004	0.0	0.20859375000000002		_
com.google.javascript.jscomp.CompilerOptions#?#CompilerOptions#?#949	0.41718750000000004	0.0	0.20859375000000002		_
com.google.javascript.jscomp.CompilerOptions#?#CompilerOptions#?#946	0.41718750000000004	0.0	0.20859375000000002		_
com.google.javascript.jscomp.CompilerOptions#?#CompilerOptions#?#945	0.41718750000000004	0.0	0.20859375000000002		_
com.google.javascript.jscomp.CompilerOptions#?#CompilerOptions#?#948	0.41718750000000004	0.0	0.20859375000000002		_
com.google.javascript.jscomp.CompilerOptions#?#CompilerOptions#?#947	0.41718750000000004	0.0	0.20859375000000002		_
com.google.javascript.jscomp.CompilerOptions#?#CompilerOptions#?#942	0.41718750000000004	0.0	0.20859375000000002		_
com.google.javascript.jscomp.CompilerOptions#?#CompilerOptions#?#941	0.41718750000000004	0.0	0.20859375000000002		_
com.google.javascript.jscomp.CompilerOptions#?#CompilerOptions#?#944	0.41718750000000004	0.0	0.20859375000000002		_
com.google.javascript.jscomp.CompilerOptions#?#CompilerOptions#?#943	0.41718750000000004	0.0	0.20859375000000002		_
com.google.javascript.jscomp.CompilerOptions#?#CompilerOptions#?#940	0.41718750000000004	0.0	0.20859375000000002		_
com.google.javascript.jscomp.CompilerOptions#?#CompilerOptions#?#959	0.41718750000000004	0.0	0.20859375000000002		_
com.google.javascript.jscomp.CompilerOptions#?#CompilerOptions#?#958	0.41718750000000004	0.0	0.20859375000000002		_
com.google.javascript.jscomp.CompilerOptions#?#CompilerOptions#?#957	0.41718750000000004	0.0	0.20859375000000002		_
com.google.javascript.jscomp.CompilerOptions#?#CompilerOptions#?#956	0.41718750000000004	0.0	0.20859375000000002		_
com.google.javascript.jscomp.CompilerOptions#?#CompilerOptions#?#955	0.41718750000000004	0.0	0.20859375000000002		_
com.google.javascript.jscomp.CompilerOptions#?#CompilerOptions#?#954	0.41718750000000004	0.0	0.20859375000000002		_
com.google.javascript.jscomp.CompilerOptions#?#CompilerOptions#?#953	0.41718750000000004	0.0	0.20859375000000002		_
com.google.javascript.jscomp.CompilerOptions#?#CompilerOptions#?#952	0.41718750000000004	0.0	0.20859375000000002		_
com.google.javascript.jscomp.CompilerOptions#?#CompilerOptions#?#951	0.41718750000000004	0.0	0.20859375000000002		_
com.google.javascript.jscomp.CompilerOptions#?#CompilerOptions#?#950	0.41718750000000004	0.0	0.20859375000000002		_
com.google.javascript.jscomp.CompilerOptions#?#CompilerOptions#?#927	0.41718750000000004	0.0	0.20859375000000002		_
com.google.javascript.jscomp.CompilerOptions#?#CompilerOptions#?#928	0.41718750000000004	0.0	0.20859375000000002		_
com.google.javascript.jscomp.CompilerOptions#?#CompilerOptions#?#929	0.41718750000000004	0.0	0.20859375000000002		_
com.google.javascript.jscomp.CompilerOptions#?#CompilerOptions#?#920	0.41718750000000004	0.0	0.20859375000000002		_
com.google.javascript.jscomp.CompilerOptions#?#CompilerOptions#?#922	0.41718750000000004	0.0	0.20859375000000002		_
com.google.javascript.jscomp.CompilerOptions#?#CompilerOptions#?#921	0.41718750000000004	0.0	0.20859375000000002		_
com.google.javascript.jscomp.CompilerOptions#?#CompilerOptions#?#924	0.41718750000000004	0.0	0.20859375000000002		_
com.google.javascript.jscomp.CompilerOptions#?#CompilerOptions#?#923	0.41718750000000004	0.0	0.20859375000000002		_
com.google.javascript.jscomp.CompilerOptions#?#CompilerOptions#?#926	0.41718750000000004	0.0	0.20859375000000002		_
com.google.javascript.jscomp.CompilerOptions#?#CompilerOptions#?#925	0.41718750000000004	0.0	0.20859375000000002		_
com.google.javascript.jscomp.CompilerOptions#?#CompilerOptions#?#938	0.41718750000000004	0.0	0.20859375000000002		_
com.google.javascript.jscomp.CompilerOptions#?#CompilerOptions#?#939	0.41718750000000004	0.0	0.20859375000000002		_
com.google.javascript.jscomp.CompilerOptions#?#CompilerOptions#?#933	0.41718750000000004	0.0	0.20859375000000002		_
com.google.javascript.jscomp.CompilerOptions#?#CompilerOptions#?#932	0.41718750000000004	0.0	0.20859375000000002		_
com.google.javascript.jscomp.CompilerOptions#?#CompilerOptions#?#931	0.41718750000000004	0.0	0.20859375000000002		_
com.google.javascript.jscomp.CompilerOptions#?#CompilerOptions#?#930	0.41718750000000004	0.0	0.20859375000000002		_
com.google.javascript.jscomp.CompilerOptions#?#CompilerOptions#?#937	0.41718750000000004	0.0	0.20859375000000002		_
com.google.javascript.jscomp.CompilerOptions#?#CompilerOptions#?#936	0.41718750000000004	0.0	0.20859375000000002		_
com.google.javascript.rhino.Node#boolean#isGetElem#?#2314	0.41394230769230766	0.0	0.20697115384615383		_
com.google.javascript.jscomp.parsing.TypeSafeDispatcher#T#process#?,AstNode#236	0.4129807692307692	0.0	0.2064903846153846		_
com.google.javascript.jscomp.parsing.IRFactory$TransformDispatcher#Node#processPropertyGet#?,PropertyGet#1030	0.4129807692307692	0.0	0.2064903846153846		_
com.google.javascript.jscomp.parsing.IRFactory$TransformDispatcher#Node#processPropertyGet#?,PropertyGet#1031	0.4129807692307692	0.0	0.2064903846153846		_
com.google.javascript.jscomp.parsing.IRFactory$TransformDispatcher#Node#processPropertyGet#?,PropertyGet#1038	0.4129807692307692	0.0	0.2064903846153846		_
com.google.javascript.jscomp.parsing.IRFactory$TransformDispatcher#Node#processPropertyGet#?,PropertyGet#1032	0.4129807692307692	0.0	0.2064903846153846		_
com.google.javascript.jscomp.parsing.IRFactory$TransformDispatcher#Node#processPropertyGet#?,PropertyGet#1042	0.4129807692307692	0.0	0.2064903846153846		_
com.google.javascript.jscomp.parsing.IRFactory$TransformDispatcher#Node#processPropertyGet#?,PropertyGet#1041	0.4129807692307692	0.0	0.2064903846153846		_
com.google.javascript.jscomp.parsing.IRFactory$TransformDispatcher#Node#processPropertyGet#?,PropertyGet#1040	0.4129807692307692	0.0	0.2064903846153846		_
com.google.javascript.jscomp.parsing.IRFactory$TransformDispatcher#Node#processPropertyGet#?,PropertyGet#1043	0.4129807692307692	0.0	0.2064903846153846		_
com.google.javascript.jscomp.Compiler#MessageFormatter#createMessageFormatter#?#275	0.41237980769230764	0.0	0.20618990384615382		_
com.google.javascript.jscomp.Compiler#MessageFormatter#createMessageFormatter#?#276	0.41237980769230764	0.0	0.20618990384615382		_
com.google.javascript.jscomp.AbstractMessageFormatter#void#setColorize#?,boolean#36	0.41237980769230764	0.0	0.20618990384615382		_
com.google.javascript.jscomp.CompilerOptions#boolean#shouldColorizeErrorOutput#?#1416	0.41237980769230764	0.0	0.20618990384615382		_
com.google.javascript.jscomp.Compiler#void#setErrorManager#?,ErrorManager#267	0.4121394230769231	0.0	0.20606971153846154		_
com.google.javascript.jscomp.Compiler#void#setErrorManager#?,ErrorManager#265	0.4121394230769231	0.0	0.20606971153846154		_
com.google.javascript.jscomp.Scope#?#Scope#?,Scope,Node#388	0.4118990384615384	0.0	0.2059495192307692		_
com.google.javascript.jscomp.Scope#?#Scope#?,Scope,Node#387	0.4118990384615384	0.0	0.2059495192307692		_
com.google.javascript.jscomp.Scope#?#Scope#?,Scope,Node#392	0.4118990384615384	0.0	0.2059495192307692		_
com.google.javascript.jscomp.Scope#?#Scope#?,Scope,Node#393	0.4118990384615384	0.0	0.2059495192307692		_
com.google.javascript.jscomp.Scope#?#Scope#?,Scope,Node#390	0.4118990384615384	0.0	0.2059495192307692		_
com.google.javascript.jscomp.Scope#?#Scope#?,Scope,Node#391	0.4118990384615384	0.0	0.2059495192307692		_
com.google.javascript.jscomp.AbstractMessageFormatter#?#AbstractMessageFormatter#?,SourceExcerptProvider#32	0.4118990384615384	0.0	0.2059495192307692		_
com.google.javascript.jscomp.LightweightMessageFormatter#?#LightweightMessageFormatter#?,SourceExcerptProvider,SourceExcerpt#51	0.4118990384615384	0.0	0.2059495192307692		_
com.google.javascript.jscomp.LightweightMessageFormatter#?#LightweightMessageFormatter#?,SourceExcerptProvider,SourceExcerpt#50	0.4118990384615384	0.0	0.2059495192307692		_
com.google.javascript.jscomp.LightweightMessageFormatter#?#LightweightMessageFormatter#?,SourceExcerptProvider,SourceExcerpt#49	0.4118990384615384	0.0	0.2059495192307692		_
com.google.javascript.jscomp.LightweightMessageFormatter#?#LightweightMessageFormatter#?,SourceExcerptProvider#44	0.4118990384615384	0.0	0.2059495192307692		_
com.google.javascript.jscomp.RhinoErrorReporter#?#RhinoErrorReporter#?,AbstractCompiler#87	0.4117788461538462	0.0	0.2058894230769231		_
com.google.javascript.jscomp.RhinoErrorReporter#?#RhinoErrorReporter#?,AbstractCompiler#86	0.4117788461538462	0.0	0.2058894230769231		_
com.google.javascript.jscomp.RhinoErrorReporter#ErrorReporter#forOldRhino#?,AbstractCompiler#132	0.4117788461538462	0.0	0.2058894230769231		_
com.google.javascript.jscomp.RhinoErrorReporter#Pattern#replacePlaceHolders#?,String#81	0.4117788461538462	0.0	0.2058894230769231		_
com.google.javascript.jscomp.RhinoErrorReporter#Pattern#replacePlaceHolders#?,String#82	0.4117788461538462	0.0	0.2058894230769231		_
com.google.javascript.jscomp.RhinoErrorReporter$NewRhinoErrorReporter#?#NewRhinoErrorReporter#?,AbstractCompiler#195	0.4117788461538462	0.0	0.2058894230769231		_
com.google.javascript.jscomp.RhinoErrorReporter$OldRhinoErrorReporter#?#OldRhinoErrorReporter#?,AbstractCompiler#175	0.4117788461538462	0.0	0.2058894230769231		_
com.google.javascript.jscomp.Compiler#?#Compiler#?,PrintStream#248	0.4117788461538462	0.0	0.2058894230769231		_
com.google.javascript.jscomp.Compiler#?#Compiler#?,PrintStream#247	0.4117788461538462	0.0	0.2058894230769231		_
com.google.javascript.jscomp.RhinoErrorReporter#com.google.javascript.rhino.head.ErrorReporter#forNewRhino#?,AbstractCompiler#128	0.4117788461538462	0.0	0.2058894230769231		_
com.google.javascript.jscomp.Compiler#void#addChangeHandler#?,CodeChangeHandler#1998	0.41057692307692306	0.0	0.20528846153846153		_
com.google.javascript.jscomp.SyntacticScopeCreator#void#scanVars#?,Node#118	0.41009615384615383	0.0	0.20504807692307692		_
com.google.javascript.jscomp.SyntacticScopeCreator#void#scanVars#?,Node#122	0.41009615384615383	0.0	0.20504807692307692		_
com.google.javascript.jscomp.SyntacticScopeCreator#void#scanVars#?,Node#120	0.41009615384615383	0.0	0.20504807692307692		_
com.google.javascript.jscomp.SyntacticScopeCreator#void#scanVars#?,Node#119	0.41009615384615383	0.0	0.20504807692307692		_
com.google.javascript.jscomp.PassFactory#?#PassFactory#?,String,boolean#39	0.41009615384615383	0.0	0.20504807692307692		_
com.google.javascript.jscomp.PassFactory#?#PassFactory#?,String,boolean#38	0.41009615384615383	0.0	0.20504807692307692		_
com.google.javascript.jscomp.parsing.IRFactory$TransformDispatcher#boolean#isReservedKeyword#?,String#936	0.15000000000000002	0.2597355769230769	0.20486778846153847	!(config.languageMode == LanguageMode.ECMASCRIPT3)	_
com.google.javascript.rhino.Node#int#getIntProp#?,int#830	0.20480769230769236	0.20480769230769236	0.20480769230769236	(0)>= 0	_
com.google.javascript.jscomp.Compiler#Config#getParserConfig#?#2090	0.1599759615384615	0.2485576923076923	0.2042668269230769	!(parserConfig == null)	_
com.google.javascript.jscomp.parsing.IRFactory$TransformDispatcher#boolean#validAssignmentTarget#?,Node#1225	0.40829326923076925	0.0	0.20414663461538463		_
com.google.javascript.jscomp.parsing.IRFactory$TransformDispatcher#boolean#validAssignmentTarget#?,Node#1220	0.4081730769230769	0.0	0.20408653846153846		_
com.google.javascript.rhino.Node#boolean#isCast#?#2254	0.4076923076923077	0.0	0.20384615384615384		_
com.google.javascript.jscomp.NodeTraversal#CompilerInput#getInput#?#439	0.40685096153846156	0.0	0.20342548076923078		_
com.google.javascript.jscomp.CodingConventions$Proxy#?#Proxy#?,CodingConvention#60	0.40637019230769234	0.0	0.20318509615384617		_
com.google.javascript.jscomp.ClosureCodingConvention#?#ClosureCodingConvention#?#50	0.40637019230769234	0.0	0.20318509615384617		_
com.google.javascript.jscomp.CodingConventions$DefaultCodingConvention#Collection<String>#getIndirectlyDeclaredProperties#?#467	0.40637019230769234	0.0	0.20318509615384617		_
com.google.javascript.jscomp.ClosureCodingConvention#?#ClosureCodingConvention#?,CodingConvention#54	0.40637019230769234	0.0	0.20318509615384617		_
com.google.javascript.jscomp.ClosureCodingConvention#?#ClosureCodingConvention#?,CodingConvention#56	0.40637019230769234	0.0	0.20318509615384617		_
com.google.javascript.jscomp.ClosureCodingConvention#?#ClosureCodingConvention#?,CodingConvention#61	0.40637019230769234	0.0	0.20318509615384617		_
com.google.javascript.jscomp.ClosureCodingConvention#?#ClosureCodingConvention#?,CodingConvention#60	0.40637019230769234	0.0	0.20318509615384617		_
com.google.javascript.jscomp.CodingConventions#CodingConvention#getDefault#?#42	0.40600961538461533	0.0	0.20300480769230766		_
com.google.javascript.jscomp.parsing.IRFactory#Node#transformNameAsString#?,Name#410	0.4026442307692307	0.0	0.20132211538461536		_
com.google.javascript.jscomp.parsing.IRFactory#Node#transformNameAsString#?,Name#411	0.4026442307692307	0.0	0.20132211538461536		_
com.google.javascript.jscomp.parsing.IRFactory#Node#transformNameAsString#?,Name#416	0.4026442307692307	0.0	0.20132211538461536		_
com.google.javascript.jscomp.parsing.IRFactory#Node#transformNameAsString#?,Name#415	0.4026442307692307	0.0	0.20132211538461536		_
com.google.javascript.jscomp.parsing.IRFactory$TransformDispatcher#Node#transformAsString#?,AstNode#551	0.4026442307692307	0.0	0.20132211538461536		_
com.google.javascript.jscomp.parsing.IRFactory$TransformDispatcher#Node#processName#?,Name,boolean#916	0.4026442307692307	0.0	0.20132211538461536		_
com.google.javascript.jscomp.Compiler#int#getErrorCount#?#2178	0.19963942307692306	0.20144230769230764	0.20054086538461535	(errorManager.getErrorCount())== 0	_
com.google.javascript.jscomp.NodeUtil#boolean#isFunctionDeclaration#?,Node#1937	0.40084134615384615	0.0	0.20042067307692307		_
com.google.javascript.jscomp.parsing.IRFactory$TransformDispatcher#Node#transformAsString#?,AstNode#559	0.3992788461538461	0.0	0.19963942307692306		_
com.google.javascript.jscomp.parsing.IRFactory$TransformDispatcher#Node#transformAsString#?,AstNode#560	0.3992788461538461	0.0	0.19963942307692306		_
com.google.javascript.jscomp.parsing.IRFactory$TransformDispatcher#Node#transformAsString#?,AstNode#549	0.3992788461538461	0.0	0.19963942307692306		_
com.google.javascript.jscomp.NodeTraversal#Node#getScopeRoot#?#662	0.39819711538461533	0.0	0.19909855769230766		_
com.google.javascript.rhino.SimpleErrorReporter#String#getMessage0#?,String#109	0.39338942307692304	0.0	0.19669471153846152		_
com.google.javascript.rhino.SimpleErrorReporter#String#getMessage#?,String,Object[]#139	0.39230769230769236	0.0	0.19615384615384618		_
com.google.javascript.rhino.SimpleErrorReporter#String#getMessage#?,String,Object[]#126	0.39230769230769236	0.0	0.19615384615384618		_
com.google.javascript.rhino.SimpleErrorReporter#String#getMessage#?,String,Object[]#124	0.39230769230769236	0.0	0.19615384615384618		_
com.google.javascript.rhino.SimpleErrorReporter#String#getMessage#?,String,Object[]#128	0.39230769230769236	0.0	0.19615384615384618		_
com.google.javascript.rhino.SimpleErrorReporter#String#getMessage#?,String,Object[]#121	0.39230769230769236	0.0	0.19615384615384618		_
com.google.javascript.rhino.SimpleErrorReporter#String#getMessage#?,String,Object[]#118	0.39230769230769236	0.0	0.19615384615384618		_
com.google.javascript.rhino.SimpleErrorReporter#String#getMessage#?,String,Object[]#140	0.39230769230769236	0.0	0.19615384615384618		_
com.google.javascript.jscomp.Compiler#void#reconcileOptionsWithGuards#?#329	0.1912259615384615	0.2008413461538462	0.19603365384615384	!(options.checkGlobalThisLevel.isOn() && !options.disables(DiagnosticGroups.GLOBAL_THIS))	_
com.google.javascript.jscomp.ComposeWarningsGuard$GuardComparator#int#compare#?,WarningsGuard,WarningsGuard#64	0.19471153846153844	0.19471153846153844	0.19471153846153844	(priorityDiff)> 0	_
com.google.javascript.jscomp.WarningsGuard#int#getPriority#?#83	0.19447115384615388	0.19447115384615388	0.19447115384615388	(Priority.DEFAULT.value)>= 0	_
com.google.javascript.jscomp.ComposeWarningsGuard$GuardComparator#int#compare#?,WarningsGuard,WarningsGuard#69	0.19098557692307694	0.19615384615384612	0.19356971153846153	(orderOfAddition.get(b).intValue() - orderOfAddition.get(a).intValue())< 0	_
com.google.javascript.jscomp.ComposeWarningsGuard$GuardComparator#int#compare#?,WarningsGuard,WarningsGuard#63	0.19098557692307694	0.19471153846153844	0.1928485576923077	priorityDiff != 0	_
com.google.javascript.jscomp.NodeUtil#boolean#isObjectLitKey#?,Node#2105	0.38413461538461535	0.0	0.19206730769230768		_
com.google.javascript.rhino.jstype.JSTypeRegistry#JSType#createNullableType#?,JSType#1026	0.38377403846153846	0.0	0.19188701923076923		_
com.google.javascript.jscomp.NodeUtil#boolean#isObjectLitKey#?,Node#2099	0.38305288461538467	0.0	0.19152644230769234		_
com.google.javascript.jscomp.Compiler#void#reconcileOptionsWithGuards#?#336	0.1912259615384615	0.19146634615384617	0.19134615384615383	!(options.getLanguageIn() == LanguageMode.ECMASCRIPT5_STRICT)	_
com.google.javascript.jscomp.ComposeWarningsGuard#void#addGuard#?,WarningsGuard#89	0.1912259615384615	0.19134615384615383	0.19128605769230766	!(composeGuard.demoteErrors)	_
com.google.javascript.jscomp.SuppressDocWarningsGuard#int#getPriority#?#107	0.1912259615384615	0.1912259615384615	0.1912259615384615	(WarningsGuard.Priority.SUPPRESS_DOC.value)>= 0	_
com.google.javascript.jscomp.ComposeWarningsGuard#void#addGuard#?,WarningsGuard#87	0.19098557692307694	0.1912259615384615	0.19110576923076922	guard instanceof ComposeWarningsGuard	_
com.google.javascript.jscomp.Scope#Node#getRootNode#?#433	0.3817307692307692	0.0	0.1908653846153846		_
com.google.javascript.jscomp.NodeTraversal#?#NodeTraversal#?,AbstractCompiler,Callback,ScopeCreator#242	0.3730769230769231	0.0	0.18653846153846154		_
com.google.javascript.jscomp.NodeTraversal#void#popScope#?#618	0.3730769230769231	0.0	0.18653846153846154		_
com.google.javascript.jscomp.NodeTraversal#void#pushScope#?,Node#600	0.3730769230769231	0.0	0.18653846153846154		_
com.google.javascript.jscomp.parsing.IRFactory$TransformDispatcher#Node#processInfixExpression#?,InfixExpression#870	0.3709134615384615	0.0	0.18545673076923075		_
com.google.javascript.jscomp.parsing.IRFactory$TransformDispatcher#Node#processInfixExpression#?,InfixExpression#871	0.3709134615384615	0.0	0.18545673076923075		_
com.google.javascript.jscomp.parsing.IRFactory$TransformDispatcher#Node#processInfixExpression#?,InfixExpression#864	0.3709134615384615	0.0	0.18545673076923075		_
com.google.javascript.jscomp.parsing.IRFactory$TransformDispatcher#Node#processInfixExpression#?,InfixExpression#869	0.3709134615384615	0.0	0.18545673076923075		_
com.google.javascript.jscomp.parsing.IRFactory$TransformDispatcher#Node#processInfixExpression#?,InfixExpression#868	0.3709134615384615	0.0	0.18545673076923075		_
com.google.javascript.jscomp.Scope#Var#getVar#?,String#531	0.37067307692307694	0.0	0.18533653846153847		_
com.google.javascript.rhino.Node#boolean#isParamList#?#2382	0.3693509615384616	0.0	0.1846754807692308		_
com.google.javascript.rhino.Node#int#getCharno#?#1143	0.12151442307692306	0.24242788461538467	0.18197115384615387	(extractCharno(sourcePosition))> 0	_
com.google.javascript.jscomp.Compiler#CodingConvention#getCodingConvention#?#2059	0.36177884615384615	0.0	0.18088942307692307		_
com.google.javascript.jscomp.Compiler#CodingConvention#getCodingConvention#?#2058	0.36177884615384615	0.0	0.18088942307692307		_
com.google.javascript.jscomp.Compiler#CodingConvention#getCodingConvention#?#2057	0.36177884615384615	0.0	0.18088942307692307		_
com.google.javascript.jscomp.CompilerOptions#CodingConvention#getCodingConvention#?#1465	0.36177884615384615	0.0	0.18088942307692307		_
com.google.javascript.rhino.jstype.JSType#String#toString#?#1411	0.36141826923076925	0.0	0.18070913461538463		_
com.google.javascript.jscomp.Scope#Var#getVar#?,String#529	0.3604567307692308	0.0	0.1802283653846154		_
com.google.javascript.rhino.Node#boolean#isExprResult#?#2294	0.35961538461538467	0.0	0.17980769230769234		_
com.google.javascript.jscomp.SyntacticScopeCreator#void#declareVar#?,Node#194	0.35805288461538465	0.0	0.17902644230769232		_
com.google.javascript.jscomp.SyntacticScopeCreator#void#declareVar#?,Node#193	0.35805288461538465	0.0	0.17902644230769232		_
com.google.javascript.jscomp.SyntacticScopeCreator#void#declareVar#?,Node#191	0.35805288461538465	0.0	0.17902644230769232		_
com.google.javascript.jscomp.SyntacticScopeCreator#void#declareVar#?,Node#200	0.35805288461538465	0.0	0.17902644230769232		_
com.google.javascript.jscomp.NodeTraversal#Scope#getScope#?#635	0.3568509615384615	0.0	0.17842548076923076		_
com.google.javascript.jscomp.Scope#Var#declare#?,String,Node,JSType,CompilerInput#480	0.35216346153846156	0.0	0.17608173076923078		_
com.google.javascript.jscomp.NodeTraversal#boolean#inGlobalScope#?#672	0.35132211538461533	0.0	0.17566105769230766		_
com.google.javascript.jscomp.NodeUtil#boolean#isAssignmentOp#?,Node#1531	0.34831730769230773	0.0	0.17415865384615387		_
com.google.javascript.jscomp.NodeUtil#boolean#isAssignmentOp#?,Node#1516	0.3455528846153846	0.0	0.1727764423076923		_
com.google.javascript.jscomp.SyntacticScopeCreator#void#scanVars#?,Node#151	0.34435096153846156	0.0	0.17217548076923078		_
com.google.javascript.jscomp.SyntacticScopeCreator#void#scanVars#?,Node#152	0.34435096153846156	0.0	0.17217548076923078		_
com.google.javascript.jscomp.SyntacticScopeCreator#void#scanVars#?,Node#153	0.34435096153846156	0.0	0.17217548076923078		_
com.google.javascript.jscomp.Scope#boolean#isDeclared#?,String,boolean#560	0.34423076923076923	0.0	0.17211538461538461		_
com.google.javascript.jscomp.Scope#boolean#isDeclared#?,String,boolean#553	0.3441105769230769	0.0	0.17205528846153845		_
com.google.javascript.jscomp.SyntacticScopeCreator#void#scanRoot#?,Node#104	0.34399038461538467	0.0	0.17199519230769234		_
com.google.javascript.jscomp.SyntacticScopeCreator#void#scanRoot#?,Node#105	0.34399038461538467	0.0	0.17199519230769234		_
com.google.javascript.jscomp.Scope#boolean#isLocal#?#610	0.34387019230769234	0.0	0.17193509615384617		_
com.google.javascript.jscomp.SyntacticScopeCreator#Scope#createScope#?,Node,Scope#59	0.34026442307692306	0.0	0.17013221153846153		_
com.google.javascript.rhino.Node#int#extractCharno#?,int#1220	0.12115384615384617	0.21826923076923077	0.16971153846153847	!(lineCharNo == -1)	_
com.google.javascript.jscomp.SyntacticScopeCreator#void#scanVars#?,Node#161	0.33798076923076925	0.0	0.16899038461538463		_
com.google.javascript.jscomp.SyntacticScopeCreator#void#scanVars#?,Node#162	0.33798076923076925	0.0	0.16899038461538463		_
com.google.javascript.jscomp.SyntacticScopeCreator#void#scanVars#?,Node#163	0.33798076923076925	0.0	0.16899038461538463		_
com.google.javascript.jscomp.SyntacticScopeCreator#Scope#createScope#?,Node,Scope#64	0.3377403846153846	0.0	0.1688701923076923		_
com.google.javascript.jscomp.SyntacticScopeCreator#Scope#createScope#?,Node,Scope#66	0.3377403846153846	0.0	0.1688701923076923		_
com.google.javascript.jscomp.SyntacticScopeCreator#Scope#createScope#?,Node,Scope#67	0.3377403846153846	0.0	0.1688701923076923		_
com.google.javascript.jscomp.SyntacticScopeCreator#Scope#createScope#?,Node,Scope#68	0.3377403846153846	0.0	0.1688701923076923		_
com.google.javascript.jscomp.SyntacticScopeCreator#Scope#createScope#?,Node,Scope#69	0.3377403846153846	0.0	0.1688701923076923		_
com.google.javascript.jscomp.SyntacticScopeCreator#Scope#createScope#?,Node,Scope#57	0.3377403846153846	0.0	0.1688701923076923		_
com.google.javascript.jscomp.SyntacticScopeCreator#void#scanVars#?,Node#113	0.3377403846153846	0.0	0.1688701923076923		_
com.google.javascript.jscomp.NodeTraversal#Scope#getScope#?#643	0.3375	0.0	0.16875		_
com.google.javascript.jscomp.NodeTraversal#Scope#getScope#?#645	0.3375	0.0	0.16875		_
com.google.javascript.jscomp.NodeTraversal#Scope#getScope#?#640	0.3375	0.0	0.16875		_
com.google.javascript.jscomp.NodeTraversal#Scope#getScope#?#641	0.3375	0.0	0.16875		_
com.google.javascript.jscomp.NodeTraversal#Scope#getScope#?#638	0.3375	0.0	0.16875		_
com.google.javascript.jscomp.Scope#Scope#getParent#?#437	0.33317307692307696	0.0	0.16658653846153848		_
com.google.javascript.jscomp.NodeUtil#boolean#isGet#?,Node#1582	0.3306490384615385	0.0	0.16532451923076924		_
com.google.javascript.jscomp.Scope#Var#declare#?,String,Node,JSType,CompilerInput,boolean#500	0.3302884615384616	0.0	0.1651442307692308		_
com.google.javascript.jscomp.Scope#Var#declare#?,String,Node,JSType,CompilerInput,boolean#501	0.3302884615384616	0.0	0.1651442307692308		_
com.google.javascript.jscomp.Scope#Var#declare#?,String,Node,JSType,CompilerInput,boolean#502	0.3302884615384616	0.0	0.1651442307692308		_
com.google.javascript.jscomp.Scope#Var#declare#?,String,Node,JSType,CompilerInput,boolean#498	0.3302884615384616	0.0	0.1651442307692308		_
com.google.javascript.jscomp.Scope#Var#declare#?,String,Node,JSType,CompilerInput,boolean#495	0.3302884615384616	0.0	0.1651442307692308		_
com.google.javascript.jscomp.Scope$Var#?#Var#?,boolean,String,Node,JSType,Scope,int,CompilerInput#122	0.3302884615384616	0.0	0.1651442307692308		_
com.google.javascript.jscomp.Scope$Var#?#Var#?,boolean,String,Node,JSType,Scope,int,CompilerInput#123	0.3302884615384616	0.0	0.1651442307692308		_
com.google.javascript.jscomp.Scope$Var#?#Var#?,boolean,String,Node,JSType,Scope,int,CompilerInput#127	0.3302884615384616	0.0	0.1651442307692308		_
com.google.javascript.jscomp.Scope$Var#?#Var#?,boolean,String,Node,JSType,Scope,int,CompilerInput#125	0.3302884615384616	0.0	0.1651442307692308		_
com.google.javascript.jscomp.Scope$Var#?#Var#?,boolean,String,Node,JSType,Scope,int,CompilerInput#124	0.3302884615384616	0.0	0.1651442307692308		_
com.google.javascript.jscomp.Scope$Var#?#Var#?,boolean,String,Node,JSType,Scope,int,CompilerInput#128	0.3302884615384616	0.0	0.1651442307692308		_
com.google.javascript.rhino.jstype.ObjectType#boolean#isImplicitPrototype#?,ObjectType#537	0.33016826923076925	0.0	0.16508413461538463		_
com.google.javascript.jscomp.CompilerInput#Node#getAstRoot#?,AbstractCompiler#119	0.1647836538461539	0.1647836538461539	0.1647836538461539	root != null	_
com.google.javascript.rhino.jstype.TemplateTypeMap#boolean#checkEquivalenceHelper#?,TemplateTypeMap,EquivalenceMethod#210	0.32872596153846156	0.0	0.16436298076923078		_
com.google.javascript.rhino.jstype.TemplateTypeMap#boolean#checkEquivalenceHelper#?,TemplateTypeMap,EquivalenceMethod#211	0.32872596153846156	0.0	0.16436298076923078		_
com.google.javascript.rhino.Node#int#getChildCount#?#1407	0.16418269230769234	0.16418269230769234	0.16418269230769234	n != null	_
com.google.javascript.jscomp.CompilerInput#?#CompilerInput#?,SourceAst,InputId,boolean#79	0.1640625	0.16418269230769234	0.16412259615384617	ast != null && ast.getSourceFile() != null	_
com.google.javascript.jscomp.NodeTraversal#void#popScope#?#621	0.3265625	0.0	0.16328125		_
com.google.javascript.jscomp.NodeTraversal#Scope#getScope#?#633	0.3265625	0.0	0.16328125		_
com.google.javascript.jscomp.PrepareAst#void#process#?,Node,Node#63	0.16141826923076918	0.16141826923076918	0.16141826923076918	!(externs != null)	_
com.google.javascript.jscomp.PrepareAst#void#process#?,Node,Node#67	0.16141826923076918	0.16141826923076918	0.16141826923076918	root != null	_
com.google.javascript.jscomp.PrepareAst#void#process#?,Node,Node#56	0.16141826923076918	0.16141826923076918	0.16141826923076918	!(checkOnly)	_
com.google.javascript.jscomp.PrepareAst$PrepareAnnotations#boolean#shouldTraverse#?,NodeTraversal,Node,Node#125	0.16141826923076918	0.16141826923076918	0.16141826923076918	!(n.isObjectLit())	_
com.google.javascript.jscomp.JsAst#void#parse#?,AbstractCompiler#96	0.1599759615384615	0.16141826923076918	0.16069711538461534	!(root == null || (compiler.getErrorManager().getErrorCount() > startErrorCount && !compiler.isIdeMode()))	_
com.google.javascript.jscomp.Compiler#ErrorManager#getErrorManager#?#2312	0.15937500000000004	0.15937500000000004	0.15937500000000004	!(options == null)	_
com.google.javascript.jscomp.Compiler#CompilerInput#getInput#?,InputId#1064	0.31862980769230764	0.0	0.15931490384615382		_
com.google.javascript.jscomp.Scope#?#Scope#?,Node,boolean#405	0.3177884615384615	0.0	0.15889423076923076		_
com.google.javascript.jscomp.Scope#?#Scope#?,Node,boolean#406	0.3177884615384615	0.0	0.15889423076923076		_
com.google.javascript.jscomp.Scope#?#Scope#?,Node,boolean#403	0.3177884615384615	0.0	0.15889423076923076		_
com.google.javascript.jscomp.Scope#?#Scope#?,Node,boolean#404	0.3177884615384615	0.0	0.15889423076923076		_
com.google.javascript.jscomp.Scope#Scope#createGlobalScope#?,Node#410	0.3177884615384615	0.0	0.15889423076923076		_
com.google.javascript.jscomp.NodeTraversal#void#traverseBranch#?,Node,Node#517	0.15781250000000002	0.1599759615384615	0.15889423076923076	type == Token.SCRIPT	_
com.google.javascript.jscomp.NodeTraversal#void#traverseBranch#?,Node,Node#530	0.1585336538461538	0.1585336538461538	0.1585336538461538	child != null	_
com.google.javascript.jscomp.Compiler#void#setScope#?,Node#2008	0.15781250000000002	0.15781250000000002	0.15781250000000002	!(phaseOptimizer != null)	_
com.google.javascript.jscomp.Compiler#void#reconcileOptionsWithGuards#?#316	0.31526442307692304	0.0	0.15763221153846152		_
com.google.javascript.jscomp.NodeUtil#boolean#isControlStructure#?,Node#1711	0.31526442307692304	0.0	0.15763221153846152		_
com.google.javascript.jscomp.NodeUtil#boolean#isControlStructure#?,Node#1697	0.31526442307692304	0.0	0.15763221153846152		_
com.google.javascript.jscomp.parsing.IRFactory#void#maybeSetLengthFrom#?,Node,AstNode#510	0.14146634615384612	0.17319711538461535	0.15733173076923074	!(config.isIdeMode)	_
com.google.javascript.rhino.jstype.UnionTypeBuilder#UnionTypeBuilder#addAlternate#?,JSType#248	0.31370192307692313	0.0	0.15685096153846156		_
com.google.javascript.jscomp.BasicErrorManager#int#getErrorCount#?#75	0.15637019230769234	0.15673076923076923	0.15655048076923078	(errorCount)<= 0	_
com.google.javascript.rhino.Node#boolean#hasMoreThanOneChild#?#1402	0.31310096153846156	0.0	0.15655048076923078		_
com.google.javascript.rhino.jstype.ObjectType#boolean#isImplicitPrototype#?,ObjectType#540	0.3128605769230769	0.0	0.15643028846153845		_
com.google.javascript.jscomp.ComposeWarningsGuard#boolean#enables#?,DiagnosticGroup#151	0.3099759615384615	0.0	0.15498798076923076		_
com.google.javascript.jscomp.DiagnosticGroupWarningsGuard#boolean#enables#?,DiagnosticGroup#50	0.3099759615384615	0.0	0.15498798076923076		_
com.google.javascript.jscomp.NodeTraversal#void#traverseFunction#?,Node,Node#557	0.3072115384615385	0.0	0.15360576923076924		_
com.google.javascript.jscomp.NodeTraversal#void#traverseFunction#?,Node,Node#558	0.3072115384615385	0.0	0.15360576923076924		_
com.google.javascript.jscomp.NodeTraversal#void#traverseFunction#?,Node,Node#545	0.3072115384615385	0.0	0.15360576923076924		_
com.google.javascript.jscomp.NodeTraversal#void#traverseFunction#?,Node,Node#546	0.3072115384615385	0.0	0.15360576923076924		_
com.google.javascript.jscomp.NodeTraversal#void#traverseFunction#?,Node,Node#548	0.3072115384615385	0.0	0.15360576923076924		_
com.google.javascript.jscomp.NodeTraversal#void#traverseFunction#?,Node,Node#549	0.3072115384615385	0.0	0.15360576923076924		_
com.google.javascript.jscomp.NodeTraversal#void#traverseFunction#?,Node,Node#573	0.3072115384615385	0.0	0.15360576923076924		_
com.google.javascript.jscomp.NodeTraversal#void#traverseFunction#?,Node,Node#574	0.3072115384615385	0.0	0.15360576923076924		_
com.google.javascript.jscomp.NodeTraversal#void#traverseFunction#?,Node,Node#570	0.3072115384615385	0.0	0.15360576923076924		_
com.google.javascript.jscomp.NodeTraversal#void#traverseFunction#?,Node,Node#576	0.3072115384615385	0.0	0.15360576923076924		_
com.google.javascript.jscomp.NodeTraversal#void#traverseFunction#?,Node,Node#566	0.3072115384615385	0.0	0.15360576923076924		_
com.google.javascript.jscomp.NodeTraversal#void#traverseFunction#?,Node,Node#567	0.3072115384615385	0.0	0.15360576923076924		_
com.google.javascript.jscomp.PrepareAst$PrepareAnnotations#void#annotateDispatchers#?,Node,Node#185	0.3072115384615385	0.0	0.15360576923076924		_
com.google.javascript.jscomp.PrepareAst$PrepareAnnotations#void#visit#?,NodeTraversal,Node,Node#139	0.3072115384615385	0.0	0.15360576923076924		_
com.google.javascript.jscomp.PrepareAst$PrepareAnnotations#void#visit#?,NodeTraversal,Node,Node#140	0.3072115384615385	0.0	0.15360576923076924		_
com.google.javascript.jscomp.NodeTraversal#void#popScope#?#627	0.3072115384615385	0.0	0.15360576923076924		_
com.google.javascript.jscomp.NodeTraversal#void#traverseBranch#?,Node,Node#528	0.3072115384615385	0.0	0.15360576923076924		_
com.google.javascript.jscomp.NodeUtil#boolean#isFunctionExpression#?,Node#1975	0.30516826923076923	0.0	0.15258413461538461		_
com.google.javascript.rhino.jstype.InstanceObjectType#boolean#defineProperty#?,String,JSType,boolean,Node#88	0.30516826923076923	0.0	0.15258413461538461		_
com.google.javascript.rhino.jstype.InstanceObjectType#boolean#defineProperty#?,String,JSType,boolean,Node#92	0.30516826923076923	0.0	0.15258413461538461		_
com.google.javascript.jscomp.parsing.IRFactory#void#setSourceInfo#?,Node,AstNode#441	0.14146634615384612	0.16358173076923077	0.15252403846153845	!(irNode.getLineno() == -1)	_
com.google.javascript.jscomp.SourceFile#?#SourceFile#?,String#82	0.15228365384615383	0.15228365384615383	0.15228365384615383	!(fileName == null || fileName.isEmpty())	_
com.google.javascript.rhino.Node#boolean#isAssign#?#2230	0.3038461538461539	0.0	0.15192307692307694		_
com.google.javascript.jscomp.NodeTraversal$AbstractPostOrderCallback#boolean#shouldTraverse#?,NodeTraversal,Node,Node#136	0.30348557692307687	0.0	0.15174278846153844		_
com.google.javascript.jscomp.parsing.IRFactory$TransformDispatcher#Node#processFunctionNode#?,FunctionNode#802	0.3021634615384615	0.0	0.15108173076923076		_
com.google.javascript.jscomp.parsing.IRFactory$TransformDispatcher#Node#processFunctionNode#?,FunctionNode#801	0.3021634615384615	0.0	0.15108173076923076		_
com.google.javascript.jscomp.parsing.IRFactory$TransformDispatcher#Node#processFunctionNode#?,FunctionNode#809	0.3021634615384615	0.0	0.15108173076923076		_
com.google.javascript.jscomp.parsing.IRFactory$TransformDispatcher#Node#processFunctionNode#?,FunctionNode#818	0.3021634615384615	0.0	0.15108173076923076		_
com.google.javascript.jscomp.parsing.IRFactory$TransformDispatcher#Node#processFunctionNode#?,FunctionNode#815	0.3021634615384615	0.0	0.15108173076923076		_
com.google.javascript.jscomp.parsing.IRFactory$TransformDispatcher#Node#processFunctionNode#?,FunctionNode#846	0.3021634615384615	0.0	0.15108173076923076		_
com.google.javascript.jscomp.parsing.IRFactory$TransformDispatcher#Node#processFunctionNode#?,FunctionNode#847	0.3021634615384615	0.0	0.15108173076923076		_
com.google.javascript.jscomp.parsing.IRFactory$TransformDispatcher#Node#processFunctionNode#?,FunctionNode#848	0.3021634615384615	0.0	0.15108173076923076		_
com.google.javascript.jscomp.parsing.IRFactory$TransformDispatcher#Node#processFunctionNode#?,FunctionNode#836	0.3021634615384615	0.0	0.15108173076923076		_
com.google.javascript.jscomp.parsing.IRFactory$TransformDispatcher#Node#processFunctionNode#?,FunctionNode#838	0.3021634615384615	0.0	0.15108173076923076		_
com.google.javascript.jscomp.parsing.IRFactory$TransformDispatcher#Node#processFunctionNode#?,FunctionNode#769	0.3021634615384615	0.0	0.15108173076923076		_
com.google.javascript.jscomp.parsing.IRFactory$TransformDispatcher#Node#processFunctionNode#?,FunctionNode#768	0.3021634615384615	0.0	0.15108173076923076		_
com.google.javascript.jscomp.parsing.IRFactory$TransformDispatcher#Node#processFunctionNode#?,FunctionNode#785	0.3021634615384615	0.0	0.15108173076923076		_
com.google.javascript.jscomp.parsing.IRFactory$TransformDispatcher#Node#processFunctionNode#?,FunctionNode#787	0.3021634615384615	0.0	0.15108173076923076		_
com.google.javascript.jscomp.parsing.TypeSafeDispatcher#T#process#?,AstNode#232	0.3021634615384615	0.0	0.15108173076923076		_
com.google.javascript.jscomp.parsing.IRFactory#Node#transformNodeWithInlineJsDoc#?,AstNode#398	0.3020432692307692	0.0	0.1510216346153846		_
com.google.javascript.jscomp.parsing.IRFactory#Node#transformNodeWithInlineJsDoc#?,AstNode#397	0.3020432692307692	0.0	0.1510216346153846		_
com.google.javascript.jscomp.parsing.IRFactory#Node#transformNodeWithInlineJsDoc#?,AstNode#406	0.3020432692307692	0.0	0.1510216346153846		_
com.google.javascript.jscomp.parsing.IRFactory#Node#transformNodeWithInlineJsDoc#?,AstNode#405	0.3020432692307692	0.0	0.1510216346153846		_
com.google.javascript.jscomp.parsing.IRFactory$TransformDispatcher#Node#processName#?,Name,boolean#918	0.15000000000000002	0.15000000000000002	0.15000000000000002	!(isReservedKeyword(nameNode.getIdentifier()))	_
com.google.javascript.jscomp.NodeUtil#boolean#isStatementBlock#?,Node#1775	0.2998798076923077	0.0	0.14993990384615385		_
com.google.javascript.rhino.jstype.ObjectType#boolean#defineDeclaredProperty#?,String,JSType,Node#286	0.2991586538461538	0.0	0.1495793269230769		_
com.google.javascript.rhino.jstype.ObjectType#boolean#defineDeclaredProperty#?,String,JSType,Node#292	0.2991586538461538	0.0	0.1495793269230769		_
com.google.javascript.rhino.jstype.ObjectType#boolean#defineDeclaredProperty#?,String,JSType,Node#291	0.2991586538461538	0.0	0.1495793269230769		_
com.google.javascript.rhino.jstype.PrototypeObjectType#FunctionType#getConstructor#?#281	0.29855769230769236	0.0	0.14927884615384618		_
com.google.javascript.rhino.jstype.JSTypeRegistry#JSType#createOptionalType#?,JSType#999	0.2984375	0.0	0.14921875		_
com.google.javascript.rhino.jstype.ObjectType#boolean#hasOwnDeclaredProperty#?,String#477	0.2979567307692308	0.0	0.1489783653846154		_
com.google.javascript.rhino.jstype.PropertyMap#void#putProperty#?,String,Property#193	0.2979567307692308	0.0	0.1489783653846154		_
com.google.javascript.rhino.jstype.PropertyMap#void#putProperty#?,String,Property#199	0.2979567307692308	0.0	0.1489783653846154		_
com.google.javascript.rhino.jstype.PrototypeObjectType#boolean#defineProperty#?,String,JSType,boolean,Node#140	0.2979567307692308	0.0	0.1489783653846154		_
com.google.javascript.rhino.jstype.PrototypeObjectType#boolean#defineProperty#?,String,JSType,boolean,Node#143	0.2979567307692308	0.0	0.1489783653846154		_
com.google.javascript.rhino.jstype.PrototypeObjectType#boolean#defineProperty#?,String,JSType,boolean,Node#142	0.2979567307692308	0.0	0.1489783653846154		_
com.google.javascript.rhino.jstype.FunctionParamBuilder#boolean#addVarArgs#?,JSType#105	0.2975961538461539	0.0	0.14879807692307695		_
com.google.javascript.rhino.jstype.FunctionParamBuilder#boolean#addVarArgs#?,JSType#107	0.2975961538461539	0.0	0.14879807692307695		_
com.google.javascript.rhino.jstype.FunctionParamBuilder#boolean#addVarArgs#?,JSType#108	0.2975961538461539	0.0	0.14879807692307695		_
com.google.javascript.rhino.Node#void#setVarArgs#?,boolean#1907	0.29735576923076923	0.0	0.14867788461538461		_
com.google.javascript.jscomp.parsing.TypeSafeDispatcher#T#process#?,AstNode#174	0.29735576923076923	0.0	0.14867788461538461		_
com.google.javascript.jscomp.parsing.IRFactory$TransformDispatcher#Node#processBlock#?,Block#638	0.29735576923076923	0.0	0.14867788461538461		_
com.google.javascript.rhino.jstype.ObjectType#boolean#hasOwnProperty#?,String#445	0.29699519230769234	0.0	0.14849759615384617		_
com.google.javascript.rhino.jstype.ObjectType#Property#getOwnSlot#?,String#121	0.296875	0.0	0.1484375		_
com.google.javascript.rhino.jstype.PropertyMap#Property#getOwnProperty#?,String#148	0.296875	0.0	0.1484375		_
com.google.javascript.rhino.jstype.FunctionParamBuilder#boolean#addOptionalParams#?,JSType#87	0.29663461538461533	0.0	0.14831730769230766		_
com.google.javascript.rhino.jstype.FunctionParamBuilder#boolean#addOptionalParams#?,JSType#85	0.29663461538461533	0.0	0.14831730769230766		_
com.google.javascript.rhino.jstype.FunctionParamBuilder#boolean#addOptionalParams#?,JSType#84	0.29663461538461533	0.0	0.14831730769230766		_
com.google.javascript.rhino.jstype.TemplateType#?#TemplateType#?,JSTypeRegistry,String#55	0.2965144230769231	0.0	0.14825721153846155		_
com.google.javascript.rhino.jstype.TemplateType#?#TemplateType#?,JSTypeRegistry,String#54	0.2965144230769231	0.0	0.14825721153846155		_
com.google.javascript.rhino.Node#void#setOptionalArg#?,boolean#1925	0.29627403846153844	0.0	0.14813701923076922		_
com.google.javascript.rhino.Node#PropListItem#lookupProperty#?,int#763	0.1477163461538461	0.1477163461538461	0.1477163461538461	x != null && propType != x.getType()	_
com.google.javascript.rhino.Node#boolean#isString#?#2402	0.2950721153846154	0.0	0.1475360576923077		_
com.google.javascript.rhino.jstype.JSTypeRegistry#ArrowType#createArrowType#?,Node,JSType#1078	0.2945913461538462	0.0	0.1472956730769231		_
com.google.javascript.rhino.jstype.FunctionType#?#FunctionType#?,JSTypeRegistry,String,Node,ArrowType,JSType,TemplateTypeMap,boolean,boolean#149	0.2943509615384615	0.0	0.14717548076923076		_
com.google.javascript.rhino.jstype.FunctionType#?#FunctionType#?,JSTypeRegistry,String,Node,ArrowType,JSType,TemplateTypeMap,boolean,boolean#148	0.2943509615384615	0.0	0.14717548076923076		_
com.google.javascript.rhino.jstype.FunctionType#?#FunctionType#?,JSTypeRegistry,String,Node,ArrowType,JSType,TemplateTypeMap,boolean,boolean#150	0.2943509615384615	0.0	0.14717548076923076		_
com.google.javascript.jscomp.parsing.IRFactory$TransformDispatcher#Node#processVariableInitializer#?,VariableInitializer#1253	0.2942307692307692	0.0	0.1471153846153846		_
com.google.javascript.jscomp.parsing.IRFactory$TransformDispatcher#Node#processVariableInitializer#?,VariableInitializer#1259	0.29411057692307696	0.0	0.14705528846153848		_
com.google.javascript.jscomp.parsing.IRFactory$TransformDispatcher#Node#processVariableInitializer#?,VariableInitializer#1247	0.29411057692307696	0.0	0.14705528846153848		_
com.google.javascript.jscomp.parsing.IRFactory$TransformDispatcher#Node#processVariableInitializer#?,VariableInitializer#1246	0.29411057692307696	0.0	0.14705528846153848		_
com.google.javascript.jscomp.parsing.IRFactory$TransformDispatcher#Node#processVariableDeclaration#?,VariableDeclaration#1241	0.29411057692307696	0.0	0.14705528846153848		_
com.google.javascript.jscomp.parsing.IRFactory$TransformDispatcher#Node#processVariableDeclaration#?,VariableDeclaration#1237	0.29411057692307696	0.0	0.14705528846153848		_
com.google.javascript.jscomp.parsing.IRFactory$TransformDispatcher#Node#processVariableDeclaration#?,VariableDeclaration#1239	0.29411057692307696	0.0	0.14705528846153848		_
com.google.javascript.jscomp.parsing.IRFactory$TransformDispatcher#Node#processVariableDeclaration#?,VariableDeclaration#1238	0.29411057692307696	0.0	0.14705528846153848		_
com.google.javascript.jscomp.parsing.TypeSafeDispatcher#T#process#?,AstNode#270	0.29411057692307696	0.0	0.14705528846153848		_
com.google.javascript.jscomp.parsing.TypeSafeDispatcher#T#process#?,AstNode#272	0.29411057692307696	0.0	0.14705528846153848		_
com.google.javascript.rhino.jstype.AllType#boolean#isAllType#?#58	0.2939903846153846	0.0	0.1469951923076923		_
com.google.javascript.jscomp.parsing.ParserRunner#ParseResult#parse#?,StaticSourceFile,String,Config,ErrorReporter,Logger#141	0.14531249999999996	0.14795673076923077	0.14663461538461536	astRoot != null	_
com.google.javascript.rhino.jstype.ArrowType#?#ArrowType#?,JSTypeRegistry,Node,JSType#64	0.2927884615384615	0.0	0.14639423076923075		_
com.google.javascript.rhino.jstype.InstanceObjectType#?#InstanceObjectType#?,JSTypeRegistry,FunctionType,boolean#60	0.2926682692307693	0.0	0.14633413461538464		_
com.google.javascript.rhino.jstype.InstanceObjectType#?#InstanceObjectType#?,JSTypeRegistry,FunctionType,boolean#61	0.2926682692307693	0.0	0.14633413461538464		_
com.google.javascript.rhino.jstype.InstanceObjectType#?#InstanceObjectType#?,JSTypeRegistry,FunctionType,boolean#62	0.2926682692307693	0.0	0.14633413461538464		_
com.google.javascript.jscomp.NodeUtil#boolean#isStatementParent#?,Node#1789	0.29254807692307694	0.0	0.14627403846153847		_
com.google.javascript.jscomp.NodeUtil#boolean#isStatementParent#?,Node#1790	0.29254807692307694	0.0	0.14627403846153847		_
com.google.javascript.jscomp.NodeUtil#boolean#isStatement#?,Node#1782	0.29254807692307694	0.0	0.14627403846153847		_
com.google.javascript.rhino.jstype.FunctionParamBuilder#boolean#hasVarArgs#?#152	0.29230769230769227	0.0	0.14615384615384613		_
com.google.javascript.rhino.jstype.FunctionParamBuilder#boolean#hasVarArgs#?#153	0.29230769230769227	0.0	0.14615384615384613		_
com.google.javascript.jscomp.DiagnosticGroupWarningsGuard#boolean#enables#?,DiagnosticGroup#48	0.2919471153846154	0.0	0.1459735576923077		_
com.google.javascript.rhino.jstype.PrototypeObjectType#PropertyMap#getPropertyMap#?#131	0.2917067307692308	0.0	0.1458533653846154		_
com.google.javascript.rhino.jstype.TemplateTypeMapReplacer#?#TemplateTypeMapReplacer#?,JSTypeRegistry,TemplateTypeMap#64	0.2912259615384616	0.0	0.1456129807692308		_
com.google.javascript.rhino.jstype.TemplateTypeMapReplacer#?#TemplateTypeMapReplacer#?,JSTypeRegistry,TemplateTypeMap#63	0.2912259615384616	0.0	0.1456129807692308		_
com.google.javascript.rhino.jstype.TemplateTypeMapReplacer#?#TemplateTypeMapReplacer#?,JSTypeRegistry,TemplateTypeMap#62	0.2912259615384616	0.0	0.1456129807692308		_
com.google.javascript.rhino.jstype.TemplateTypeMap#?#TemplateTypeMap#?,JSTypeRegistry,ImmutableList<TemplateType>,ImmutableList<JSType>#90	0.2912259615384616	0.0	0.1456129807692308		_
com.google.javascript.rhino.jstype.TemplateTypeMap#?#TemplateTypeMap#?,JSTypeRegistry,ImmutableList<TemplateType>,ImmutableList<JSType>#72	0.2912259615384616	0.0	0.1456129807692308		_
com.google.javascript.rhino.jstype.TemplateTypeMap#?#TemplateTypeMap#?,JSTypeRegistry,ImmutableList<TemplateType>,ImmutableList<JSType>#73	0.2912259615384616	0.0	0.1456129807692308		_
com.google.javascript.rhino.jstype.TemplateTypeMap#?#TemplateTypeMap#?,JSTypeRegistry,ImmutableList<TemplateType>,ImmutableList<JSType>#75	0.2912259615384616	0.0	0.1456129807692308		_
com.google.javascript.rhino.jstype.TemplateTypeMap#?#TemplateTypeMap#?,JSTypeRegistry,ImmutableList<TemplateType>,ImmutableList<JSType>#76	0.2912259615384616	0.0	0.1456129807692308		_
com.google.javascript.rhino.jstype.TemplateTypeMap#?#TemplateTypeMap#?,JSTypeRegistry,ImmutableList<TemplateType>,ImmutableList<JSType>#78	0.2912259615384616	0.0	0.1456129807692308		_
com.google.javascript.rhino.jstype.TemplateTypeMap#?#TemplateTypeMap#?,JSTypeRegistry,ImmutableList<TemplateType>,ImmutableList<JSType>#79	0.2912259615384616	0.0	0.1456129807692308		_
com.google.javascript.rhino.jstype.TemplateTypeMap#?#TemplateTypeMap#?,JSTypeRegistry,ImmutableList<TemplateType>,ImmutableList<JSType>#86	0.2912259615384616	0.0	0.1456129807692308		_
com.google.javascript.rhino.jstype.TemplateTypeMap#?#TemplateTypeMap#?,JSTypeRegistry,ImmutableList<TemplateType>,ImmutableList<JSType>#84	0.2912259615384616	0.0	0.1456129807692308		_
com.google.javascript.rhino.jstype.UnionTypeBuilder#UnionTypeBuilder#addAlternate#?,JSType#270	0.29110576923076925	0.0	0.14555288461538463		_
com.google.javascript.rhino.jstype.JSTypeRegistry#void#register#?,JSType,String#605	0.2908653846153846	0.0	0.1454326923076923		_
com.google.javascript.rhino.jstype.JSTypeRegistry#void#register#?,JSType,String#602	0.2908653846153846	0.0	0.1454326923076923		_
com.google.javascript.rhino.Node#boolean#isCall#?#2246	0.29002403846153846	0.0	0.14501201923076923		_
com.google.javascript.rhino.jstype.ModificationVisitor#?#ModificationVisitor#?,JSTypeRegistry#59	0.2899038461538461	0.0	0.14495192307692306		_
com.google.javascript.rhino.jstype.FunctionType#FunctionType#getSuperClassConstructor#?#852	0.2883413461538461	0.0	0.14417067307692305		_
com.google.javascript.rhino.jstype.PrototypeObjectType#String#getReferenceName#?#305	0.2882211538461539	0.0	0.14411057692307694		_
com.google.javascript.jscomp.parsing.IRFactory#Node#newNode#?,int,Node,Node#1517	0.2882211538461539	0.0	0.14411057692307694		_
com.google.javascript.rhino.jstype.FunctionParamBuilder#boolean#addRequiredParams#?,JSType#67	0.2879807692307692	0.0	0.1439903846153846		_
com.google.javascript.rhino.jstype.FunctionParamBuilder#boolean#addRequiredParams#?,JSType#68	0.2879807692307692	0.0	0.1439903846153846		_
com.google.javascript.rhino.jstype.FunctionParamBuilder#boolean#addRequiredParams#?,JSType#70	0.2879807692307692	0.0	0.1439903846153846		_
com.google.javascript.rhino.jstype.FunctionParamBuilder#boolean#hasOptionalOrVarArgs#?#147	0.2879807692307692	0.0	0.1439903846153846		_
com.google.javascript.rhino.jstype.FunctionParamBuilder#boolean#hasOptionalOrVarArgs#?#146	0.2879807692307692	0.0	0.1439903846153846		_
com.google.javascript.rhino.jstype.ProxyObjectType#?#ProxyObjectType#?,JSTypeRegistry,JSType#63	0.28581730769230773	0.0	0.14290865384615387		_
com.google.javascript.rhino.jstype.JSTypeRegistry#void#addReferenceTypeIndexedByProperty#?,String,JSType#651	0.2846153846153846	0.0	0.1423076923076923		_
com.google.javascript.rhino.jstype.JSTypeRegistry#void#addReferenceTypeIndexedByProperty#?,String,JSType#650	0.2846153846153846	0.0	0.1423076923076923		_
com.google.javascript.rhino.jstype.JSTypeRegistry#void#addReferenceTypeIndexedByProperty#?,String,JSType#647	0.28449519230769227	0.0	0.14224759615384613		_
com.google.javascript.rhino.jstype.JSTypeRegistry#void#addReferenceTypeIndexedByProperty#?,String,JSType#654	0.28449519230769227	0.0	0.14224759615384613		_
com.google.javascript.rhino.jstype.JSTypeRegistry#void#addReferenceTypeIndexedByProperty#?,String,JSType#653	0.28449519230769227	0.0	0.14224759615384613		_
com.google.javascript.rhino.jstype.FunctionParamBuilder#Node#newParameter#?,JSType#135	0.2842548076923077	0.0	0.14212740384615385		_
com.google.javascript.rhino.jstype.FunctionParamBuilder#Node#newParameter#?,JSType#136	0.2842548076923077	0.0	0.14212740384615385		_
com.google.javascript.rhino.jstype.FunctionParamBuilder#Node#newParameter#?,JSType#137	0.2842548076923077	0.0	0.14212740384615385		_
com.google.javascript.rhino.jstype.FunctionParamBuilder#Node#newParameter#?,JSType#138	0.2842548076923077	0.0	0.14212740384615385		_
com.google.javascript.jscomp.parsing.IRFactory$TransformDispatcher#boolean#isDirective#?,Node#627	0.14146634615384612	0.1427884615384616	0.14212740384615385	!(n == null)	_
com.google.javascript.jscomp.parsing.IRFactory#int#position2charno#?,int#517	0.14146634615384612	0.14266826923076925	0.1420673076923077	lineIndex == -1	_
com.google.javascript.rhino.jstype.PrototypeObjectType#?#PrototypeObjectType#?,JSTypeRegistry,String,ObjectType#105	0.2838942307692308	0.0	0.1419471153846154		_
com.google.javascript.jscomp.parsing.IRFactory#void#setFileOverviewJsDoc#?,Node#221	0.14146634615384612	0.14182692307692313	0.14164663461538463	!(fileOverviewInfo != null)	_
com.google.javascript.jscomp.parsing.IRFactory#void#setFileOverviewJsDoc#?,Node#216	0.14146634615384612	0.14146634615384612	0.14146634615384612	!(rootNodeJsDoc != null)	_
com.google.javascript.jscomp.parsing.IRFactory#JSDocInfo#handleJsDoc#?,AstNode,Node#281	0.14146634615384612	0.14146634615384612	0.14146634615384612	!(comment != null)	_
com.google.javascript.jscomp.parsing.IRFactory#Node#transform#?,AstNode#369	0.14146634615384612	0.14146634615384612	0.14146634615384612	!(jsDocInfo != null)	_
com.google.javascript.jscomp.parsing.IRFactory$TransformDispatcher#void#parseDirectives#?,Node#621	0.14146634615384612	0.14146634615384612	0.14146634615384612	!(directives != null)	_
com.google.javascript.rhino.Node#void#setLineno#?,int#1164	0.1413461538461539	0.1413461538461539	0.1413461538461539	charno == -1	_
com.google.javascript.jscomp.parsing.ParserRunner#void#initResourceConfig#?#79	0.13882211538461542	0.1427884615384616	0.1408052884615385	annotationNames != null	_
com.google.javascript.jscomp.parsing.IRFactory$TransformDispatcher#Node#processGeneric#?,com.google.javascript.rhino.head.Node#532	0.28149038461538467	0.0	0.14074519230769234		_
com.google.javascript.jscomp.parsing.IRFactory$TransformDispatcher#Node#processGeneric#?,com.google.javascript.rhino.head.Node#536	0.28149038461538467	0.0	0.14074519230769234		_
com.google.javascript.rhino.Node#boolean#hasChildren#?#534	0.28149038461538467	0.0	0.14074519230769234		_
com.google.javascript.jscomp.parsing.ParserRunner#Config#createConfig#?,boolean,LanguageMode,boolean,Set<String>#63	0.13882211538461542	0.14266826923076925	0.14074519230769234	extraAnnotationNames == null	_
com.google.javascript.rhino.jstype.ProxyObjectType#void#setReferencedType#?,JSType#87	0.2808894230769231	0.0	0.14044471153846155		_
com.google.javascript.rhino.jstype.ProxyObjectType#?#ProxyObjectType#?,JSTypeRegistry,JSType,TemplateTypeMap#68	0.2808894230769231	0.0	0.14044471153846155		_
com.google.javascript.rhino.jstype.ProxyObjectType#?#ProxyObjectType#?,JSTypeRegistry,JSType,TemplateTypeMap#69	0.2808894230769231	0.0	0.14044471153846155		_
com.google.javascript.rhino.jstype.JSTypeRegistry#void#registerPropertyOnType#?,String,JSType#634	0.2804086538461539	0.0	0.14020432692307694		_
com.google.javascript.rhino.jstype.JSTypeRegistry#void#registerPropertyOnType#?,String,JSType#633	0.2804086538461539	0.0	0.14020432692307694		_
com.google.javascript.rhino.Node#int#extractCharno#?,int#1221	0.14014423076923077	0.14014423076923077	0.14014423076923077	(-1)<= 0	_
com.google.javascript.rhino.Node#?#Node#?,int,Node,Node#379	0.27956730769230764	0.0	0.13978365384615382		_
com.google.javascript.rhino.Node#?#Node#?,int,Node,Node#394	0.27956730769230764	0.0	0.13978365384615382		_
com.google.javascript.rhino.Node#?#Node#?,int,Node,Node#393	0.27956730769230764	0.0	0.13978365384615382		_
com.google.javascript.rhino.Node#?#Node#?,int,Node,Node#392	0.27956730769230764	0.0	0.13978365384615382		_
com.google.javascript.rhino.Node#?#Node#?,int,Node,Node#391	0.27956730769230764	0.0	0.13978365384615382		_
com.google.javascript.rhino.Node#?#Node#?,int,Node,Node#390	0.27956730769230764	0.0	0.13978365384615382		_
com.google.javascript.rhino.Node#?#Node#?,int,Node,Node#388	0.27956730769230764	0.0	0.13978365384615382		_
com.google.javascript.rhino.Node#?#Node#?,int,Node,Node#389	0.27956730769230764	0.0	0.13978365384615382		_
com.google.javascript.rhino.Node#?#Node#?,int,Node,Node#383	0.27956730769230764	0.0	0.13978365384615382		_
com.google.javascript.rhino.Node#?#Node#?,int,Node,Node#385	0.27956730769230764	0.0	0.13978365384615382		_
com.google.javascript.rhino.Node#?#Node#?,int,Node,Node#381	0.27956730769230764	0.0	0.13978365384615382		_
com.google.javascript.rhino.jstype.JSTypeRegistry#void#registerPropertyOnType#?,String,JSType#641	0.2793269230769231	0.0	0.13966346153846154		_
com.google.javascript.rhino.jstype.JSTypeRegistry#void#registerPropertyOnType#?,String,JSType#631	0.2793269230769231	0.0	0.13966346153846154		_
com.google.javascript.rhino.jstype.JSTypeRegistry#void#registerPropertyOnType#?,String,JSType#637	0.2793269230769231	0.0	0.13966346153846154		_
com.google.javascript.rhino.jstype.JSTypeRegistry#void#registerPropertyOnType#?,String,JSType#638	0.2793269230769231	0.0	0.13966346153846154		_
com.google.javascript.rhino.jstype.PrototypeObjectType#?#PrototypeObjectType#?,JSTypeRegistry,String,ObjectType,boolean,TemplateTypeMap#124	0.27848557692307696	0.0	0.13924278846153848		_
com.google.javascript.rhino.Node#int#extractLineno#?,int#1209	0.1383413461538462	0.1383413461538462	0.1383413461538462	(-1)< 0	_
com.google.javascript.rhino.jstype.InstanceObjectType#boolean#isNominalType#?#153	0.2753605769230769	0.0	0.13768028846153846		_
com.google.javascript.rhino.jstype.FunctionBuilder#FunctionBuilder#withParamsNode#?,Node#91	0.27283653846153844	0.0	0.13641826923076922		_
com.google.javascript.rhino.jstype.FunctionBuilder#FunctionBuilder#withParamsNode#?,Node#92	0.27283653846153844	0.0	0.13641826923076922		_
com.google.javascript.rhino.jstype.NoType#boolean#isNoType#?#75	0.2723557692307692	0.0	0.1361778846153846		_
com.google.javascript.jscomp.Compiler#JSTypeRegistry#getTypeRegistry#?#1207	0.27139423076923075	0.0	0.13569711538461537		_
com.google.javascript.rhino.jstype.FunctionType#?#FunctionType#?,JSTypeRegistry,String,Node,ArrowType,JSType,TemplateTypeMap,boolean,boolean#154	0.2689903846153846	0.0	0.1344951923076923		_
com.google.javascript.rhino.jstype.FunctionType#?#FunctionType#?,JSTypeRegistry,String,Node,ArrowType,JSType,TemplateTypeMap,boolean,boolean#153	0.2689903846153846	0.0	0.1344951923076923		_
com.google.javascript.rhino.jstype.FunctionBuilder#?#FunctionBuilder#?,JSTypeRegistry#66	0.26875000000000004	0.0	0.13437500000000002		_
com.google.javascript.rhino.jstype.FunctionBuilder#FunctionType#build#?#161	0.26875000000000004	0.0	0.13437500000000002		_
com.google.javascript.rhino.jstype.JSType#boolean#isSubtypeHelper#?,JSType,JSType#1280	0.2686298076923077	0.0	0.13431490384615385		_
com.google.javascript.rhino.jstype.InstanceObjectType#Iterable<ObjectType>#getCtorExtendedInterfaces#?#176	0.26802884615384615	0.0	0.13401442307692307		_
com.google.javascript.jscomp.NodeTraversal#Node#getScopeRoot#?#664	0.26574519230769234	0.0	0.13287259615384617		_
com.google.javascript.rhino.jstype.JSType#JSType#getNativeType#?,JSTypeNative#122	0.2652644230769231	0.0	0.13263221153846155		_
com.google.javascript.rhino.jstype.TemplateTypeMap#boolean#checkEquivalenceHelper#?,TemplateTypeMap,EquivalenceMethod#238	0.26514423076923077	0.0	0.13257211538461539		_
com.google.javascript.rhino.Node#?#Node#?,int,Node#374	0.26442307692307687	0.0	0.13221153846153844		_
com.google.javascript.rhino.Node#?#Node#?,int,Node#372	0.26442307692307687	0.0	0.13221153846153844		_
com.google.javascript.rhino.Node#?#Node#?,int,Node#373	0.26442307692307687	0.0	0.13221153846153844		_
com.google.javascript.rhino.Node#?#Node#?,int,Node#371	0.26442307692307687	0.0	0.13221153846153844		_
com.google.javascript.rhino.Node#?#Node#?,int,Node#365	0.26442307692307687	0.0	0.13221153846153844		_
com.google.javascript.rhino.Node#?#Node#?,int,Node#367	0.26442307692307687	0.0	0.13221153846153844		_
com.google.javascript.rhino.jstype.FunctionParamBuilder#?#FunctionParamBuilder#?,JSTypeRegistry#55	0.26430288461538465	0.0	0.13215144230769232		_
com.google.javascript.rhino.jstype.FunctionParamBuilder#Node#build#?#142	0.26430288461538465	0.0	0.13215144230769232		_
com.google.javascript.rhino.jstype.FunctionType#?#FunctionType#?,JSTypeRegistry,String,Node,ArrowType,JSType,TemplateTypeMap,boolean,boolean#145	0.2641826923076923	0.0	0.13209134615384616		_
com.google.javascript.rhino.jstype.FunctionType#?#FunctionType#?,JSTypeRegistry,String,Node,ArrowType,JSType,TemplateTypeMap,boolean,boolean#146	0.2641826923076923	0.0	0.13209134615384616		_
com.google.javascript.rhino.jstype.FunctionType#?#FunctionType#?,JSTypeRegistry,String,Node,ArrowType,JSType,TemplateTypeMap,boolean,boolean#141	0.2641826923076923	0.0	0.13209134615384616		_
com.google.javascript.rhino.jstype.FunctionType#?#FunctionType#?,JSTypeRegistry,String,Node,ArrowType,JSType,TemplateTypeMap,boolean,boolean#143	0.2641826923076923	0.0	0.13209134615384616		_
com.google.javascript.rhino.jstype.FunctionType#?#FunctionType#?,JSTypeRegistry,String,Node,ArrowType,JSType,TemplateTypeMap,boolean,boolean#158	0.2641826923076923	0.0	0.13209134615384616		_
com.google.javascript.rhino.jstype.FunctionType#?#FunctionType#?,JSTypeRegistry,String,Node,ArrowType,JSType,TemplateTypeMap,boolean,boolean#138	0.2641826923076923	0.0	0.13209134615384616		_
com.google.javascript.rhino.jstype.FunctionType#Iterable<ObjectType>#getExtendedInterfaces#?#580	0.2634615384615384	0.0	0.1317307692307692		_
com.google.javascript.rhino.jstype.FunctionType#ObjectType#getPrototype#?#378	0.2634615384615384	0.0	0.1317307692307692		_
com.google.javascript.rhino.jstype.FunctionType#ObjectType#getPrototype#?#369	0.2634615384615384	0.0	0.1317307692307692		_
com.google.javascript.rhino.jstype.FunctionType#boolean#setPrototypeNoCheck#?,ObjectType,Node#470	0.2633413461538462	0.0	0.1316706730769231		_
com.google.javascript.rhino.jstype.FunctionType#void#addSubType#?,FunctionType#1137	0.2633413461538462	0.0	0.1316706730769231		_
com.google.javascript.rhino.jstype.FunctionType#boolean#hasCachedValues#?#1172	0.2631009615384615	0.0	0.13155048076923076		_
com.google.javascript.rhino.jstype.PrototypeObjectType#void#setOwnerFunction#?,FunctionType#390	0.2631009615384615	0.0	0.13155048076923076		_
com.google.javascript.rhino.jstype.PrototypeObjectType#void#setOwnerFunction#?,FunctionType#389	0.2631009615384615	0.0	0.13155048076923076		_
com.google.javascript.rhino.jstype.FunctionType#boolean#setPrototypeNoCheck#?,ObjectType,Node#459	0.2631009615384615	0.0	0.13155048076923076		_
com.google.javascript.rhino.jstype.FunctionType#boolean#setPrototypeNoCheck#?,ObjectType,Node#453	0.2631009615384615	0.0	0.13155048076923076		_
com.google.javascript.rhino.jstype.FunctionType#boolean#setPrototypeNoCheck#?,ObjectType,Node#455	0.2631009615384615	0.0	0.13155048076923076		_
com.google.javascript.rhino.jstype.FunctionType#boolean#setPrototypeNoCheck#?,ObjectType,Node#457	0.2631009615384615	0.0	0.13155048076923076		_
com.google.javascript.rhino.jstype.FunctionType#boolean#setPrototypeNoCheck#?,ObjectType,Node#468	0.2631009615384615	0.0	0.13155048076923076		_
com.google.javascript.rhino.jstype.FunctionType#boolean#setPrototypeNoCheck#?,ObjectType,Node#486	0.2631009615384615	0.0	0.13155048076923076		_
com.google.javascript.rhino.jstype.FunctionType#boolean#setPrototype#?,ObjectType,Node#448	0.2631009615384615	0.0	0.13155048076923076		_
com.google.javascript.rhino.jstype.ArrowType#?#ArrowType#?,JSTypeRegistry,Node,JSType,boolean#69	0.2631009615384615	0.0	0.13155048076923076		_
com.google.javascript.rhino.jstype.ArrowType#?#ArrowType#?,JSTypeRegistry,Node,JSType,boolean#71	0.2631009615384615	0.0	0.13155048076923076		_
com.google.javascript.rhino.jstype.ArrowType#?#ArrowType#?,JSTypeRegistry,Node,JSType,boolean#76	0.2631009615384615	0.0	0.13155048076923076		_
com.google.javascript.rhino.jstype.ArrowType#?#ArrowType#?,JSTypeRegistry,Node,JSType,boolean#74	0.2631009615384615	0.0	0.13155048076923076		_
com.google.javascript.rhino.jstype.FunctionType#FunctionType#getSuperClassConstructor#?#854	0.2629807692307692	0.0	0.1314903846153846		_
com.google.javascript.rhino.jstype.FunctionType#FunctionType#getSuperClassConstructor#?#850	0.2629807692307692	0.0	0.1314903846153846		_
com.google.javascript.rhino.jstype.FunctionType#FunctionType#getSuperClassConstructor#?#849	0.2629807692307692	0.0	0.1314903846153846		_
com.google.javascript.rhino.jstype.PrototypeObjectType#Iterable<ObjectType>#getCtorExtendedInterfaces#?#407	0.2614182692307693	0.0	0.13070913461538464		_
com.google.javascript.rhino.jstype.PrototypeObjectType#FunctionType#getOwnerFunction#?#395	0.26129807692307694	0.0	0.13064903846153847		_
com.google.javascript.rhino.jstype.ObjectType#boolean#isFunctionPrototypeType#?#610	0.26129807692307694	0.0	0.13064903846153847		_
com.google.javascript.rhino.Node#int#extractLineno#?,int#1211	0.12247596153846152	0.1384615384615384	0.13046874999999997	(lineCharNo >>> COLUMN_BITS)> 0	_
com.google.javascript.rhino.jstype.FunctionType#ObjectType#getInstanceType#?#1079	0.2597355769230769	0.0	0.12986778846153846		_
com.google.javascript.rhino.jstype.FunctionType#ObjectType#getInstanceType#?#1080	0.2597355769230769	0.0	0.12986778846153846		_
com.google.javascript.jscomp.parsing.IRFactory$TransformDispatcher#boolean#isReservedKeyword#?,String#939	0.2597355769230769	0.0	0.12986778846153846		_
com.google.javascript.rhino.jstype.FunctionType#boolean#hasInstanceType#?#1095	0.2597355769230769	0.0	0.12986778846153846		_
com.google.javascript.rhino.Node#boolean#hasOneChild#?#1392	0.2592548076923077	0.0	0.12962740384615384		_
com.google.javascript.rhino.Node#int#getLineno#?#1139	0.11971153846153848	0.13870192307692308	0.12920673076923078	(extractLineno(sourcePosition))> 0	_
com.google.javascript.rhino.Node#int#extractLineno#?,int#1208	0.11935096153846159	0.1383413461538462	0.1288461538461539	lineCharNo == -1	_
com.google.javascript.rhino.jstype.Property#?#Property#?,String,JSType,boolean,Node#82	0.25769230769230766	0.0	0.12884615384615383		_
com.google.javascript.rhino.jstype.Property#?#Property#?,String,JSType,boolean,Node#83	0.25769230769230766	0.0	0.12884615384615383		_
com.google.javascript.rhino.jstype.Property#?#Property#?,String,JSType,boolean,Node#84	0.25769230769230766	0.0	0.12884615384615383		_
com.google.javascript.rhino.jstype.Property#?#Property#?,String,JSType,boolean,Node#81	0.25769230769230766	0.0	0.12884615384615383		_
com.google.javascript.rhino.jstype.ObjectType#boolean#isUnknownType#?#560	0.25769230769230766	0.0	0.12884615384615383		_
com.google.javascript.rhino.jstype.JSType#boolean#isEmptyType#?#176	0.25769230769230766	0.0	0.12884615384615383		_
com.google.javascript.rhino.jstype.FunctionType#FunctionType#toMaybeFunctionType#?#257	0.25769230769230766	0.0	0.12884615384615383		_
com.google.javascript.rhino.jstype.TemplateTypeMap#JSType#getResolvedTemplateType#?,TemplateType#180	0.25757211538461533	0.0	0.12878605769230766		_
com.google.javascript.rhino.jstype.TemplateTypeMap#JSType#getResolvedTemplateType#?,TemplateType#179	0.25757211538461533	0.0	0.12878605769230766		_
com.google.javascript.rhino.jstype.TemplateTypeMap#boolean#checkEquivalenceHelper#?,TemplateTypeMap,EquivalenceMethod#232	0.25757211538461533	0.0	0.12878605769230766		_
com.google.javascript.rhino.jstype.TemplateTypeMap#boolean#checkEquivalenceHelper#?,TemplateTypeMap,EquivalenceMethod#205	0.25757211538461533	0.0	0.12878605769230766		_
com.google.javascript.rhino.jstype.TemplateTypeMap#boolean#checkEquivalenceHelper#?,TemplateTypeMap,EquivalenceMethod#207	0.25757211538461533	0.0	0.12878605769230766		_
com.google.javascript.rhino.jstype.TemplateTypeMap#boolean#checkEquivalenceHelper#?,TemplateTypeMap,EquivalenceMethod#206	0.25757211538461533	0.0	0.12878605769230766		_
com.google.javascript.rhino.jstype.InstanceObjectType#boolean#hasReferenceName#?#72	0.2574519230769231	0.0	0.12872596153846155		_
com.google.javascript.rhino.jstype.ObjectType#boolean#isUnknownType#?#557	0.25721153846153844	0.0	0.12860576923076922		_
com.google.javascript.jscomp.Compiler#void#init#?,List<T1>,List<T2>,CompilerOptions#374	0.2570913461538461	0.0	0.12854567307692305		_
com.google.javascript.jscomp.Compiler#void#init#?,List<T1>,List<T2>,CompilerOptions#373	0.2570913461538461	0.0	0.12854567307692305		_
com.google.javascript.jscomp.Compiler#void#init#?,List<T1>,List<T2>,CompilerOptions#377	0.25685096153846154	0.0	0.12842548076923077		_
com.google.javascript.jscomp.Compiler#void#init#?,List<T1>,List<T2>,CompilerOptions#372	0.25685096153846154	0.0	0.12842548076923077		_
com.google.javascript.jscomp.Compiler#void#initInputsByIdMap#?#535	0.25612980769230764	0.0	0.12806490384615382		_
com.google.javascript.jscomp.Compiler#void#initInputsByIdMap#?#536	0.25612980769230764	0.0	0.12806490384615382		_
com.google.javascript.jscomp.Compiler#void#initInputsByIdMap#?#537	0.25612980769230764	0.0	0.12806490384615382		_
com.google.javascript.jscomp.Compiler#List<CompilerInput>#makeCompilerInput#?,List<T>,boolean#442	0.25612980769230764	0.0	0.12806490384615382		_
com.google.javascript.jscomp.Compiler#List<CompilerInput>#makeCompilerInput#?,List<T>,boolean#443	0.25612980769230764	0.0	0.12806490384615382		_
com.google.javascript.rhino.jstype.PrototypeObjectType#boolean#isSubtype#?,JSType#362	0.2560096153846154	0.0	0.1280048076923077		_
com.google.javascript.rhino.jstype.PrototypeObjectType#boolean#isSubtype#?,JSType#338	0.2560096153846154	0.0	0.1280048076923077		_
com.google.javascript.rhino.jstype.PrototypeObjectType#boolean#isSubtype#?,JSType#337	0.2560096153846154	0.0	0.1280048076923077		_
com.google.javascript.rhino.jstype.PrototypeObjectType#boolean#implicitPrototypeChainIsUnknown#?#366	0.2560096153846154	0.0	0.1280048076923077		_
com.google.javascript.rhino.jstype.PrototypeObjectType#boolean#implicitPrototypeChainIsUnknown#?#371	0.2560096153846154	0.0	0.1280048076923077		_
com.google.javascript.rhino.jstype.PrototypeObjectType#boolean#implicitPrototypeChainIsUnknown#?#373	0.2560096153846154	0.0	0.1280048076923077		_
com.google.javascript.rhino.jstype.JSType#boolean#isNoObjectType#?#172	0.25576923076923075	0.0	0.12788461538461537		_
com.google.javascript.jscomp.Compiler#JSError[]#getWarnings#?#1009	0.25540865384615385	0.0	0.12770432692307693		_
com.google.javascript.rhino.jstype.JSType#boolean#checkEquivalenceHelper#?,JSType,EquivalenceMethod#612	0.25540865384615385	0.0	0.12770432692307693		_
com.google.javascript.jscomp.BasicErrorManager#JSError[]#getWarnings#?#90	0.25540865384615385	0.0	0.12770432692307693		_
com.google.javascript.rhino.jstype.TemplateTypeMap#boolean#failedEquivalenceCheck#?,EquivalenceMatch,EquivalenceMethod#252	0.25540865384615385	0.0	0.12770432692307693		_
com.google.javascript.jscomp.Compiler#Config#getParserConfig#?#2098	0.25468749999999996	0.0	0.12734374999999998		_
com.google.javascript.jscomp.Compiler#Config#getParserConfig#?#2097	0.25468749999999996	0.0	0.12734374999999998		_
com.google.javascript.rhino.jstype.FunctionType#boolean#isConstructor#?#194	0.25456730769230773	0.0	0.12728365384615387		_
com.google.javascript.rhino.jstype.PrototypeObjectType#void#setPrettyPrint#?,boolean#272	0.2542067307692307	0.0	0.12710336538461536		_
com.google.javascript.jscomp.Compiler#void#initModules#?,List<T>,List<JSModule>,CompilerOptions#419	0.2540865384615385	0.0	0.12704326923076925		_
com.google.javascript.rhino.jstype.PrototypeObjectType#?#PrototypeObjectType#?,JSTypeRegistry,String,ObjectType,boolean,TemplateTypeMap#122	0.25396634615384617	0.0	0.12698317307692308		_
com.google.javascript.rhino.jstype.JSTypeRegistry#FunctionType#getNativeFunctionType#?,JSTypeNative#912	0.2533653846153846	0.0	0.1266826923076923		_
com.google.javascript.jscomp.parsing.IRFactory#?#IRFactory#?,String,StaticSourceFile,Config,ErrorReporter#166	0.25324519230769227	0.0	0.12662259615384613		_
com.google.javascript.jscomp.parsing.IRFactory#?#IRFactory#?,String,StaticSourceFile,Config,ErrorReporter#167	0.25324519230769227	0.0	0.12662259615384613		_
com.google.javascript.jscomp.Compiler#List<CompilerInput>#getAllInputsFromModules#?,List<JSModule>#509	0.2530048076923077	0.0	0.12650240384615385		_
com.google.javascript.jscomp.Compiler#List<CompilerInput>#getAllInputsFromModules#?,List<JSModule>#507	0.2530048076923077	0.0	0.12650240384615385		_
com.google.javascript.jscomp.Compiler#List<CompilerInput>#getAllInputsFromModules#?,List<JSModule>#508	0.2530048076923077	0.0	0.12650240384615385		_
com.google.javascript.jscomp.Compiler#List<CompilerInput>#getAllInputsFromModules#?,List<JSModule>#517	0.2530048076923077	0.0	0.12650240384615385		_
com.google.javascript.jscomp.Compiler#List<CompilerInput>#getAllInputsFromModules#?,List<JSModule>#516	0.2530048076923077	0.0	0.12650240384615385		_
com.google.javascript.jscomp.Compiler#List<CompilerInput>#getAllInputsFromModules#?,List<JSModule>#511	0.2530048076923077	0.0	0.12650240384615385		_
com.google.javascript.jscomp.Compiler#List<CompilerInput>#getAllInputsFromModules#?,List<JSModule>#510	0.2530048076923077	0.0	0.12650240384615385		_
com.google.javascript.jscomp.Compiler#List<CompilerInput>#getAllInputsFromModules#?,List<JSModule>#520	0.2530048076923077	0.0	0.12650240384615385		_
com.google.javascript.jscomp.Compiler#void#fillEmptyModules#?,List<JSModule>#483	0.2530048076923077	0.0	0.12650240384615385		_
com.google.javascript.jscomp.Compiler#void#initModules#?,List<T>,List<JSModule>,CompilerOptions#398	0.2530048076923077	0.0	0.12650240384615385		_
com.google.javascript.jscomp.Compiler#void#initModules#?,List<T>,List<JSModule>,CompilerOptions#407	0.2530048076923077	0.0	0.12650240384615385		_
com.google.javascript.jscomp.Compiler#void#initModules#?,List<T>,List<JSModule>,CompilerOptions#403	0.2530048076923077	0.0	0.12650240384615385		_
com.google.javascript.jscomp.Compiler#void#initModules#?,List<T>,List<JSModule>,CompilerOptions#401	0.2530048076923077	0.0	0.12650240384615385		_
com.google.javascript.jscomp.Compiler#void#initModules#?,List<T>,List<JSModule>,CompilerOptions#400	0.2530048076923077	0.0	0.12650240384615385		_
com.google.javascript.jscomp.Compiler#void#initModules#?,List<T>,List<JSModule>,CompilerOptions#423	0.2530048076923077	0.0	0.12650240384615385		_
com.google.javascript.jscomp.Compiler#void#initModules#?,List<T>,List<JSModule>,CompilerOptions#422	0.2530048076923077	0.0	0.12650240384615385		_
com.google.javascript.jscomp.Compiler#void#initModules#?,List<T>,List<JSModule>,CompilerOptions#425	0.2530048076923077	0.0	0.12650240384615385		_
com.google.javascript.jscomp.Compiler#void#initInputsByIdMap#?#544	0.2530048076923077	0.0	0.12650240384615385		_
com.google.javascript.jscomp.Compiler#void#initInputsByIdMap#?#543	0.2530048076923077	0.0	0.12650240384615385		_
com.google.javascript.jscomp.Compiler#void#initInputsByIdMap#?#542	0.2530048076923077	0.0	0.12650240384615385		_
com.google.javascript.jscomp.Compiler#void#initInputsByIdMap#?#534	0.2530048076923077	0.0	0.12650240384615385		_
com.google.javascript.jscomp.Compiler#List<CompilerInput>#makeCompilerInput#?,List<T>,boolean#441	0.2530048076923077	0.0	0.12650240384615385		_
com.google.javascript.jscomp.Compiler#List<CompilerInput>#makeCompilerInput#?,List<T>,boolean#445	0.2530048076923077	0.0	0.12650240384615385		_
com.google.javascript.jscomp.JSModule#?#JSModule#?,String#64	0.2528846153846154	0.0	0.1264423076923077		_
com.google.javascript.jscomp.JSModule#?#JSModule#?,String#63	0.2528846153846154	0.0	0.1264423076923077		_
com.google.javascript.jscomp.JSModule#void#add#?,SourceFile#94	0.2525240384615385	0.0	0.12626201923076924		_
com.google.javascript.jscomp.JSModule#void#add#?,CompilerInput#104	0.2522836538461538	0.0	0.1261418269230769		_
com.google.javascript.jscomp.JSModule#void#add#?,CompilerInput#105	0.2522836538461538	0.0	0.1261418269230769		_
com.google.javascript.jscomp.CompilerInput#void#setModule#?,JSModule#327	0.2522836538461538	0.0	0.1261418269230769		_
com.google.javascript.jscomp.CompilerInput#void#setModule#?,JSModule#329	0.2522836538461538	0.0	0.1261418269230769		_
com.google.javascript.jscomp.JSModule#List<CompilerInput>#getInputs#?#205	0.25204326923076925	0.0	0.12602163461538463		_
com.google.javascript.jscomp.CompilerInput#String#getName#?#101	0.25120192307692313	0.0	0.12560096153846156		_
com.google.javascript.rhino.Node#void#addChildToBack#?,Node#610	0.11478365384615385	0.1361778846153846	0.12548076923076923	!(last == null)	_
com.google.javascript.rhino.jstype.InstanceObjectType#ObjectType#getImplicitPrototype#?#77	0.2503605769230769	0.0	0.12518028846153845		_
com.google.javascript.rhino.Node#PropListItem#removeProp#?,PropListItem,int#803	0.08870192307692304	0.16129807692307696	0.125	result != item.getNext()	_
com.google.javascript.rhino.jstype.PrototypeObjectType#void#setImplicitPrototype#?,ObjectType#296	0.24987980769230766	0.0	0.12493990384615383		_
com.google.javascript.rhino.jstype.PrototypeObjectType#void#setImplicitPrototype#?,ObjectType#297	0.24987980769230766	0.0	0.12493990384615383		_
com.google.javascript.rhino.jstype.PrototypeObjectType#boolean#hasCachedValues#?#378	0.24987980769230766	0.0	0.12493990384615383		_
com.google.javascript.rhino.jstype.ObjectType#boolean#hasCachedValues#?#585	0.24987980769230766	0.0	0.12493990384615383		_
com.google.javascript.rhino.jstype.PropertyMap#void#setParentSource#?,ObjectType#93	0.24987980769230766	0.0	0.12493990384615383		_
com.google.javascript.rhino.jstype.PropertyMap#?#PropertyMap#?#80	0.24987980769230766	0.0	0.12493990384615383		_
com.google.javascript.rhino.jstype.PrototypeObjectType#?#PrototypeObjectType#?,JSTypeRegistry,String,ObjectType,boolean,TemplateTypeMap#120	0.24987980769230766	0.0	0.12493990384615383		_
com.google.javascript.rhino.jstype.PrototypeObjectType#?#PrototypeObjectType#?,JSTypeRegistry,String,ObjectType,boolean,TemplateTypeMap#115	0.24987980769230766	0.0	0.12493990384615383		_
com.google.javascript.rhino.jstype.PrototypeObjectType#?#PrototypeObjectType#?,JSTypeRegistry,String,ObjectType,boolean,TemplateTypeMap#117	0.24987980769230766	0.0	0.12493990384615383		_
com.google.javascript.rhino.jstype.PrototypeObjectType#?#PrototypeObjectType#?,JSTypeRegistry,String,ObjectType,boolean,TemplateTypeMap#116	0.24987980769230766	0.0	0.12493990384615383		_
com.google.javascript.rhino.jstype.PrototypeObjectType#?#PrototypeObjectType#?,JSTypeRegistry,String,ObjectType,boolean,TemplateTypeMap#119	0.24987980769230766	0.0	0.12493990384615383		_
com.google.javascript.rhino.jstype.PropertyMap#?#PropertyMap#?,Map<String,Property>#84	0.24987980769230766	0.0	0.12493990384615383		_
com.google.javascript.rhino.jstype.PrototypeObjectType#boolean#isNativeObjectType#?#384	0.24939903846153844	0.0	0.12469951923076922		_
com.google.javascript.rhino.InputId#String#getIdName#?#56	0.24879807692307687	0.0	0.12439903846153844		_
com.google.javascript.rhino.jstype.PrototypeObjectType#boolean#hasReferenceName#?#313	0.24831730769230764	0.0	0.12415865384615382		_
com.google.javascript.rhino.jstype.JSTypeRegistry#JSType#createUnionType#?,JSType#1042	0.24723557692307696	0.0	0.12361778846153848		_
com.google.javascript.rhino.jstype.JSTypeRegistry#JSType#createUnionType#?,JSType#1043	0.24723557692307696	0.0	0.12361778846153848		_
com.google.javascript.rhino.jstype.JSTypeRegistry#JSType#createUnionType#?,JSType#1044	0.24723557692307696	0.0	0.12361778846153848		_
com.google.javascript.rhino.jstype.JSTypeRegistry#JSType#createUnionType#?,JSType#1046	0.24723557692307696	0.0	0.12361778846153848		_
com.google.javascript.rhino.Node#PropListItem#removeProp#?,PropListItem,int#799	0.08750000000000002	0.1596153846153846	0.12355769230769231	item.getType() == propType	_
com.google.javascript.rhino.jstype.InstanceObjectType#String#getReferenceName#?#67	0.2466346153846154	0.0	0.1233173076923077		_
com.google.javascript.rhino.Node#boolean#isGetProp#?#2318	0.24639423076923073	0.0	0.12319711538461536		_
com.google.javascript.rhino.jstype.JSTypeRegistry#ObjectType#getNativeObjectType#?,JSTypeNative#908	0.24495192307692304	0.0	0.12247596153846152		_
com.google.javascript.rhino.jstype.ObjectType#boolean#isUnknownType#?#571	0.24459134615384615	0.0	0.12229567307692307		_
com.google.javascript.rhino.Node$StringNode#?#StringNode#?,int,String#194	0.12211538461538463	0.12211538461538463	0.12211538461538463	!(null == str)	_
com.google.javascript.rhino.jstype.FunctionType#boolean#isInterface#?#199	0.24411057692307692	0.0	0.12205528846153846		_
com.google.javascript.rhino.jstype.FunctionType#ObjectType#getPrototype#?#387	0.24350961538461535	0.0	0.12175480769230768		_
com.google.javascript.rhino.jstype.Property#JSType#getType#?#114	0.2425480769230769	0.0	0.12127403846153845		_
com.google.javascript.rhino.IR#Node#block#?#93	0.24230769230769234	0.0	0.12115384615384617		_
com.google.javascript.rhino.IR#Node#block#?#92	0.24230769230769234	0.0	0.12115384615384617		_
com.google.javascript.rhino.jstype.JSType#boolean#checkEquivalenceHelper#?,JSType,EquivalenceMethod#572	0.2421875	0.0	0.12109375		_
com.google.javascript.rhino.jstype.PrototypeObjectType#String#getReferenceName#?#303	0.24206730769230766	0.0	0.12103365384615383		_
com.google.javascript.rhino.jstype.PrototypeObjectType#ObjectType#getImplicitPrototype#?#286	0.2414663461538461	0.0	0.12073317307692305		_
com.google.javascript.rhino.jstype.InstanceObjectType#FunctionType#getConstructor#?#82	0.24134615384615388	0.0	0.12067307692307694		_
com.google.javascript.rhino.jstype.ObjectType#?#ObjectType#?,JSTypeRegistry,TemplateTypeMap#92	0.24122596153846154	0.0	0.12061298076923077		_
com.google.javascript.rhino.jstype.UnionTypeBuilder#JSType#reduceAlternatesWithoutUnion#?#302	0.24086538461538465	0.0	0.12043269230769232		_
com.google.javascript.rhino.jstype.UnionType#?#UnionType#?,JSTypeRegistry,Collection<JSType>#80	0.24086538461538465	0.0	0.12043269230769232		_
com.google.javascript.rhino.jstype.UnionType#?#UnionType#?,JSTypeRegistry,Collection<JSType>#81	0.24086538461538465	0.0	0.12043269230769232		_
com.google.javascript.rhino.jstype.UnionType#?#UnionType#?,JSTypeRegistry,Collection<JSType>#82	0.24086538461538465	0.0	0.12043269230769232		_
com.google.javascript.rhino.jstype.UnionTypeBuilder#Collection<JSType>#getAlternateListCopy#?#327	0.24086538461538465	0.0	0.12043269230769232		_
com.google.javascript.rhino.jstype.UnionTypeBuilder#JSType#build#?#320	0.24086538461538465	0.0	0.12043269230769232		_
com.google.javascript.rhino.jstype.JSType#boolean#isSubtype#?,JSType#1233	0.24050480769230764	0.0	0.12025240384615382		_
com.google.javascript.rhino.jstype.TemplateTypeMap#boolean#hasAnyTemplateTypesInternal#?#327	0.23930288461538463	0.0	0.11965144230769231		_
com.google.javascript.rhino.jstype.JSType#boolean#hasAnyTemplateTypes#?#439	0.23930288461538463	0.0	0.11965144230769231		_
com.google.javascript.rhino.jstype.JSType#boolean#hasAnyTemplateTypes#?#438	0.23930288461538463	0.0	0.11965144230769231		_
com.google.javascript.rhino.jstype.JSType#boolean#hasAnyTemplateTypes#?#441	0.23930288461538463	0.0	0.11965144230769231		_
com.google.javascript.rhino.jstype.JSType#boolean#hasAnyTemplateTypes#?#440	0.23930288461538463	0.0	0.11965144230769231		_
com.google.javascript.rhino.jstype.JSType#boolean#hasAnyTemplateTypesInternal#?#449	0.23930288461538463	0.0	0.11965144230769231		_
com.google.javascript.rhino.jstype.JSType#boolean#isSubtypeHelper#?,JSType,JSType#1277	0.23906249999999996	0.0	0.11953124999999998		_
com.google.javascript.rhino.jstype.JSType#boolean#isSubtypeHelper#?,JSType,JSType#1273	0.23906249999999996	0.0	0.11953124999999998		_
com.google.javascript.rhino.jstype.JSType#boolean#isSubtypeHelper#?,JSType,JSType#1274	0.23906249999999996	0.0	0.11953124999999998		_
com.google.javascript.rhino.jstype.JSType#boolean#isSubtypeHelper#?,JSType,JSType#1275	0.23906249999999996	0.0	0.11953124999999998		_
com.google.javascript.rhino.jstype.JSTypeRegistry#TemplateType#getObjectElementKey#?#209	0.23906249999999996	0.0	0.11953124999999998		_
com.google.javascript.rhino.jstype.UnknownType#boolean#isSubtype#?,JSType#103	0.2384615384615385	0.0	0.11923076923076925		_
com.google.javascript.rhino.jstype.TemplateTypeMap#JSType#getTemplateType#?,TemplateType#151	0.23834134615384617	0.0	0.11917067307692308		_
com.google.javascript.rhino.jstype.TemplateTypeMap#JSType#getTemplateType#?,TemplateType#150	0.23834134615384617	0.0	0.11917067307692308		_
com.google.javascript.rhino.jstype.UnionTypeBuilder#JSType#reduceAlternatesWithoutUnion#?#298	0.2381009615384615	0.0	0.11905048076923075		_
com.google.javascript.rhino.jstype.UnionTypeBuilder#UnionTypeBuilder#addAlternate#?,JSType#265	0.23762019230769227	0.0	0.11881009615384613		_
com.google.javascript.rhino.jstype.UnionTypeBuilder#UnionTypeBuilder#addAlternate#?,JSType#166	0.23725961538461537	0.0	0.11862980769230769		_
com.google.javascript.rhino.jstype.UnionTypeBuilder#UnionTypeBuilder#addAlternate#?,JSType#167	0.23725961538461537	0.0	0.11862980769230769		_
com.google.javascript.rhino.Node#void#setJSType#?,JSType#1842	0.23689903846153848	0.0	0.11844951923076924		_
com.google.javascript.jscomp.parsing.TypeSafeDispatcher#T#process#?,AstNode#205	0.23677884615384615	0.0	0.11838942307692307		_
com.google.javascript.jscomp.parsing.IRFactory$TransformDispatcher#Node#processExpressionStatement#?,ExpressionStatement#718	0.23677884615384615	0.0	0.11838942307692307		_
com.google.javascript.jscomp.parsing.IRFactory$TransformDispatcher#Node#processExpressionStatement#?,ExpressionStatement#719	0.23677884615384615	0.0	0.11838942307692307		_
com.google.javascript.jscomp.parsing.IRFactory$TransformDispatcher#Node#processExpressionStatement#?,ExpressionStatement#720	0.23677884615384615	0.0	0.11838942307692307		_
com.google.javascript.rhino.jstype.JSType#boolean#checkEquivalenceHelper#?,JSType,EquivalenceMethod#641	0.23629807692307692	0.0	0.11814903846153846		_
com.google.javascript.rhino.Node#void#removeProp#?,int#785	0.07668269230769231	0.1596153846153846	0.11814903846153846	result != propListHead	_
com.google.javascript.rhino.jstype.UnionTypeBuilder#?#UnionTypeBuilder#?,JSTypeRegistry#100	0.23629807692307692	0.0	0.11814903846153846		_
com.google.javascript.rhino.jstype.UnionTypeBuilder#JSType#build#?#318	0.23617788461538458	0.0	0.11808894230769229		_
com.google.javascript.rhino.jstype.UnionTypeBuilder#JSType#build#?#323	0.23617788461538458	0.0	0.11808894230769229		_
com.google.javascript.rhino.jstype.JSType#boolean#isNominalType#?#488	0.23593750000000002	0.0	0.11796875000000001		_
com.google.javascript.rhino.jstype.JSType#boolean#isUnknownType#?#257	0.23569711538461535	0.0	0.11784855769230768		_
com.google.javascript.rhino.jstype.JSType#boolean#isSubtypeHelper#?,JSType,JSType#1299	0.2354567307692308	0.0	0.1177283653846154		_
com.google.javascript.rhino.jstype.JSType#boolean#isSubtypeHelper#?,JSType,JSType#1268	0.23521634615384612	0.0	0.11760817307692306		_
com.google.javascript.rhino.jstype.JSType#boolean#isSubtypeHelper#?,JSType,JSType#1267	0.23521634615384612	0.0	0.11760817307692306		_
com.google.javascript.rhino.jstype.JSType#boolean#isSubtypeHelper#?,JSType,JSType#1266	0.23521634615384612	0.0	0.11760817307692306		_
com.google.javascript.rhino.jstype.JSType#boolean#isExemptFromTemplateTypeInvariance#?,JSType#1308	0.23521634615384612	0.0	0.11760817307692306		_
com.google.javascript.rhino.jstype.JSType#boolean#isExemptFromTemplateTypeInvariance#?,JSType#1307	0.23521634615384612	0.0	0.11760817307692306		_
com.google.javascript.rhino.jstype.JSType#boolean#isTemplatizedType#?#399	0.23497596153846156	0.0	0.11748798076923078		_
com.google.javascript.rhino.jstype.JSType#TemplatizedType#toMaybeTemplatizedType#?#407	0.23497596153846156	0.0	0.11748798076923078		_
com.google.javascript.rhino.jstype.TemplateTypeMap#int#getTemplateTypeIndex#?,TemplateType#169	0.23485576923076923	0.0	0.11742788461538461		_
com.google.javascript.rhino.jstype.UnionTypeBuilder#UnionTypeBuilder#addAlternate#?,JSType#274	0.23413461538461533	0.0	0.11706730769230766		_
com.google.javascript.rhino.jstype.UnionTypeBuilder#UnionTypeBuilder#addAlternate#?,JSType#275	0.23413461538461533	0.0	0.11706730769230766		_
com.google.javascript.rhino.jstype.UnionTypeBuilder#UnionTypeBuilder#addAlternate#?,JSType#163	0.23413461538461533	0.0	0.11706730769230766		_
com.google.javascript.rhino.jstype.UnionTypeBuilder#UnionTypeBuilder#addAlternate#?,JSType#164	0.23413461538461533	0.0	0.11706730769230766		_
com.google.javascript.rhino.jstype.JSType#?#JSType#?,JSTypeRegistry#108	0.23413461538461533	0.0	0.11706730769230766		_
com.google.javascript.rhino.jstype.JSType#TemplateType#toMaybeTemplateType#?#426	0.23389423076923077	0.0	0.11694711538461539		_
com.google.javascript.rhino.jstype.JSType#boolean#isTemplateType#?#418	0.23389423076923077	0.0	0.11694711538461539		_
com.google.javascript.rhino.jstype.UnionTypeBuilder#?#UnionTypeBuilder#?,JSTypeRegistry,int#104	0.2336538461538461	0.0	0.11682692307692305		_
com.google.javascript.rhino.jstype.UnionTypeBuilder#UnionTypeBuilder#addAlternate#?,JSType#280	0.2332932692307692	0.0	0.1166466346153846		_
com.google.javascript.rhino.jstype.UnionTypeBuilder#UnionTypeBuilder#addAlternate#?,JSType#129	0.23305288461538465	0.0	0.11652644230769232		_
com.google.javascript.rhino.jstype.UnionTypeBuilder#UnionTypeBuilder#addAlternate#?,JSType#127	0.23305288461538465	0.0	0.11652644230769232		_
com.google.javascript.rhino.jstype.UnionTypeBuilder#UnionTypeBuilder#addAlternate#?,JSType#130	0.23305288461538465	0.0	0.11652644230769232		_
com.google.javascript.rhino.jstype.TemplateTypeMap#boolean#checkEquivalenceHelper#?,TemplateTypeMap,EquivalenceMethod#242	0.23305288461538465	0.0	0.11652644230769232		_
com.google.javascript.rhino.jstype.JSType#boolean#isNoResolvedType#?#168	0.23245192307692308	0.0	0.11622596153846154		_
com.google.javascript.rhino.jstype.JSType#RecordType#toMaybeRecordType#?#395	0.23149038461538463	0.0	0.11574519230769231		_
com.google.javascript.rhino.jstype.TemplateTypeMap#ImmutableList<TemplateType>#getTemplateKeys#?#104	0.23149038461538463	0.0	0.11574519230769231		_
com.google.javascript.rhino.jstype.TemplateTypeMap#boolean#checkEquivalenceHelper#?,TemplateTypeMap,EquivalenceMethod#202	0.23149038461538463	0.0	0.11574519230769231		_
com.google.javascript.rhino.jstype.TemplateTypeMap#boolean#checkEquivalenceHelper#?,TemplateTypeMap,EquivalenceMethod#201	0.23149038461538463	0.0	0.11574519230769231		_
com.google.javascript.rhino.jstype.TemplateTypeMap#boolean#checkEquivalenceHelper#?,TemplateTypeMap,EquivalenceMethod#198	0.23149038461538463	0.0	0.11574519230769231		_
com.google.javascript.rhino.jstype.TemplateTypeMap#boolean#checkEquivalenceHelper#?,TemplateTypeMap,EquivalenceMethod#199	0.23149038461538463	0.0	0.11574519230769231		_
com.google.javascript.rhino.jstype.JSType#boolean#isRecordType#?#387	0.23124999999999996	0.0	0.11562499999999998		_
com.google.javascript.rhino.jstype.JSType#boolean#checkEquivalenceHelper#?,JSType,EquivalenceMethod#576	0.2302884615384615	0.0	0.11514423076923075		_
com.google.javascript.rhino.jstype.JSType#boolean#checkEquivalenceHelper#?,JSType,EquivalenceMethod#575	0.2302884615384615	0.0	0.11514423076923075		_
com.google.javascript.rhino.jstype.JSType#FunctionType#toMaybeFunctionType#?#350	0.22932692307692304	0.0	0.11466346153846152		_
com.google.javascript.rhino.jstype.JSType#TemplateTypeMap#getTemplateTypeMap#?#456	0.22908653846153848	0.0	0.11454326923076924		_
com.google.javascript.rhino.jstype.JSType#boolean#isAllType#?#253	0.22896634615384615	0.0	0.11448317307692307		_
com.google.javascript.rhino.jstype.JSType#ObjectType#toObjectType#?#776	0.22896634615384615	0.0	0.11448317307692307		_
com.google.javascript.rhino.jstype.JSType#boolean#isNoType#?#164	0.22848557692307692	0.0	0.11424278846153846		_
com.google.javascript.rhino.jstype.JSType#boolean#isFunctionType#?#334	0.2276442307692308	0.0	0.1138221153846154		_
com.google.javascript.rhino.jstype.JSType#UnionType#toMaybeUnionType#?#324	0.22740384615384612	0.0	0.11370192307692306		_
com.google.javascript.rhino.jstype.JSType#boolean#isUnionType#?#265	0.22740384615384612	0.0	0.11370192307692306		_
com.google.javascript.rhino.jstype.JSTypeRegistry#TemplateTypeMap#createTemplateTypeMap#?,ImmutableList<TemplateType>,ImmutableList<JSType>#1489	0.22668269230769234	0.0	0.11334134615384617		_
com.google.javascript.rhino.jstype.JSTypeRegistry#TemplateTypeMap#createTemplateTypeMap#?,ImmutableList<TemplateType>,ImmutableList<JSType>#1491	0.22668269230769234	0.0	0.11334134615384617		_
com.google.javascript.rhino.jstype.JSTypeRegistry#TemplateTypeMap#createTemplateTypeMap#?,ImmutableList<TemplateType>,ImmutableList<JSType>#1494	0.22668269230769234	0.0	0.11334134615384617		_
com.google.javascript.rhino.jstype.JSType#?#JSType#?,JSTypeRegistry,TemplateTypeMap#112	0.22668269230769234	0.0	0.11334134615384617		_
com.google.javascript.rhino.jstype.JSType#?#JSType#?,JSTypeRegistry,TemplateTypeMap#114	0.22668269230769234	0.0	0.11334134615384617		_
com.google.javascript.rhino.Node#Object#getProp#?,int#813	0.08713942307692313	0.13569711538461537	0.11141826923076925	item == null	_
com.google.javascript.rhino.jstype.JSTypeRegistry#JSType#getNativeType#?,JSTypeNative#904	0.21959134615384612	0.0	0.10979567307692306		_
com.google.javascript.rhino.jstype.JSType#boolean#isEquivalentTo#?,JSType#543	0.21875	0.0	0.109375		_
com.google.javascript.jscomp.NodeUtil#InputId#getInputId#?,Node#2933	0.21778846153846154	0.0	0.10889423076923077		_
com.google.javascript.jscomp.Compiler#JSError[]#getErrors#?#1002	0.21670673076923075	0.0	0.10835336538461537		_
com.google.javascript.jscomp.BasicErrorManager#JSError[]#getErrors#?#85	0.2165865384615384	0.0	0.1082932692307692		_
com.google.javascript.jscomp.BasicErrorManager#JSError[]#toArray#?,CheckLevel#110	0.21442307692307694	0.0	0.10721153846153847		_
com.google.javascript.jscomp.BasicErrorManager#JSError[]#toArray#?,CheckLevel#104	0.21442307692307694	0.0	0.10721153846153847		_
com.google.javascript.rhino.Node#int#mergeLineCharNo#?,int,int#1199	0.10661057692307696	0.10697115384615385	0.10679086538461541	(lineno << COLUMN_BITS | (charno & COLUMN_MASK))!= 0	_
com.google.javascript.rhino.Node#int#mergeLineCharNo#?,int,int#1196	0.10649038461538463	0.10661057692307696	0.1065504807692308	!((charno & ~COLUMN_MASK) != 0)	_
com.google.javascript.rhino.Node#int#getType#?#526	0.10204326923076923	0.10204326923076923	0.10204326923076923	(type)!= 0	_
com.google.javascript.rhino.Node#boolean#isBlock#?#2238	0.20360576923076923	0.0	0.10180288461538461		_
com.google.javascript.rhino.Node#boolean#isVar#?#2434	0.20264423076923077	0.0	0.10132211538461539		_
com.google.javascript.rhino.Node$IntPropListItem#?#IntPropListItem#?,int,int,PropListItem#334	0.09903846153846152	0.09903846153846152	0.09903846153846152	this.intValue == intValue	_
com.google.javascript.rhino.Node#void#putIntProp#?,int,int#856	0.09891826923076918	0.09903846153846152	0.09897836538461535	value != 0	_
com.google.javascript.rhino.Node#boolean#getBooleanProp#?,int#820	0.19711538461538458	0.0	0.09855769230769229		_
com.google.javascript.jscomp.CompilerOptions#void#addWarningsGuard#?,WarningsGuard#1221	0.19447115384615388	0.0	0.09723557692307694		_
com.google.javascript.jscomp.CompilerOptions#void#setWarningLevel#?,DiagnosticGroup,CheckLevel#1195	0.19447115384615388	0.0	0.09723557692307694		_
com.google.javascript.jscomp.Compiler#void#initOptions#?,CompilerOptions#297	0.1912259615384615	0.0	0.09561298076923075		_
com.google.javascript.jscomp.Compiler#void#initOptions#?,CompilerOptions#284	0.1912259615384615	0.0	0.09561298076923075		_
com.google.javascript.jscomp.Compiler#void#initOptions#?,CompilerOptions#301	0.1912259615384615	0.0	0.09561298076923075		_
com.google.javascript.jscomp.Compiler#void#initOptions#?,CompilerOptions#300	0.1912259615384615	0.0	0.09561298076923075		_
com.google.javascript.jscomp.Compiler#void#initOptions#?,CompilerOptions#306	0.1912259615384615	0.0	0.09561298076923075		_
com.google.javascript.jscomp.Compiler#void#initOptions#?,CompilerOptions#304	0.1912259615384615	0.0	0.09561298076923075		_
com.google.javascript.jscomp.CompilerOptions#WarningsGuard#getWarningsGuard#?#1199	0.1912259615384615	0.0	0.09561298076923075		_
com.google.javascript.jscomp.DiagnosticGroups#Map<String,DiagnosticGroup>#getRegisteredGroups#?#64	0.1912259615384615	0.0	0.09561298076923075		_
com.google.javascript.jscomp.ComposeWarningsGuard#void#addGuard#?,WarningsGuard#94	0.1912259615384615	0.0	0.09561298076923075		_
com.google.javascript.jscomp.ComposeWarningsGuard#void#addGuard#?,WarningsGuard#88	0.1912259615384615	0.0	0.09561298076923075		_
com.google.javascript.jscomp.ComposeWarningsGuard#void#addGuards#?,Iterable<WarningsGuard>#105	0.1912259615384615	0.0	0.09561298076923075		_
com.google.javascript.jscomp.ComposeWarningsGuard#void#addGuards#?,Iterable<WarningsGuard>#104	0.1912259615384615	0.0	0.09561298076923075		_
com.google.javascript.jscomp.SuppressDocWarningsGuard#?#SuppressDocWarningsGuard#?,Map<String,DiagnosticGroup>#42	0.1912259615384615	0.0	0.09561298076923075		_
com.google.javascript.jscomp.SuppressDocWarningsGuard#?#SuppressDocWarningsGuard#?,Map<String,DiagnosticGroup>#43	0.1912259615384615	0.0	0.09561298076923075		_
com.google.javascript.jscomp.DiagnosticGroupWarningsGuard#?#DiagnosticGroupWarningsGuard#?,DiagnosticGroup,CheckLevel#32	0.19098557692307694	0.0	0.09549278846153847		_
com.google.javascript.jscomp.DiagnosticGroupWarningsGuard#?#DiagnosticGroupWarningsGuard#?,DiagnosticGroup,CheckLevel#31	0.19098557692307694	0.0	0.09549278846153847		_
com.google.javascript.jscomp.ComposeWarningsGuard$GuardComparator#int#compare#?,WarningsGuard,WarningsGuard#62	0.19098557692307694	0.0	0.09549278846153847		_
com.google.javascript.jscomp.Compiler#DiagnosticGroups#getDiagnosticGroups#?#2130	0.19098557692307694	0.0	0.09549278846153847		_
com.google.javascript.jscomp.ComposeWarningsGuard#void#addGuard#?,WarningsGuard#97	0.19098557692307694	0.0	0.09549278846153847		_
com.google.javascript.jscomp.ComposeWarningsGuard#void#addGuard#?,WarningsGuard#96	0.19098557692307694	0.0	0.09549278846153847		_
com.google.javascript.jscomp.ComposeWarningsGuard#void#addGuard#?,WarningsGuard#99	0.19098557692307694	0.0	0.09549278846153847		_
com.google.javascript.jscomp.ComposeWarningsGuard#void#addGuard#?,WarningsGuard#98	0.19098557692307694	0.0	0.09549278846153847		_
com.google.javascript.rhino.Node#boolean#isName#?#2350	0.19062500000000004	0.0	0.09531250000000002		_
com.google.javascript.rhino.Node#int#getIntProp#?,int#828	0.19038461538461537	0.0	0.09519230769230769		_
com.google.javascript.jscomp.ComposeWarningsGuard$GuardComparator#?#GuardComparator#?,Map<WarningsGuard,Integer>#57	0.19026442307692304	0.0	0.09513221153846152		_
com.google.javascript.jscomp.ComposeWarningsGuard#?#ComposeWarningsGuard#?,List<WarningsGuard>#79	0.19026442307692304	0.0	0.09513221153846152		_
com.google.javascript.jscomp.ComposeWarningsGuard#boolean#enables#?,DiagnosticGroup#149	0.17728365384615385	0.0	0.08864182692307693		_
com.google.javascript.jscomp.DiagnosticGroup#boolean#matches#?,DiagnosticType#110	0.17728365384615385	0.0	0.08864182692307693		_
com.google.javascript.jscomp.DiagnosticType#boolean#equals#?,Object#113	0.17704326923076918	0.0	0.08852163461538459		_
com.google.javascript.jscomp.parsing.Config#Map<String,Annotation>#buildAnnotationNames#?,Set<String>#95	0.08725961538461535	0.08725961538461535	0.08725961538461535	!(!Annotation.recognizedAnnotations.containsKey(unrecognizedAnnotation))	_
com.google.javascript.jscomp.CompilerOptions#boolean#enables#?,DiagnosticGroup#1180	0.17379807692307692	0.0	0.08689903846153846		_
com.google.javascript.jscomp.DiagnosticGroup#Iterable<DiagnosticType>#getTypes#?#129	0.17379807692307692	0.0	0.08689903846153846		_
com.google.javascript.rhino.Node#Node#getParent#?#1322	0.17247596153846156	0.0	0.08623798076923078		_
com.google.javascript.rhino.Node#boolean#isFunction#?#2306	0.16754807692307694	0.0	0.08377403846153847		_
com.google.javascript.jscomp.Compiler#CompilerInput#putCompilerInput#?,InputId,CompilerInput#1099	0.1647836538461539	0.0	0.08239182692307695		_
com.google.javascript.jscomp.CompilerInput#Node#getAstRoot#?,AbstractCompiler#121	0.1647836538461539	0.0	0.08239182692307695		_
com.google.javascript.jscomp.CompilerInput#Node#getAstRoot#?,AbstractCompiler#123	0.1647836538461539	0.0	0.08239182692307695		_
com.google.javascript.jscomp.CompilerInput#Node#getAstRoot#?,AbstractCompiler#120	0.1647836538461539	0.0	0.08239182692307695		_
com.google.javascript.jscomp.CompilerInput#Node#getAstRoot#?,AbstractCompiler#117	0.1647836538461539	0.0	0.08239182692307695		_
com.google.javascript.jscomp.Compiler#CompilerInput#putCompilerInput#?,InputId,CompilerInput#1100	0.1647836538461539	0.0	0.08239182692307695		_
com.google.javascript.jscomp.CompilerInput#InputId#getInputId#?#95	0.16454326923076923	0.0	0.08227163461538461		_
com.google.javascript.jscomp.JsAst#InputId#getInputId#?#67	0.16418269230769234	0.0	0.08209134615384617		_
com.google.javascript.jscomp.CompilerInput#?#CompilerInput#?,SourceFile,boolean#89	0.16418269230769234	0.0	0.08209134615384617		_
com.google.javascript.jscomp.CompilerInput#void#setCompiler#?,AbstractCompiler#148	0.16418269230769234	0.0	0.08209134615384617		_
com.google.javascript.jscomp.CompilerInput#?#CompilerInput#?,SourceAst,InputId,boolean#80	0.16418269230769234	0.0	0.08209134615384617		_
com.google.javascript.jscomp.CompilerInput#?#CompilerInput#?,SourceFile#85	0.16418269230769234	0.0	0.08209134615384617		_
com.google.javascript.rhino.Node#int#getChildCount#?#1408	0.16418269230769234	0.0	0.08209134615384617		_
com.google.javascript.jscomp.CompilerInput#?#CompilerInput#?,SourceAst,boolean#66	0.16418269230769234	0.0	0.08209134615384617		_
com.google.javascript.jscomp.SourceFile#void#setIsExtern#?,boolean#186	0.16418269230769234	0.0	0.08209134615384617		_
com.google.javascript.rhino.Node#PropListItem#removeProp#?,PropListItem,int#797	0.07668269230769231	0.08750000000000002	0.08209134615384617	!(item == null)	_
com.google.javascript.jscomp.CompilerInput#?#CompilerInput#?,SourceAst,InputId,boolean#74	0.1640625	0.0	0.08203125		_
com.google.javascript.jscomp.CompilerInput#?#CompilerInput#?,SourceAst,InputId,boolean#75	0.1640625	0.0	0.08203125		_
com.google.javascript.jscomp.JsAst#SourceFile#getSourceFile#?#72	0.16358173076923077	0.0	0.08179086538461539		_
com.google.javascript.jscomp.parsing.IRFactory#int#transformTokenType#?,int#1326	0.1617788461538462	0.0	0.0808894230769231		_
com.google.javascript.jscomp.Compiler#void#prepareAst#?,Node#1972	0.16141826923076918	0.0	0.08070913461538459		_
com.google.javascript.jscomp.Compiler#void#prepareAst#?,Node#1973	0.16141826923076918	0.0	0.08070913461538459		_
com.google.javascript.jscomp.PrepareAst#?#PrepareAst#?,AbstractCompiler,boolean#44	0.16141826923076918	0.0	0.08070913461538459		_
com.google.javascript.jscomp.PrepareAst#?#PrepareAst#?,AbstractCompiler,boolean#45	0.16141826923076918	0.0	0.08070913461538459		_
com.google.javascript.jscomp.PrepareAst#void#process#?,Node,Node#68	0.16141826923076918	0.0	0.08070913461538459		_
com.google.javascript.jscomp.PrepareAst$PrepareAnnotations#void#visit#?,NodeTraversal,Node,Node#133	0.16141826923076918	0.0	0.08070913461538459		_
com.google.javascript.jscomp.PrepareAst$PrepareAnnotations#boolean#shouldTraverse#?,NodeTraversal,Node,Node#128	0.16141826923076918	0.0	0.08070913461538459		_
com.google.javascript.jscomp.JsAst#void#parse#?,AbstractCompiler#104	0.16141826923076918	0.0	0.08070913461538459		_
com.google.javascript.jscomp.PrepareAst#?#PrepareAst#?,AbstractCompiler#40	0.16141826923076918	0.0	0.08070913461538459		_
com.google.javascript.rhino.Node#boolean#isObjectLit#?#2374	0.16141826923076918	0.0	0.08070913461538459		_
com.google.javascript.rhino.Node#PropListItem#removeProp#?,PropListItem,int#804	0.16129807692307696	0.0	0.08064903846153848		_
com.google.javascript.rhino.Node$IntPropListItem#PropListItem#chain#?,PropListItem#354	0.16129807692307696	0.0	0.08064903846153848		_
com.google.javascript.rhino.Node#int#getChildCount#?#1406	0.1606971153846154	0.0	0.0803485576923077		_
com.google.javascript.jscomp.Compiler#boolean#acceptConstKeyword#?#2085	0.1599759615384615	0.0	0.07998798076923075		_
com.google.javascript.jscomp.JsAst#Node#getAstRoot#?,AbstractCompiler#50	0.1599759615384615	0.0	0.07998798076923075		_
com.google.javascript.jscomp.JsAst#Node#getAstRoot#?,AbstractCompiler#51	0.1599759615384615	0.0	0.07998798076923075		_
com.google.javascript.jscomp.JsAst#Node#getAstRoot#?,AbstractCompiler#53	0.1599759615384615	0.0	0.07998798076923075		_
com.google.javascript.jscomp.NodeTraversal#String#getSourceName#?,Node#693	0.1599759615384615	0.0	0.07998798076923075		_
com.google.javascript.jscomp.NodeTraversal#String#getSourceName#?,Node#692	0.1599759615384615	0.0	0.07998798076923075		_
com.google.javascript.jscomp.NodeTraversal#void#traverseBranch#?,Node,Node#519	0.1599759615384615	0.0	0.07998798076923075		_
com.google.javascript.jscomp.NodeTraversal#void#traverseBranch#?,Node,Node#518	0.1599759615384615	0.0	0.07998798076923075		_
com.google.javascript.jscomp.JsAst#void#parse#?,AbstractCompiler#109	0.1599759615384615	0.0	0.07998798076923075		_
com.google.javascript.jscomp.JsAst#void#parse#?,AbstractCompiler#88	0.1599759615384615	0.0	0.07998798076923075		_
com.google.javascript.jscomp.JsAst#void#parse#?,AbstractCompiler#89	0.1599759615384615	0.0	0.07998798076923075		_
com.google.javascript.jscomp.JsAst#void#parse#?,AbstractCompiler#82	0.1599759615384615	0.0	0.07998798076923075		_
com.google.javascript.jscomp.JsAst#void#parse#?,AbstractCompiler#84	0.1599759615384615	0.0	0.07998798076923075		_
com.google.javascript.jscomp.Compiler#Config#getParserConfig#?#2106	0.1599759615384615	0.0	0.07998798076923075		_
com.google.javascript.jscomp.Compiler#Config#getParserConfig#?#2112	0.1599759615384615	0.0	0.07998798076923075		_
com.google.javascript.jscomp.Compiler#ErrorReporter#getDefaultErrorReporter#?#1621	0.1599759615384615	0.0	0.07998798076923075		_
com.google.javascript.jscomp.Compiler#Config#getParserConfig#?#2091	0.1599759615384615	0.0	0.07998798076923075		_
com.google.javascript.jscomp.Compiler#Config#getParserConfig#?#2092	0.1599759615384615	0.0	0.07998798076923075		_
com.google.javascript.rhino.Node#PropListItem#removeProp#?,PropListItem,int#800	0.1596153846153846	0.0	0.0798076923076923		_
com.google.javascript.rhino.Node#void#removeProp#?,int#786	0.1596153846153846	0.0	0.0798076923076923		_
com.google.javascript.jscomp.Compiler#ErrorManager#getErrorManager#?#2315	0.15937500000000004	0.0	0.07968750000000002		_
com.google.javascript.jscomp.JsAst#?#JsAst#?,SourceFile#42	0.1592548076923077	0.0	0.07962740384615385		_
com.google.javascript.jscomp.JsAst#?#JsAst#?,SourceFile#43	0.1592548076923077	0.0	0.07962740384615385		_
com.google.javascript.jscomp.JsAst#?#JsAst#?,SourceFile#44	0.1592548076923077	0.0	0.07962740384615385		_
com.google.javascript.rhino.Node#String#getSourceFileName#?#1102	0.15889423076923082	0.0	0.07944711538461541		_
com.google.javascript.rhino.Node#String#getSourceFileName#?#1103	0.15889423076923082	0.0	0.07944711538461541		_
com.google.javascript.jscomp.SourceFile#String#getCode#?#132	0.15865384615384615	0.0	0.07932692307692307		_
com.google.javascript.jscomp.NodeTraversal#void#traverseBranch#?,Node,Node#534	0.1585336538461538	0.0	0.0792668269230769		_
com.google.javascript.jscomp.NodeTraversal#void#traverseBranch#?,Node,Node#535	0.1585336538461538	0.0	0.0792668269230769		_
com.google.javascript.jscomp.NodeTraversal#void#traverseBranch#?,Node,Node#533	0.1585336538461538	0.0	0.0792668269230769		_
com.google.javascript.jscomp.Compiler#boolean#isIdeMode#?#2064	0.1584134615384616	0.0	0.0792067307692308		_
com.google.javascript.jscomp.CompilerOptions#LanguageMode#getLanguageIn#?#1566	0.1584134615384616	0.0	0.0792067307692308		_
com.google.javascript.jscomp.NodeTraversal#void#traverseBranch#?,Node,Node#540	0.15805288461538458	0.0	0.07902644230769229		_
com.google.javascript.jscomp.NodeTraversal#void#traverseBranch#?,Node,Node#539	0.15805288461538458	0.0	0.07902644230769229		_
com.google.javascript.jscomp.NodeUtil#InputId#getInputId#?,Node#2936	0.15781250000000002	0.0	0.07890625000000001		_
com.google.javascript.jscomp.NodeTraversal#void#traverse#?,AbstractCompiler,Node,Callback#493	0.15781250000000002	0.0	0.07890625000000001		_
com.google.javascript.jscomp.NodeTraversal#void#traverse#?,AbstractCompiler,Node,Callback#494	0.15781250000000002	0.0	0.07890625000000001		_
com.google.javascript.jscomp.NodeTraversal#boolean#hasScope#?#680	0.15781250000000002	0.0	0.07890625000000001		_
com.google.javascript.jscomp.NodeTraversal#void#pushScope#?,Node#595	0.15781250000000002	0.0	0.07890625000000001		_
com.google.javascript.jscomp.NodeTraversal#void#pushScope#?,Node#596	0.15781250000000002	0.0	0.07890625000000001		_
com.google.javascript.jscomp.NodeTraversal#void#pushScope#?,Node#597	0.15781250000000002	0.0	0.07890625000000001		_
com.google.javascript.jscomp.NodeTraversal#void#pushScope#?,Node#598	0.15781250000000002	0.0	0.07890625000000001		_
com.google.javascript.jscomp.NodeTraversal#void#popScope#?#623	0.15781250000000002	0.0	0.07890625000000001		_
com.google.javascript.jscomp.NodeTraversal#void#popScope#?#625	0.15781250000000002	0.0	0.07890625000000001		_
com.google.javascript.jscomp.NodeTraversal#void#traverseBranch#?,Node,Node#522	0.15781250000000002	0.0	0.07890625000000001		_
com.google.javascript.jscomp.NodeTraversal#void#traverseBranch#?,Node,Node#516	0.15781250000000002	0.0	0.07890625000000001		_
com.google.javascript.jscomp.NodeTraversal#void#traverse#?,Node#282	0.15781250000000002	0.0	0.07890625000000001		_
com.google.javascript.jscomp.NodeTraversal#void#traverse#?,Node#283	0.15781250000000002	0.0	0.07890625000000001		_
com.google.javascript.jscomp.NodeTraversal#void#traverse#?,Node#287	0.15781250000000002	0.0	0.07890625000000001		_
com.google.javascript.jscomp.NodeTraversal#void#traverse#?,Node#284	0.15781250000000002	0.0	0.07890625000000001		_
com.google.javascript.jscomp.NodeTraversal#void#traverse#?,Node#285	0.15781250000000002	0.0	0.07890625000000001		_
com.google.javascript.jscomp.NodeTraversal#void#traverse#?,Node#288	0.15781250000000002	0.0	0.07890625000000001		_
com.google.javascript.rhino.Node#InputId#getInputId#?#1122	0.1576923076923077	0.0	0.07884615384615384		_
com.google.javascript.jscomp.NodeTraversal#?#NodeTraversal#?,AbstractCompiler,Callback#231	0.1576923076923077	0.0	0.07884615384615384		_
com.google.javascript.jscomp.NodeTraversal#?#NodeTraversal#?,AbstractCompiler,Callback,ScopeCreator#247	0.1576923076923077	0.0	0.07884615384615384		_
com.google.javascript.jscomp.NodeTraversal#?#NodeTraversal#?,AbstractCompiler,Callback,ScopeCreator#244	0.1576923076923077	0.0	0.07884615384615384		_
com.google.javascript.jscomp.NodeTraversal#?#NodeTraversal#?,AbstractCompiler,Callback,ScopeCreator#246	0.1576923076923077	0.0	0.07884615384615384		_
com.google.javascript.jscomp.NodeTraversal#?#NodeTraversal#?,AbstractCompiler,Callback,ScopeCreator#245	0.1576923076923077	0.0	0.07884615384615384		_
com.google.javascript.jscomp.NodeTraversal#?#NodeTraversal#?,AbstractCompiler,Callback,ScopeCreator#240	0.1576923076923077	0.0	0.07884615384615384		_
com.google.javascript.jscomp.SyntacticScopeCreator#?#SyntacticScopeCreator#?,AbstractCompiler#45	0.15745192307692313	0.0	0.07872596153846156		_
com.google.javascript.jscomp.SyntacticScopeCreator#?#SyntacticScopeCreator#?,AbstractCompiler#46	0.15745192307692313	0.0	0.07872596153846156		_
com.google.javascript.rhino.Node$AbstractPropListItem#int#getType#?#281	0.07860576923076923	0.07860576923076923	0.07860576923076923	(propType)>= 0	_
com.google.javascript.rhino.Node#Node#getLastChild#?#542	0.15685096153846156	0.0	0.07842548076923078		_
com.google.javascript.rhino.Node$AbstractPropListItem#?#AbstractPropListItem#?,int,PropListItem#275	0.07788461538461533	0.07788461538461533	0.07788461538461533	this.propType == propType	_
com.google.javascript.rhino.Node#boolean#isScript#?#2394	0.15564903846153844	0.0	0.07782451923076922		_
com.google.javascript.jscomp.SourceFile#String#getName#?#175	0.15264423076923073	0.0	0.07632211538461536		_
com.google.javascript.jscomp.SourceFile#Builder#builder#?#355	0.15240384615384617	0.0	0.07620192307692308		_
com.google.javascript.jscomp.SourceFile#void#setOriginalPath#?,String#156	0.15240384615384617	0.0	0.07620192307692308		_
com.google.javascript.jscomp.SourceFile#SourceFile#fromCode#?,String,String#323	0.15240384615384617	0.0	0.07620192307692308		_
com.google.javascript.jscomp.SourceFile$Builder#SourceFile#buildFromCode#?,String,String#391	0.15240384615384617	0.0	0.07620192307692308		_
com.google.javascript.jscomp.SourceFile#void#setCode#?,String#148	0.15240384615384617	0.0	0.07620192307692308		_
com.google.javascript.jscomp.SourceFile$Preloaded#?#Preloaded#?,String,String,String#424	0.15240384615384617	0.0	0.07620192307692308		_
com.google.javascript.jscomp.SourceFile$Preloaded#?#Preloaded#?,String,String,String#423	0.15240384615384617	0.0	0.07620192307692308		_
com.google.javascript.jscomp.SourceFile$Preloaded#?#Preloaded#?,String,String,String#422	0.15240384615384617	0.0	0.07620192307692308		_
com.google.javascript.jscomp.SourceFile#?#SourceFile#?,String#85	0.15228365384615383	0.0	0.07614182692307692		_
com.google.javascript.jscomp.parsing.TypeSafeDispatcher#T#process#?,AstNode#246	0.15000000000000002	0.0	0.07500000000000001		_
com.google.javascript.jscomp.parsing.IRFactory$TransformDispatcher#Node#processName#?,Name,boolean#924	0.15000000000000002	0.0	0.07500000000000001		_
com.google.javascript.jscomp.parsing.IRFactory$TransformDispatcher#Node#processName#?,Name#911	0.15000000000000002	0.0	0.07500000000000001		_
com.google.javascript.jscomp.parsing.IRFactory#Node#newStringNode#?,int,String#1529	0.14903846153846156	0.0	0.07451923076923078		_
com.google.javascript.jscomp.parsing.ParserRunner#ParseResult#parse#?,StaticSourceFile,String,Config,ErrorReporter,Logger#142	0.14795673076923077	0.0	0.07397836538461539		_
com.google.javascript.jscomp.parsing.ParserRunner#ParseResult#parse#?,StaticSourceFile,String,Config,ErrorReporter,Logger#144	0.14795673076923077	0.0	0.07397836538461539		_
com.google.javascript.rhino.Node#PropListItem#lookupProperty#?,int#764	0.1477163461538461	0.0	0.07385817307692305		_
com.google.javascript.jscomp.parsing.ParserRunner$ParseResult#?#ParseResult#?,Node,AstRoot#158	0.14531249999999996	0.0	0.07265624999999998		_
com.google.javascript.jscomp.parsing.ParserRunner$ParseResult#?#ParseResult#?,Node,AstRoot#157	0.14531249999999996	0.0	0.07265624999999998		_
com.google.javascript.jscomp.parsing.ParserRunner#ParseResult#parse#?,StaticSourceFile,String,Config,ErrorReporter,Logger#130	0.14531249999999996	0.0	0.07265624999999998		_
com.google.javascript.jscomp.parsing.ParserRunner#ParseResult#parse#?,StaticSourceFile,String,Config,ErrorReporter,Logger#131	0.14531249999999996	0.0	0.07265624999999998		_
com.google.javascript.jscomp.parsing.ParserRunner#ParseResult#parse#?,StaticSourceFile,String,Config,ErrorReporter,Logger#133	0.14531249999999996	0.0	0.07265624999999998		_
com.google.javascript.jscomp.parsing.ParserRunner#ParseResult#parse#?,StaticSourceFile,String,Config,ErrorReporter,Logger#138	0.14531249999999996	0.0	0.07265624999999998		_
com.google.javascript.jscomp.parsing.ParserRunner#ParseResult#parse#?,StaticSourceFile,String,Config,ErrorReporter,Logger#140	0.14531249999999996	0.0	0.07265624999999998		_
com.google.javascript.jscomp.parsing.ParserRunner#ParseResult#parse#?,StaticSourceFile,String,Config,ErrorReporter,Logger#146	0.14531249999999996	0.0	0.07265624999999998		_
com.google.javascript.jscomp.parsing.ParserRunner#ParseResult#parse#?,StaticSourceFile,String,Config,ErrorReporter,Logger#115	0.14531249999999996	0.0	0.07265624999999998		_
com.google.javascript.jscomp.parsing.ParserRunner#ParseResult#parse#?,StaticSourceFile,String,Config,ErrorReporter,Logger#116	0.14531249999999996	0.0	0.07265624999999998		_
com.google.javascript.jscomp.parsing.ParserRunner#ParseResult#parse#?,StaticSourceFile,String,Config,ErrorReporter,Logger#117	0.14531249999999996	0.0	0.07265624999999998		_
com.google.javascript.jscomp.parsing.ParserRunner#ParseResult#parse#?,StaticSourceFile,String,Config,ErrorReporter,Logger#118	0.14531249999999996	0.0	0.07265624999999998		_
com.google.javascript.jscomp.parsing.ParserRunner#ParseResult#parse#?,StaticSourceFile,String,Config,ErrorReporter,Logger#112	0.14531249999999996	0.0	0.07265624999999998		_
com.google.javascript.jscomp.parsing.ParserRunner#ParseResult#parse#?,StaticSourceFile,String,Config,ErrorReporter,Logger#113	0.14531249999999996	0.0	0.07265624999999998		_
com.google.javascript.jscomp.parsing.ParserRunner#ParseResult#parse#?,StaticSourceFile,String,Config,ErrorReporter,Logger#114	0.14531249999999996	0.0	0.07265624999999998		_
com.google.javascript.jscomp.parsing.ParserRunner#ParseResult#parse#?,StaticSourceFile,String,Config,ErrorReporter,Logger#128	0.14531249999999996	0.0	0.07265624999999998		_
com.google.javascript.jscomp.parsing.ParserRunner#ParseResult#parse#?,StaticSourceFile,String,Config,ErrorReporter,Logger#126	0.14531249999999996	0.0	0.07265624999999998		_
com.google.javascript.jscomp.parsing.ParserRunner#ParseResult#parse#?,StaticSourceFile,String,Config,ErrorReporter,Logger#127	0.14531249999999996	0.0	0.07265624999999998		_
com.google.javascript.jscomp.parsing.ParserRunner#ParseResult#parse#?,StaticSourceFile,String,Config,ErrorReporter,Logger#124	0.14531249999999996	0.0	0.07265624999999998		_
com.google.javascript.jscomp.parsing.ParserRunner#ParseResult#parse#?,StaticSourceFile,String,Config,ErrorReporter,Logger#121	0.14531249999999996	0.0	0.07265624999999998		_
com.google.javascript.rhino.Node#void#setIsSyntheticBlock#?,boolean#1942	0.14519230769230773	0.0	0.07259615384615387		_
com.google.javascript.jscomp.parsing.IRFactory$TransformDispatcher#Node#processAstRoot#?,AstRoot#593	0.1427884615384616	0.0	0.0713942307692308		_
com.google.javascript.jscomp.parsing.IRFactory$TransformDispatcher#Node#processAstRoot#?,AstRoot#594	0.1427884615384616	0.0	0.0713942307692308		_
com.google.javascript.jscomp.parsing.ParserRunner#void#initResourceConfig#?#80	0.1427884615384616	0.0	0.0713942307692308		_
com.google.javascript.jscomp.parsing.IRFactory$TransformDispatcher#boolean#isDirective#?,Node#630	0.1427884615384616	0.0	0.0713942307692308		_
com.google.javascript.jscomp.parsing.IRFactory$TransformDispatcher#boolean#isDirective#?,Node#631	0.1427884615384616	0.0	0.0713942307692308		_
com.google.javascript.jscomp.parsing.ParserRunner#Config#createConfig#?,boolean,LanguageMode,boolean,Set<String>#64	0.14266826923076925	0.0	0.07133413461538463		_
com.google.javascript.jscomp.parsing.IRFactory#Node#createTemplateNode#?#183	0.14146634615384612	0.0	0.07073317307692306		_
com.google.javascript.jscomp.parsing.IRFactory#Node#createTemplateNode#?#182	0.14146634615384612	0.0	0.07073317307692306		_
com.google.javascript.jscomp.parsing.IRFactory#Node#createTemplateNode#?#181	0.14146634615384612	0.0	0.07073317307692306		_
com.google.javascript.jscomp.parsing.IRFactory#?#IRFactory#?,String,StaticSourceFile,Config,ErrorReporter#161	0.14146634615384612	0.0	0.07073317307692306		_
com.google.javascript.jscomp.parsing.IRFactory#?#IRFactory#?,String,StaticSourceFile,Config,ErrorReporter#159	0.14146634615384612	0.0	0.07073317307692306		_
com.google.javascript.jscomp.parsing.IRFactory#?#IRFactory#?,String,StaticSourceFile,Config,ErrorReporter#157	0.14146634615384612	0.0	0.07073317307692306		_
com.google.javascript.jscomp.parsing.IRFactory#?#IRFactory#?,String,StaticSourceFile,Config,ErrorReporter#155	0.14146634615384612	0.0	0.07073317307692306		_
com.google.javascript.jscomp.parsing.IRFactory#?#IRFactory#?,String,StaticSourceFile,Config,ErrorReporter#156	0.14146634615384612	0.0	0.07073317307692306		_
com.google.javascript.jscomp.parsing.IRFactory#?#IRFactory#?,String,StaticSourceFile,Config,ErrorReporter#153	0.14146634615384612	0.0	0.07073317307692306		_
com.google.javascript.jscomp.parsing.IRFactory#?#IRFactory#?,String,StaticSourceFile,Config,ErrorReporter#150	0.14146634615384612	0.0	0.07073317307692306		_
com.google.javascript.jscomp.parsing.IRFactory#?#IRFactory#?,String,StaticSourceFile,Config,ErrorReporter#149	0.14146634615384612	0.0	0.07073317307692306		_
com.google.javascript.jscomp.parsing.IRFactory#void#setFileOverviewJsDoc#?,Node#215	0.14146634615384612	0.0	0.07073317307692306		_
com.google.javascript.jscomp.parsing.TypeSafeDispatcher#T#process#?,AstNode#121	0.14146634615384612	0.0	0.07073317307692306		_
com.google.javascript.jscomp.parsing.IRFactory#Node#newNode#?,int#1509	0.14146634615384612	0.0	0.07073317307692306		_
com.google.javascript.jscomp.parsing.IRFactory#Node#transformTree#?,AstRoot,StaticSourceFile,String,Config,ErrorReporter#191	0.14146634615384612	0.0	0.07073317307692306		_
com.google.javascript.jscomp.parsing.IRFactory#Node#transformTree#?,AstRoot,StaticSourceFile,String,Config,ErrorReporter#193	0.14146634615384612	0.0	0.07073317307692306		_
com.google.javascript.jscomp.parsing.IRFactory#Node#justTransform#?,AstNode#526	0.14146634615384612	0.0	0.07073317307692306		_
com.google.javascript.jscomp.parsing.IRFactory$TransformDispatcher#Node#processAstRoot#?,AstRoot#592	0.14146634615384612	0.0	0.07073317307692306		_
com.google.javascript.jscomp.parsing.IRFactory$TransformDispatcher#Node#processAstRoot#?,AstRoot#596	0.14146634615384612	0.0	0.07073317307692306		_
com.google.javascript.jscomp.parsing.IRFactory$TransformDispatcher#Node#processAstRoot#?,AstRoot#597	0.14146634615384612	0.0	0.07073317307692306		_
com.google.javascript.jscomp.parsing.TypeSafeDispatcher#T#process#?,AstNode#258	0.14146634615384612	0.0	0.07073317307692306		_
com.google.javascript.jscomp.parsing.IRFactory#int#position2charno#?,int#516	0.14146634615384612	0.0	0.07073317307692306		_
com.google.javascript.jscomp.parsing.IRFactory#Node#transformTree#?,AstRoot,StaticSourceFile,String,Config,ErrorReporter#206	0.14146634615384612	0.0	0.07073317307692306		_
com.google.javascript.jscomp.parsing.IRFactory#Node#transformTree#?,AstRoot,StaticSourceFile,String,Config,ErrorReporter#208	0.14146634615384612	0.0	0.07073317307692306		_
com.google.javascript.jscomp.parsing.IRFactory#JSDocInfo#handleJsDoc#?,AstNode,Node#280	0.14146634615384612	0.0	0.07073317307692306		_
com.google.javascript.jscomp.parsing.IRFactory#JSDocInfo#handleJsDoc#?,AstNode,Node#292	0.14146634615384612	0.0	0.07073317307692306		_
com.google.javascript.jscomp.parsing.IRFactory#Node#transform#?,AstNode#368	0.14146634615384612	0.0	0.07073317307692306		_
com.google.javascript.jscomp.parsing.IRFactory#Node#transform#?,AstNode#367	0.14146634615384612	0.0	0.07073317307692306		_
com.google.javascript.jscomp.parsing.IRFactory#Node#transform#?,AstNode#373	0.14146634615384612	0.0	0.07073317307692306		_
com.google.javascript.jscomp.parsing.IRFactory#Node#transform#?,AstNode#374	0.14146634615384612	0.0	0.07073317307692306		_
com.google.javascript.jscomp.parsing.IRFactory$TransformDispatcher#void#parseDirectives#?,Node#611	0.14146634615384612	0.0	0.07073317307692306		_
com.google.javascript.jscomp.parsing.IRFactory#void#setSourceInfo#?,Node,AstNode#446	0.14146634615384612	0.0	0.07073317307692306		_
com.google.javascript.jscomp.parsing.IRFactory#void#setSourceInfo#?,Node,AstNode#445	0.14146634615384612	0.0	0.07073317307692306		_
com.google.javascript.jscomp.parsing.IRFactory#void#setSourceInfo#?,Node,AstNode#448	0.14146634615384612	0.0	0.07073317307692306		_
com.google.javascript.jscomp.parsing.IRFactory#void#setSourceInfo#?,Node,AstNode#447	0.14146634615384612	0.0	0.07073317307692306		_
com.google.javascript.jscomp.parsing.IRFactory#void#setSourceInfo#?,Node,AstNode#449	0.14146634615384612	0.0	0.07073317307692306		_
com.google.javascript.rhino.Node#void#setLineno#?,int#1163	0.1413461538461539	0.0	0.07067307692307695		_
com.google.javascript.rhino.Node#FileLevelJsDocBuilder#getJsDocBuilderForNode#?#1846	0.14086538461538467	0.0	0.07043269230769234		_
com.google.javascript.rhino.Node$StringNode#String#getString#?#214	0.1399038461538461	0.0	0.06995192307692305		_
com.google.javascript.jscomp.parsing.ParserRunner#Config#createConfig#?,boolean,LanguageMode,boolean,Set<String>#69	0.13882211538461542	0.0	0.06941105769230771		_
com.google.javascript.jscomp.parsing.ParserRunner#Config#createConfig#?,boolean,LanguageMode,boolean,Set<String>#61	0.13882211538461542	0.0	0.06941105769230771		_
com.google.javascript.jscomp.parsing.ParserRunner#Config#createConfig#?,boolean,LanguageMode,boolean,Set<String>#62	0.13882211538461542	0.0	0.06941105769230771		_
com.google.javascript.rhino.Node#JSDocInfo#getJSDocInfo#?#1880	0.1376201923076923	0.0	0.06881009615384615		_
com.google.javascript.rhino.Node#void#putBooleanProp#?,int,boolean#851	0.13677884615384617	0.0	0.06838942307692308		_
com.google.javascript.rhino.Node#void#addChildToBack#?,Node#615	0.1361778846153846	0.0	0.0680889423076923		_
com.google.javascript.rhino.Node#void#addChildToBack#?,Node#614	0.1361778846153846	0.0	0.0680889423076923		_
com.google.javascript.rhino.Node#Object#getProp#?,int#814	0.13569711538461537	0.0	0.06784855769230769		_
com.google.javascript.rhino.Node#Node#getNext#?#546	0.13004807692307696	0.0	0.06502403846153848		_
com.google.javascript.rhino.Node#Node#newString#?,int,String#514	0.12512019230769234	0.0	0.06256009615384617		_
com.google.javascript.rhino.Node#?#Node#?,int#359	0.061899038461538436	0.061899038461538436	0.061899038461538436	type >= nodeType	_
com.google.javascript.rhino.Node#?#Node#?,int#361	0.061899038461538436	0.061899038461538436	0.061899038461538436	sourcePosition <= nodeType	_
com.google.javascript.rhino.Node$StringNode#?#StringNode#?,int,String#193	0.12211538461538463	0.0	0.06105769230769231		_
com.google.javascript.rhino.Node$StringNode#?#StringNode#?,int,String#197	0.12211538461538463	0.0	0.06105769230769231		_
com.google.javascript.rhino.Node#void#addChildToBack#?,Node#611	0.11562499999999998	0.0	0.05781249999999999		_
com.google.javascript.rhino.Node#void#addChildToBack#?,Node#612	0.11562499999999998	0.0	0.05781249999999999		_
com.google.javascript.rhino.Node#void#addChildToBack#?,Node#606	0.11478365384615385	0.0	0.05739182692307693		_
com.google.javascript.rhino.Node#void#addChildToBack#?,Node#607	0.11478365384615385	0.0	0.05739182692307693		_
com.google.javascript.rhino.Node#void#addChildToBack#?,Node#608	0.11478365384615385	0.0	0.05739182692307693		_
com.google.javascript.rhino.Node#void#addChildToBack#?,Node#609	0.11478365384615385	0.0	0.05739182692307693		_
com.google.javascript.rhino.Node#void#setInputId#?,InputId#1115	0.11069711538461535	0.0	0.055348557692307676		_
com.google.javascript.rhino.InputId#?#InputId#?,String#52	0.10913461538461533	0.0	0.054567307692307665		_
com.google.javascript.rhino.Node#Node#clonePropsFrom#?,Node#777	0.10745192307692308	0.0	0.05372596153846154		_
com.google.javascript.rhino.Node#Node#clonePropsFrom#?,Node#779	0.10745192307692308	0.0	0.05372596153846154		_
com.google.javascript.rhino.Node#Node#clonePropsFrom#?,Node#780	0.10745192307692308	0.0	0.05372596153846154		_
com.google.javascript.rhino.Node#Node#getFirstChild#?#538	0.1052884615384615	0.0	0.05264423076923075		_
com.google.javascript.rhino.Node#StaticSourceFile#getStaticSourceFile#?#1108	0.10444711538461537	0.0	0.05222355769230769		_
com.google.javascript.rhino.Node#Object#getProp#?,int#816	0.10312500000000002	0.0	0.05156250000000001		_
com.google.javascript.rhino.Node$ObjectPropListItem#Object#getObjectValue#?#312	0.10312500000000002	0.0	0.05156250000000001		_
com.google.javascript.rhino.Node$IntPropListItem#?#IntPropListItem#?,int,int,PropListItem#333	0.09903846153846152	0.0	0.04951923076923076		_
com.google.javascript.rhino.Node#void#putIntProp#?,int,int#857	0.09903846153846152	0.0	0.04951923076923076		_
com.google.javascript.rhino.Node#PropListItem#createProp#?,int,int,PropListItem#866	0.09903846153846152	0.0	0.04951923076923076		_
com.google.javascript.rhino.Node#void#putIntProp#?,int,int#855	0.09891826923076918	0.0	0.04945913461538459		_
com.google.javascript.rhino.Node$ObjectPropListItem#?#ObjectPropListItem#?,int,Object,PropListItem#301	0.0900240384615385	0.0	0.04501201923076925		_
com.google.javascript.rhino.Node$ObjectPropListItem#?#ObjectPropListItem#?,int,Object,PropListItem#302	0.0900240384615385	0.0	0.04501201923076925		_
com.google.javascript.rhino.Node#void#putProp#?,int,Object#846	0.0900240384615385	0.0	0.04501201923076925		_
com.google.javascript.rhino.Node#PropListItem#createProp#?,int,Object,PropListItem#862	0.0900240384615385	0.0	0.04501201923076925		_
com.google.javascript.rhino.Node#PropListItem#removeProp#?,PropListItem,int#806	0.08870192307692304	0.0	0.04435096153846152		_
com.google.javascript.rhino.Node#PropListItem#removeProp#?,PropListItem,int#802	0.08870192307692304	0.0	0.04435096153846152		_
com.google.javascript.rhino.Node#void#setStaticSourceFile#?,StaticSourceFile#1093	0.08762019230769236	0.0	0.04381009615384618		_
com.google.javascript.jscomp.parsing.Config#Map<String,Annotation>#buildAnnotationNames#?,Set<String>#97	0.08725961538461535	0.0	0.043629807692307676		_
com.google.javascript.jscomp.parsing.Config#Map<String,Annotation>#buildAnnotationNames#?,Set<String>#94	0.08725961538461535	0.0	0.043629807692307676		_
com.google.javascript.rhino.Node#Object#getProp#?,int#812	0.08713942307692313	0.0	0.043569711538461564		_
com.google.javascript.jscomp.parsing.Config#?#Config#?,Set<String>,Set<String>,boolean,LanguageMode,boolean#79	0.08653846153846156	0.0	0.04326923076923078		_
com.google.javascript.jscomp.parsing.Config#?#Config#?,Set<String>,Set<String>,boolean,LanguageMode,boolean#78	0.08653846153846156	0.0	0.04326923076923078		_
com.google.javascript.jscomp.parsing.Config#?#Config#?,Set<String>,Set<String>,boolean,LanguageMode,boolean#77	0.08653846153846156	0.0	0.04326923076923078		_
com.google.javascript.jscomp.parsing.Config#?#Config#?,Set<String>,Set<String>,boolean,LanguageMode,boolean#82	0.08653846153846156	0.0	0.04326923076923078		_
com.google.javascript.jscomp.parsing.Config#?#Config#?,Set<String>,Set<String>,boolean,LanguageMode,boolean#80	0.08653846153846156	0.0	0.04326923076923078		_
com.google.javascript.jscomp.parsing.Config#?#Config#?,Set<String>,Set<String>,boolean,LanguageMode,boolean#81	0.08653846153846156	0.0	0.04326923076923078		_
com.google.javascript.jscomp.parsing.Config#Map<String,Annotation>#buildAnnotationNames#?,Set<String>#101	0.08653846153846156	0.0	0.04326923076923078		_
com.google.javascript.jscomp.parsing.Config#Map<String,Annotation>#buildAnnotationNames#?,Set<String>#93	0.08653846153846156	0.0	0.04326923076923078		_
com.google.javascript.jscomp.parsing.Config#Map<String,Annotation>#buildAnnotationNames#?,Set<String>#91	0.08653846153846156	0.0	0.04326923076923078		_
com.google.javascript.rhino.Node#void#putProp#?,int,Object#844	0.0852163461538461	0.0	0.04260817307692305		_
com.google.javascript.rhino.Node$AbstractPropListItem#PropListItem#getNext#?#286	0.08281249999999996	0.0	0.04140624999999998		_
com.google.javascript.rhino.Node#PropListItem#lookupProperty#?,int#766	0.07824519230769234	0.0	0.03912259615384617		_
com.google.javascript.rhino.Node#PropListItem#lookupProperty#?,int#762	0.07824519230769234	0.0	0.03912259615384617		_
com.google.javascript.rhino.Node$AbstractPropListItem#?#AbstractPropListItem#?,int,PropListItem#276	0.07788461538461533	0.0	0.038942307692307665		_
com.google.javascript.rhino.Node#PropListItem#removeProp#?,PropListItem,int#798	0.07668269230769231	0.0	0.038341346153846156		_
com.google.javascript.rhino.Node#void#removeProp#?,int#784	0.07668269230769231	0.0	0.038341346153846156		_
com.google.javascript.rhino.Node#?#Node#?,int#360	0.061899038461538436	0.0	0.030949519230769218		_
com.google.javascript.jscomp.Compiler#void#hoistNoCompileFiles#?#1477	-1.201923076923077E-4	0.0	-6.009615384615385E-5		_
com.google.javascript.jscomp.Compiler#void#hoistNoCompileFiles#?#1482	-1.201923076923077E-4	0.0	-6.009615384615385E-5		_
com.google.javascript.jscomp.Compiler#void#hoistNoCompileFiles#?#1483	-1.201923076923077E-4	0.0	-6.009615384615385E-5		_
com.google.javascript.jscomp.Compiler#void#hoistNoCompileFiles#?#1488	-1.201923076923077E-4	0.0	-6.009615384615385E-5		_
com.google.javascript.rhino.Token#String#name#?,int#243	-1.201923076923077E-4	0.0	-6.009615384615385E-5		_
com.google.javascript.jscomp.AstValidator#void#validateChildCount#?,Node,int#785	-1.201923076923077E-4	0.0	-6.009615384615385E-5		_
com.google.javascript.jscomp.Compiler#void#hoistExterns#?,Node#1444	-1.201923076923077E-4	0.0	-6.009615384615385E-5		_
com.google.javascript.jscomp.NameAnalyzer#NameInformation#createNameInformation#?,NodeTraversal,Node#1435	-1.201923076923077E-4	0.0	-6.009615384615385E-5		_
com.google.javascript.rhino.Token#String#name#?,int#271	-1.201923076923077E-4	0.0	-6.009615384615385E-5		_
com.google.javascript.jscomp.NameAnalyzer#NameInformation#createNameInformation#?,NodeTraversal,Node#1491	-1.201923076923077E-4	0.0	-6.009615384615385E-5		_
com.google.javascript.rhino.Token#String#name#?,int#235	-1.201923076923077E-4	0.0	-6.009615384615385E-5		_
com.google.javascript.rhino.Token#String#name#?,int#234	-1.201923076923077E-4	0.0	-6.009615384615385E-5		_
com.google.javascript.rhino.Node#boolean#isEquivalentTo#?,Node,boolean,boolean,boolean#1544	-1.201923076923077E-4	0.0	-6.009615384615385E-5		_
com.google.javascript.rhino.Node#boolean#isEquivalentTo#?,Node,boolean,boolean,boolean#1537	-1.201923076923077E-4	0.0	-6.009615384615385E-5		_
com.google.javascript.jscomp.CodeGenerator#void#add#?,Node,Context#486	-1.201923076923077E-4	0.0	-6.009615384615385E-5		_
com.google.javascript.jscomp.CodeGenerator#void#add#?,Node,Context#482	-1.201923076923077E-4	0.0	-6.009615384615385E-5		_
com.google.javascript.rhino.Node#boolean#isEquivalentTo#?,Node,boolean,boolean,boolean#1530	-1.201923076923077E-4	0.0	-6.009615384615385E-5		_
com.google.javascript.jscomp.GoogleCodingConvention#boolean#isConstant#?,String#82	-1.201923076923077E-4	0.0	-6.009615384615385E-5		_
com.google.javascript.jscomp.NodeUtil#String#opToStr#?,int#2217	-1.201923076923077E-4	0.0	-6.009615384615385E-5		_
com.google.javascript.jscomp.NodeUtil#String#opToStr#?,int#2216	-1.201923076923077E-4	0.0	-6.009615384615385E-5		_
com.google.javascript.jscomp.NodeUtil#String#opToStr#?,int#2209	-1.201923076923077E-4	0.0	-6.009615384615385E-5		_
com.google.javascript.jscomp.NodeUtil#String#opToStr#?,int#2208	-1.201923076923077E-4	0.0	-6.009615384615385E-5		_
com.google.javascript.jscomp.Compiler#Node#parseInputs#?#1366	-1.201923076923077E-4	0.0	-6.009615384615385E-5		_
com.google.javascript.rhino.jstype.InstanceObjectType#int#hashCode#?#165	-1.201923076923077E-4	0.0	-6.009615384615385E-5		_
com.google.javascript.jscomp.SyntacticScopeCreator#void#scanVars#?,Node#126	-1.201923076923077E-4	0.0	-6.009615384615385E-5		_
com.google.javascript.jscomp.parsing.IRFactory$TransformDispatcher#Node#processVariableDeclaration#?,VariableDeclaration#1234	-1.201923076923077E-4	0.0	-6.009615384615385E-5		_
com.google.javascript.jscomp.NodeUtil#boolean#evaluatesToLocalValue#?,Node,Predicate<Node>#3016	-1.201923076923077E-4	0.0	-6.009615384615385E-5		_
com.google.javascript.jscomp.CodeGenerator#void#add#?,Node,Context#658	-1.201923076923077E-4	0.0	-6.009615384615385E-5		_
com.google.javascript.jscomp.Normalize$FindExposeAnnotations#void#visit#?,NodeTraversal,Node,Node#179	-1.201923076923077E-4	0.0	-6.009615384615385E-5		_
com.google.javascript.rhino.jstype.InstanceObjectType#boolean#defineProperty#?,String,JSType,boolean,Node#90	-1.201923076923077E-4	0.0	-6.009615384615385E-5		_
com.google.javascript.jscomp.parsing.IRFactory#int#transformTokenType#?,int#1433	-1.201923076923077E-4	0.0	-6.009615384615385E-5		_
com.google.javascript.jscomp.CodeGenerator#String#identifierEscape#?,String#1211	-1.201923076923077E-4	0.0	-6.009615384615385E-5		_
com.google.javascript.jscomp.CodeGenerator#String#identifierEscape#?,String#1214	-1.201923076923077E-4	0.0	-6.009615384615385E-5		_
com.google.javascript.jscomp.CodeGenerator#String#identifierEscape#?,String#1204	-1.201923076923077E-4	0.0	-6.009615384615385E-5		_
com.google.javascript.jscomp.CodeGenerator#String#identifierEscape#?,String#1209	-1.201923076923077E-4	0.0	-6.009615384615385E-5		_
com.google.javascript.jscomp.CodeGenerator#String#identifierEscape#?,String#1208	-1.201923076923077E-4	0.0	-6.009615384615385E-5		_
com.google.javascript.jscomp.CodeGenerator#String#identifierEscape#?,String#1202	-1.201923076923077E-4	0.0	-6.009615384615385E-5		_
com.google.javascript.jscomp.CodeGenerator#String#identifierEscape#?,String#1203	-1.201923076923077E-4	0.0	-6.009615384615385E-5		_
com.google.javascript.jscomp.CodePrinter$CompactCodePrinter#void#endFile#?#528	-1.201923076923077E-4	0.0	-6.009615384615385E-5		_
com.google.javascript.jscomp.CodePrinter$CompactCodePrinter#void#endFile#?#529	-1.201923076923077E-4	0.0	-6.009615384615385E-5		_
com.google.javascript.jscomp.CodePrinter$CompactCodePrinter#void#endFile#?#526	-1.201923076923077E-4	0.0	-6.009615384615385E-5		_
com.google.javascript.jscomp.CodePrinter$CompactCodePrinter#void#endFile#?#539	-1.201923076923077E-4	0.0	-6.009615384615385E-5		_
com.google.javascript.jscomp.CodePrinter$CompactCodePrinter#void#endFile#?#535	-1.201923076923077E-4	0.0	-6.009615384615385E-5		_
com.google.javascript.jscomp.CodePrinter$CompactCodePrinter#void#endFile#?#536	-1.201923076923077E-4	0.0	-6.009615384615385E-5		_
com.google.javascript.jscomp.CodePrinter$CompactCodePrinter#void#endFile#?#537	-1.201923076923077E-4	0.0	-6.009615384615385E-5		_
com.google.javascript.jscomp.CodePrinter$CompactCodePrinter#void#endFile#?#538	-1.201923076923077E-4	0.0	-6.009615384615385E-5		_
com.google.javascript.jscomp.CodePrinter$CompactCodePrinter#void#endFile#?#534	-1.201923076923077E-4	0.0	-6.009615384615385E-5		_
com.google.javascript.jscomp.CodePrinter$CompactCodePrinter#void#endFile#?#530	-1.201923076923077E-4	0.0	-6.009615384615385E-5		_
com.google.javascript.jscomp.CodePrinter$CompactCodePrinter#void#endFile#?#541	-1.201923076923077E-4	0.0	-6.009615384615385E-5		_
com.google.javascript.jscomp.CodePrinter$CompactCodePrinter#void#endFile#?#540	-1.201923076923077E-4	0.0	-6.009615384615385E-5		_
com.google.javascript.jscomp.CodePrinter$CompactCodePrinter#void#endFile#?#542	-1.201923076923077E-4	0.0	-6.009615384615385E-5		_
com.google.javascript.jscomp.ComposeWarningsGuard#void#addGuard#?,WarningsGuard#90	-1.201923076923077E-4	0.0	-6.009615384615385E-5		_
com.google.javascript.jscomp.graph.Graph#T#getNodeOrFail#?,N#222	-1.201923076923077E-4	0.0	-6.009615384615385E-5		_
com.google.javascript.jscomp.NodeUtil#boolean#evaluatesToLocalValue#?,Node,Predicate<Node>#2990	-1.201923076923077E-4	0.0	-6.009615384615385E-5		_
com.google.javascript.jscomp.NodeUtil#boolean#evaluatesToLocalValue#?,Node,Predicate<Node>#2988	-1.201923076923077E-4	0.0	-6.009615384615385E-5		_
com.google.javascript.jscomp.NodeUtil#boolean#evaluatesToLocalValue#?,Node,Predicate<Node>#2987	-1.201923076923077E-4	0.0	-6.009615384615385E-5		_
com.google.javascript.jscomp.CodeConsumer#void#add#?,String#199	-1.201923076923077E-4	0.0	-6.009615384615385E-5		_
com.google.javascript.jscomp.CodePrinter$CompactCodePrinter#void#maybeLineBreak#?#474	-1.201923076923077E-4	0.0	-6.009615384615385E-5		_
com.google.javascript.jscomp.CodePrinter$CompactCodePrinter#void#maybeLineBreak#?#475	-1.201923076923077E-4	0.0	-6.009615384615385E-5		_
com.google.javascript.rhino.Node#void#toString#?,StringBuilder,boolean,boolean,boolean#961	-1.201923076923077E-4	0.0	-6.009615384615385E-5		_
com.google.javascript.jscomp.Compiler#Node#parseInputs#?#1389	-1.201923076923077E-4	0.0	-6.009615384615385E-5		_
com.google.javascript.jscomp.NodeUtil#boolean#functionCallHasSideEffects#?,Node,AbstractCompiler#1055	-1.201923076923077E-4	0.0	-6.009615384615385E-5		_
com.google.javascript.jscomp.NodeUtil#boolean#functionCallHasSideEffects#?,Node,AbstractCompiler#1052	-1.201923076923077E-4	0.0	-6.009615384615385E-5		_
com.google.javascript.jscomp.NodeUtil#boolean#functionCallHasSideEffects#?,Node,AbstractCompiler#1053	-1.201923076923077E-4	0.0	-6.009615384615385E-5		_
com.google.javascript.jscomp.NodeUtil#boolean#functionCallHasSideEffects#?,Node,AbstractCompiler#1028	-1.201923076923077E-4	0.0	-6.009615384615385E-5		_
com.google.javascript.rhino.Token#String#name#?,int#196	-1.201923076923077E-4	0.0	-6.009615384615385E-5		_
com.google.javascript.rhino.Node#String#propToString#?,int#140	-1.201923076923077E-4	0.0	-6.009615384615385E-5		_
com.google.javascript.jscomp.CodeGenerator#?#CodeGenerator#?,CodeConsumer,CompilerOptions#81	-1.201923076923077E-4	0.0	-6.009615384615385E-5		_
com.google.javascript.rhino.Node#int#mergeLineCharNo#?,int,int#1197	-1.201923076923077E-4	0.0	-6.009615384615385E-5		_
com.google.javascript.jscomp.PrepareAst$PrepareAnnotations#void#annotateCalls#?,Node#166	-1.201923076923077E-4	0.0	-6.009615384615385E-5		_
com.google.javascript.jscomp.PrepareAst$PrepareAnnotations#void#annotateCalls#?,Node#165	-1.201923076923077E-4	0.0	-6.009615384615385E-5		_
com.google.javascript.jscomp.Normalize$NormalizeStatements#void#reportCodeChange#?,String#371	-1.201923076923077E-4	0.0	-6.009615384615385E-5		_
com.google.javascript.jscomp.parsing.IRFactory$TransformDispatcher#Node#processAssignment#?,Assignment#582	-2.403846153846154E-4	0.0	-1.201923076923077E-4		_
com.google.javascript.jscomp.NameAnalyzer#NameInformation#createNameInformation#?,NodeTraversal,Node#1433	-2.403846153846154E-4	0.0	-1.201923076923077E-4		_
com.google.javascript.rhino.Token#String#name#?,int#203	-2.403846153846154E-4	0.0	-1.201923076923077E-4		_
com.google.javascript.rhino.Token#String#name#?,int#201	-2.403846153846154E-4	0.0	-1.201923076923077E-4		_
com.google.javascript.rhino.Token#String#name#?,int#225	-2.403846153846154E-4	0.0	-1.201923076923077E-4		_
com.google.javascript.rhino.Node#boolean#isEquivalentTo#?,Node,boolean,boolean,boolean#1548	-2.403846153846154E-4	0.0	-1.201923076923077E-4		_
com.google.javascript.jscomp.CodeGenerator#void#add#?,Node,Context#492	-2.403846153846154E-4	0.0	-1.201923076923077E-4		_
com.google.javascript.jscomp.CodeGenerator#void#add#?,Node,Context#493	-2.403846153846154E-4	0.0	-1.201923076923077E-4		_
com.google.javascript.jscomp.CodeGenerator#void#add#?,Node,Context#491	-2.403846153846154E-4	0.0	-1.201923076923077E-4		_
com.google.javascript.jscomp.parsing.IRFactory$TransformDispatcher#Node#processVariableInitializer#?,VariableInitializer#1251	-2.403846153846154E-4	0.0	-1.201923076923077E-4		_
com.google.javascript.rhino.IR#boolean#mayBeStatementNoReturn#?,Node#509	-2.403846153846154E-4	0.0	-1.201923076923077E-4		_
com.google.javascript.jscomp.PrepareAst$PrepareAnnotations#void#annotateDispatchers#?,Node,Node#189	-2.403846153846154E-4	0.0	-1.201923076923077E-4		_
com.google.javascript.jscomp.PrepareAst$PrepareAnnotations#void#annotateDispatchers#?,Node,Node#188	-2.403846153846154E-4	0.0	-1.201923076923077E-4		_
com.google.javascript.jscomp.PrepareAst$PrepareAnnotations#void#annotateDispatchers#?,Node,Node#190	-2.403846153846154E-4	0.0	-1.201923076923077E-4		_
com.google.javascript.jscomp.Normalize$FindExposeAnnotations#void#visit#?,NodeTraversal,Node,Node#176	-2.403846153846154E-4	0.0	-1.201923076923077E-4		_
com.google.javascript.jscomp.parsing.IRFactory#int#transformTokenType#?,int#1441	-2.403846153846154E-4	0.0	-1.201923076923077E-4		_
com.google.javascript.jscomp.parsing.IRFactory#int#transformTokenType#?,int#1431	-2.403846153846154E-4	0.0	-1.201923076923077E-4		_
com.google.javascript.jscomp.parsing.IRFactory#int#transformTokenType#?,int#1429	-2.403846153846154E-4	0.0	-1.201923076923077E-4		_
com.google.javascript.jscomp.parsing.IRFactory$TransformDispatcher#Node#processFunctionNode#?,FunctionNode#773	-2.403846153846154E-4	0.0	-1.201923076923077E-4		_
com.google.javascript.jscomp.parsing.IRFactory$TransformDispatcher#Node#processFunctionNode#?,FunctionNode#779	-2.403846153846154E-4	0.0	-1.201923076923077E-4		_
com.google.javascript.jscomp.NodeUtil#void#verifyScopeChanges#?,Map<Node,Node>,Node,boolean,AbstractCompiler#3361	-2.403846153846154E-4	0.0	-1.201923076923077E-4		_
com.google.javascript.rhino.jstype.UnionTypeBuilder#UnionTypeBuilder#addAlternate#?,JSType#212	-2.403846153846154E-4	0.0	-1.201923076923077E-4		_
com.google.javascript.rhino.jstype.UnionTypeBuilder#UnionTypeBuilder#addAlternate#?,JSType#261	-2.403846153846154E-4	0.0	-1.201923076923077E-4		_
com.google.javascript.rhino.jstype.UnionTypeBuilder#UnionTypeBuilder#addAlternate#?,JSType#262	-2.403846153846154E-4	0.0	-1.201923076923077E-4		_
com.google.javascript.rhino.jstype.UnionTypeBuilder#UnionTypeBuilder#addAlternate#?,JSType#232	-2.403846153846154E-4	0.0	-1.201923076923077E-4		_
com.google.javascript.jscomp.parsing.IRFactory$TransformDispatcher#boolean#validAssignmentTarget#?,Node#1227	-2.403846153846154E-4	0.0	-1.201923076923077E-4		_
com.google.javascript.jscomp.NameAnalyzer#void#replaceTopLevelExpressionWithRhs#?,Node,Node#1754	-2.403846153846154E-4	0.0	-1.201923076923077E-4		_
com.google.javascript.jscomp.NameAnalyzer#void#replaceTopLevelExpressionWithRhs#?,Node,Node#1757	-2.403846153846154E-4	0.0	-1.201923076923077E-4		_
com.google.javascript.rhino.jstype.FunctionParamBuilder#boolean#addOptionalParams#?,JSType#81	-2.403846153846154E-4	0.0	-1.201923076923077E-4		_
com.google.javascript.jscomp.NameAnalyzer#void#replaceTopLevelExpressionWithRhs#?,Node,Node#1773	-2.403846153846154E-4	0.0	-1.201923076923077E-4		_
com.google.javascript.jscomp.NameAnalyzer#void#replaceTopLevelExpressionWithRhs#?,Node,Node#1772	-2.403846153846154E-4	0.0	-1.201923076923077E-4		_
com.google.javascript.jscomp.NodeUtil#boolean#evaluatesToLocalValue#?,Node,Predicate<Node>#2977	-2.403846153846154E-4	0.0	-1.201923076923077E-4		_
com.google.javascript.jscomp.CodePrinter$CompactCodePrinter#void#maybeLineBreak#?#473	-2.403846153846154E-4	0.0	-1.201923076923077E-4		_
com.google.javascript.jscomp.AstValidator#void#validateExpression#?,Node#273	-2.403846153846154E-4	0.0	-1.201923076923077E-4		_
com.google.javascript.jscomp.parsing.IRFactory$TransformDispatcher#Node#processName#?,Name,boolean#919	-2.403846153846154E-4	0.0	-1.201923076923077E-4		_
com.google.javascript.jscomp.NodeTraversal#void#traverse#?,Node#290	-2.403846153846154E-4	0.0	-1.201923076923077E-4		_
com.google.javascript.rhino.Node#String#propToString#?,int#132	-2.403846153846154E-4	0.0	-1.201923076923077E-4		_
com.google.javascript.jscomp.NameAnalyzer$FindReferences#boolean#shouldTraverse#?,NodeTraversal,Node,Node#846	-2.403846153846154E-4	0.0	-1.201923076923077E-4		_
com.google.javascript.jscomp.NodeUtil#boolean#functionCallHasSideEffects#?,Node,AbstractCompiler#1022	-2.403846153846154E-4	0.0	-1.201923076923077E-4		_
com.google.javascript.rhino.Token#String#name#?,int#194	-2.403846153846154E-4	0.0	-1.201923076923077E-4		_
com.google.javascript.jscomp.Compiler#void#hoistExterns#?,Node#1452	-3.605769230769231E-4	0.0	-1.8028846153846155E-4		_
com.google.javascript.jscomp.Compiler#void#hoistExterns#?,Node#1455	-3.605769230769231E-4	0.0	-1.8028846153846155E-4		_
com.google.javascript.jscomp.Compiler#void#hoistExterns#?,Node#1453	-3.605769230769231E-4	0.0	-1.8028846153846155E-4		_
com.google.javascript.jscomp.NameAnalyzer#NameInformation#createNameInformation#?,NodeTraversal,Node#1431	-3.605769230769231E-4	0.0	-1.8028846153846155E-4		_
com.google.javascript.jscomp.Compiler#void#hoistExterns#?,Node#1457	-3.605769230769231E-4	0.0	-1.8028846153846155E-4		_
com.google.javascript.jscomp.Compiler#void#hoistExterns#?,Node#1458	-3.605769230769231E-4	0.0	-1.8028846153846155E-4		_
com.google.javascript.jscomp.Compiler#void#hoistExterns#?,Node#1463	-3.605769230769231E-4	0.0	-1.8028846153846155E-4		_
com.google.javascript.rhino.Node#boolean#isEquivalentTo#?,Node,boolean,boolean,boolean#1523	-3.605769230769231E-4	0.0	-1.8028846153846155E-4		_
com.google.javascript.jscomp.Compiler#Node#parseInputs#?#1363	-3.605769230769231E-4	0.0	-1.8028846153846155E-4		_
com.google.javascript.rhino.jstype.PrototypeObjectType#boolean#isSubtype#?,JSType#360	-3.605769230769231E-4	0.0	-1.8028846153846155E-4		_
com.google.javascript.rhino.jstype.FunctionType#ObjectType#getPrototype#?#374	-3.605769230769231E-4	0.0	-1.8028846153846155E-4		_
com.google.javascript.jscomp.Normalize#void#process#?,Node,Node#152	-3.605769230769231E-4	0.0	-1.8028846153846155E-4		_
com.google.javascript.jscomp.Normalize$FindExposeAnnotations#void#visit#?,NodeTraversal,Node,Node#173	-3.605769230769231E-4	0.0	-1.8028846153846155E-4		_
com.google.javascript.jscomp.parsing.IRFactory#int#transformTokenType#?,int#1443	-3.605769230769231E-4	0.0	-1.8028846153846155E-4		_
com.google.javascript.rhino.jstype.UnionTypeBuilder#UnionTypeBuilder#addAlternate#?,JSType#238	-3.605769230769231E-4	0.0	-1.8028846153846155E-4		_
com.google.javascript.rhino.jstype.UnionTypeBuilder#UnionTypeBuilder#addAlternate#?,JSType#240	-3.605769230769231E-4	0.0	-1.8028846153846155E-4		_
com.google.javascript.rhino.jstype.JSType#boolean#checkEquivalenceHelper#?,JSType,EquivalenceMethod#621	-3.605769230769231E-4	0.0	-1.8028846153846155E-4		_
com.google.javascript.jscomp.parsing.TypeSafeDispatcher#T#process#?,AstNode#284	-3.605769230769231E-4	0.0	-1.8028846153846155E-4		_
com.google.javascript.rhino.jstype.UnionTypeBuilder#UnionTypeBuilder#addAlternate#?,JSType#180	-3.605769230769231E-4	0.0	-1.8028846153846155E-4		_
com.google.javascript.jscomp.NodeUtil#boolean#isLatin#?,String#2487	-3.605769230769231E-4	0.0	-1.8028846153846155E-4		_
com.google.javascript.jscomp.NodeUtil#String#opToStr#?,int#2195	-3.605769230769231E-4	0.0	-1.8028846153846155E-4		_
com.google.javascript.jscomp.AstValidator#void#validateStatement#?,Node#150	-3.605769230769231E-4	0.0	-1.8028846153846155E-4		_
com.google.javascript.jscomp.parsing.IRFactory$TransformDispatcher#Node#processPropertyGet#?,PropertyGet#1035	-3.605769230769231E-4	0.0	-1.8028846153846155E-4		_
com.google.javascript.jscomp.NodeUtil#boolean#functionCallHasSideEffects#?,Node,AbstractCompiler#1048	-3.605769230769231E-4	0.0	-1.8028846153846155E-4		_
com.google.javascript.rhino.Token#String#name#?,int#195	-3.605769230769231E-4	0.0	-1.8028846153846155E-4		_
com.google.javascript.rhino.Token#String#name#?,int#240	-4.807692307692308E-4	0.0	-2.403846153846154E-4		_
com.google.javascript.rhino.Token#String#name#?,int#241	-4.807692307692308E-4	0.0	-2.403846153846154E-4		_
com.google.javascript.rhino.Token#String#name#?,int#260	-4.807692307692308E-4	0.0	-2.403846153846154E-4		_
com.google.javascript.jscomp.AstValidator#void#validateHasInputId#?,Node#309	-4.807692307692308E-4	0.0	-2.403846153846154E-4		_
com.google.javascript.jscomp.NodeTraversal#void#traverseRoots#?,List<Node>#319	-4.807692307692308E-4	0.0	-2.403846153846154E-4		_
com.google.javascript.jscomp.NameAnalyzer#boolean#valueConsumedByParent#?,Node,Node#1816	-4.807692307692308E-4	0.0	-2.403846153846154E-4		_
com.google.javascript.jscomp.NameAnalyzer#boolean#valueConsumedByParent#?,Node,Node#1811	-4.807692307692308E-4	0.0	-2.403846153846154E-4		_
com.google.javascript.jscomp.parsing.IRFactory#void#setFileOverviewJsDoc#?,Node#218	-4.807692307692308E-4	0.0	-2.403846153846154E-4		_
com.google.javascript.jscomp.parsing.IRFactory#void#setFileOverviewJsDoc#?,Node#217	-4.807692307692308E-4	0.0	-2.403846153846154E-4		_
com.google.javascript.jscomp.NameAnalyzer$FindDependencyScopes#void#recordConsumers#?,NodeTraversal,Node,Node#554	-4.807692307692308E-4	0.0	-2.403846153846154E-4		_
com.google.javascript.jscomp.NameAnalyzer$FindDependencyScopes#void#recordConsumers#?,NodeTraversal,Node,Node#552	-4.807692307692308E-4	0.0	-2.403846153846154E-4		_
com.google.javascript.jscomp.NameAnalyzer$FindDependencyScopes#void#recordConsumers#?,NodeTraversal,Node,Node#551	-4.807692307692308E-4	0.0	-2.403846153846154E-4		_
com.google.javascript.jscomp.parsing.IRFactory$TransformDispatcher#Node#processFunctionNode#?,FunctionNode#830	-4.807692307692308E-4	0.0	-2.403846153846154E-4		_
com.google.javascript.jscomp.Compiler#ErrorManager#getErrorManager#?#2313	-4.807692307692308E-4	0.0	-2.403846153846154E-4		_
com.google.javascript.jscomp.NodeUtil#int#precedenceWithDefault#?,int#1218	-4.807692307692308E-4	0.0	-2.403846153846154E-4		_
com.google.javascript.jscomp.NodeUtil#int#precedenceWithDefault#?,int#1219	-4.807692307692308E-4	0.0	-2.403846153846154E-4		_
com.google.javascript.jscomp.AstValidator#void#validateHasSourceName#?,Node#302	-4.807692307692308E-4	0.0	-2.403846153846154E-4		_
com.google.javascript.jscomp.parsing.IRFactory#int#transformTokenType#?,int#1425	-4.807692307692308E-4	0.0	-2.403846153846154E-4		_
com.google.javascript.jscomp.NodeUtil#int#precedenceWithDefault#?,int#1232	-4.807692307692308E-4	0.0	-2.403846153846154E-4		_
com.google.javascript.jscomp.AstValidator#void#validateNodeType#?,int,Node#769	-4.807692307692308E-4	0.0	-2.403846153846154E-4		_
com.google.javascript.jscomp.NameAnalyzer$FindReferences#void#maybeRecordReferenceOrAlias#?,NodeTraversal,Node,Node,NameInformation,NameInformation#973	-4.807692307692308E-4	0.0	-2.403846153846154E-4		_
com.google.javascript.jscomp.NameAnalyzer$FindReferences#void#maybeRecordReferenceOrAlias#?,NodeTraversal,Node,Node,NameInformation,NameInformation#972	-4.807692307692308E-4	0.0	-2.403846153846154E-4		_
com.google.javascript.jscomp.NodeUtil#String#opToStr#?,int#2182	-4.807692307692308E-4	0.0	-2.403846153846154E-4		_
com.google.javascript.jscomp.NodeUtil#String#opToStr#?,int#2184	-4.807692307692308E-4	0.0	-2.403846153846154E-4		_
com.google.javascript.jscomp.NameAnalyzer$FindDependencyScopes#void#recordAssignment#?,NodeTraversal,Node,Node#574	-4.807692307692308E-4	0.0	-2.403846153846154E-4		_
com.google.javascript.rhino.Token#String#name#?,int#186	-4.807692307692308E-4	0.0	-2.403846153846154E-4		_
com.google.javascript.rhino.Token#String#name#?,int#187	-4.807692307692308E-4	0.0	-2.403846153846154E-4		_
com.google.javascript.jscomp.CodeGenerator#void#add#?,Node,Context#364	-4.807692307692308E-4	0.0	-2.403846153846154E-4		_
com.google.javascript.jscomp.Compiler#void#reconcileOptionsWithGuards#?#337	-6.009615384615385E-4	0.0	-3.0048076923076925E-4		_
com.google.javascript.jscomp.MakeDeclaredNamesUnique#void#visit#?,NodeTraversal,Node,Node#167	-6.009615384615385E-4	0.0	-3.0048076923076925E-4		_
com.google.javascript.jscomp.NameAnalyzer#NameInformation#createNameInformation#?,NodeTraversal,Node#1458	-6.009615384615385E-4	0.0	-3.0048076923076925E-4		_
com.google.javascript.jscomp.NameAnalyzer#NameInformation#createNameInformation#?,NodeTraversal,Node#1459	-6.009615384615385E-4	0.0	-3.0048076923076925E-4		_
com.google.javascript.jscomp.NameAnalyzer#NameInformation#createNameInformation#?,NodeTraversal,Node#1460	-6.009615384615385E-4	0.0	-3.0048076923076925E-4		_
com.google.javascript.jscomp.NameAnalyzer#NameInformation#createNameInformation#?,NodeTraversal,Node#1461	-6.009615384615385E-4	0.0	-3.0048076923076925E-4		_
com.google.javascript.jscomp.NameAnalyzer#NameInformation#createNameInformation#?,NodeTraversal,Node#1480	-6.009615384615385E-4	0.0	-3.0048076923076925E-4		_
com.google.javascript.jscomp.NodeUtil#String#opToStr#?,int#2201	-6.009615384615385E-4	0.0	-3.0048076923076925E-4		_
com.google.javascript.jscomp.CodeGenerator#void#add#?,Node,Context#627	-6.009615384615385E-4	0.0	-3.0048076923076925E-4		_
com.google.javascript.jscomp.CodeGenerator#void#add#?,Node,Context#628	-6.009615384615385E-4	0.0	-3.0048076923076925E-4		_
com.google.javascript.jscomp.CodeGenerator#void#add#?,Node,Context#625	-6.009615384615385E-4	0.0	-3.0048076923076925E-4		_
com.google.javascript.jscomp.CodeGenerator#void#add#?,Node,Context#626	-6.009615384615385E-4	0.0	-3.0048076923076925E-4		_
com.google.javascript.jscomp.ClosureCodingConvention#SubclassRelationship#getClassesDefinedByCall#?,Node#124	-6.009615384615385E-4	0.0	-3.0048076923076925E-4		_
com.google.javascript.jscomp.parsing.IRFactory#int#transformTokenType#?,int#1500	-6.009615384615385E-4	0.0	-3.0048076923076925E-4		_
com.google.javascript.rhino.jstype.ObjectType#boolean#isUnknownType#?#564	-6.009615384615385E-4	0.0	-3.0048076923076925E-4		_
com.google.javascript.rhino.jstype.ObjectType#boolean#isUnknownType#?#563	-6.009615384615385E-4	0.0	-3.0048076923076925E-4		_
com.google.javascript.jscomp.MarkNoSideEffectCalls$GatherNoSideEffectFunctions#void#visit#?,NodeTraversal,Node,Node#122	-6.009615384615385E-4	0.0	-3.0048076923076925E-4		_
com.google.javascript.jscomp.NodeUtil#int#precedenceWithDefault#?,int#1268	-6.009615384615385E-4	0.0	-3.0048076923076925E-4		_
com.google.javascript.jscomp.parsing.IRFactory#int#transformTokenType#?,int#1427	-6.009615384615385E-4	0.0	-3.0048076923076925E-4		_
com.google.javascript.jscomp.CodeGenerator#void#add#?,Node,Context#775	-6.009615384615385E-4	0.0	-3.0048076923076925E-4		_
com.google.javascript.jscomp.CodeGenerator#void#add#?,Node,Context#773	-6.009615384615385E-4	0.0	-3.0048076923076925E-4		_
com.google.javascript.jscomp.CodeGenerator#void#add#?,Node,Context#774	-6.009615384615385E-4	0.0	-3.0048076923076925E-4		_
com.google.javascript.jscomp.CodeGenerator#void#add#?,Node,Context#772	-6.009615384615385E-4	0.0	-3.0048076923076925E-4		_
com.google.javascript.rhino.jstype.UnionTypeBuilder#UnionTypeBuilder#addAlternate#?,JSType#259	-6.009615384615385E-4	0.0	-3.0048076923076925E-4		_
com.google.javascript.rhino.jstype.UnionTypeBuilder#UnionTypeBuilder#addAlternate#?,JSType#225	-6.009615384615385E-4	0.0	-3.0048076923076925E-4		_
com.google.javascript.rhino.jstype.UnionTypeBuilder#UnionTypeBuilder#addAlternate#?,JSType#224	-6.009615384615385E-4	0.0	-3.0048076923076925E-4		_
com.google.javascript.rhino.jstype.UnionTypeBuilder#UnionTypeBuilder#addAlternate#?,JSType#222	-6.009615384615385E-4	0.0	-3.0048076923076925E-4		_
com.google.javascript.rhino.jstype.UnionTypeBuilder#UnionTypeBuilder#addAlternate#?,JSType#228	-6.009615384615385E-4	0.0	-3.0048076923076925E-4		_
com.google.javascript.rhino.jstype.UnionTypeBuilder#UnionTypeBuilder#addAlternate#?,JSType#227	-6.009615384615385E-4	0.0	-3.0048076923076925E-4		_
com.google.javascript.jscomp.Normalize$NormalizeStatements#void#normalizeFunctionDeclaration#?,Node#466	-6.009615384615385E-4	0.0	-3.0048076923076925E-4		_
com.google.javascript.rhino.jstype.JSType#boolean#checkEquivalenceHelper#?,JSType,EquivalenceMethod#585	-6.009615384615385E-4	0.0	-3.0048076923076925E-4		_
com.google.javascript.jscomp.NameAnalyzer$FindReferences#void#maybeRecordReferenceOrAlias#?,NodeTraversal,Node,Node,NameInformation,NameInformation#969	-6.009615384615385E-4	0.0	-3.0048076923076925E-4		_
com.google.javascript.jscomp.NameAnalyzer$FindReferences#void#maybeRecordReferenceOrAlias#?,NodeTraversal,Node,Node,NameInformation,NameInformation#970	-6.009615384615385E-4	0.0	-3.0048076923076925E-4		_
com.google.javascript.jscomp.CodeGenerator#void#add#?,Node,Context#218	-6.009615384615385E-4	0.0	-3.0048076923076925E-4		_
com.google.javascript.jscomp.NodeUtil#String#opToStr#?,int#2191	-6.009615384615385E-4	0.0	-3.0048076923076925E-4		_
com.google.javascript.jscomp.AstValidator#void#validateStatement#?,Node#148	-6.009615384615385E-4	0.0	-3.0048076923076925E-4		_
com.google.javascript.jscomp.AstValidator#void#validateStatement#?,Node#147	-6.009615384615385E-4	0.0	-3.0048076923076925E-4		_
com.google.javascript.jscomp.Compiler#Config#getParserConfig#?#2101	-6.009615384615385E-4	0.0	-3.0048076923076925E-4		_
com.google.javascript.jscomp.Compiler#Config#getParserConfig#?#2100	-6.009615384615385E-4	0.0	-3.0048076923076925E-4		_
com.google.javascript.rhino.Token#String#name#?,int#191	-6.009615384615385E-4	0.0	-3.0048076923076925E-4		_
com.google.javascript.jscomp.CodeGenerator#void#add#?,Node,Context#363	-6.009615384615385E-4	0.0	-3.0048076923076925E-4		_
com.google.javascript.jscomp.CodeGenerator#void#add#?,Node,Context#362	-6.009615384615385E-4	0.0	-3.0048076923076925E-4		_
com.google.javascript.jscomp.CodeGenerator#void#add#?,Node,Context#366	-6.009615384615385E-4	0.0	-3.0048076923076925E-4		_
com.google.javascript.jscomp.Compiler#Node#parseInputs#?#1418	-6.009615384615385E-4	0.0	-3.0048076923076925E-4		_
com.google.javascript.jscomp.Compiler#void#reconcileOptionsWithGuards#?#318	-7.211538461538462E-4	0.0	-3.605769230769231E-4		_
com.google.javascript.rhino.Token#String#name#?,int#200	-7.211538461538462E-4	0.0	-3.605769230769231E-4		_
com.google.javascript.jscomp.NodeUtil#String#opToStr#?,int#2200	-7.211538461538462E-4	0.0	-3.605769230769231E-4		_
com.google.javascript.jscomp.CodeGenerator#void#add#?,Node,Context#549	-7.211538461538462E-4	0.0	-3.605769230769231E-4		_
com.google.javascript.jscomp.CodeGenerator#void#add#?,Node,Context#551	-7.211538461538462E-4	0.0	-3.605769230769231E-4		_
com.google.javascript.jscomp.CodeGenerator#void#add#?,Node,Context#550	-7.211538461538462E-4	0.0	-3.605769230769231E-4		_
com.google.javascript.jscomp.NameAnalyzer$FindDependencyScopes#void#recordConsumers#?,NodeTraversal,Node,Node#534	-7.211538461538462E-4	0.0	-3.605769230769231E-4		_
com.google.javascript.jscomp.NameAnalyzer$FindDependencyScopes#void#recordConsumers#?,NodeTraversal,Node,Node#538	-7.211538461538462E-4	0.0	-3.605769230769231E-4		_
com.google.javascript.jscomp.NameAnalyzer$FindDependencyScopes#void#recordConsumers#?,NodeTraversal,Node,Node#537	-7.211538461538462E-4	0.0	-3.605769230769231E-4		_
com.google.javascript.jscomp.NameAnalyzer$FindDependencyScopes#void#recordConsumers#?,NodeTraversal,Node,Node#535	-7.211538461538462E-4	0.0	-3.605769230769231E-4		_
com.google.javascript.jscomp.CodePrinter#String#toSource#?,Node,Format,CompilerOptions,JSTypeRegistry,SourceMap,boolean#684	-7.211538461538462E-4	0.0	-3.605769230769231E-4		_
com.google.javascript.rhino.jstype.JSTypeRegistry#FunctionType#createFunctionType#?,JSType,boolean,JSType#1303	-7.211538461538462E-4	0.0	-3.605769230769231E-4		_
com.google.javascript.jscomp.NodeUtil#String#opToStr#?,int#2190	-7.211538461538462E-4	0.0	-3.605769230769231E-4		_
com.google.javascript.jscomp.NodeUtil#String#opToStr#?,int#2194	-7.211538461538462E-4	0.0	-3.605769230769231E-4		_
com.google.javascript.rhino.Token#String#name#?,int#193	-7.211538461538462E-4	0.0	-3.605769230769231E-4		_
com.google.javascript.jscomp.parsing.IRFactory#?#IRFactory#?,String,StaticSourceFile,Config,ErrorReporter#170	-8.413461538461539E-4	0.0	-4.2067307692307695E-4		_
com.google.javascript.rhino.Token#String#name#?,int#205	-8.413461538461539E-4	0.0	-4.2067307692307695E-4		_
com.google.javascript.rhino.Token#String#name#?,int#204	-8.413461538461539E-4	0.0	-4.2067307692307695E-4		_
com.google.javascript.jscomp.NameAnalyzer$JsNameRefNode#void#remove#?#337	-8.413461538461539E-4	0.0	-4.2067307692307695E-4		_
com.google.javascript.jscomp.NodeUtil#String#opToStr#?,int#2204	-8.413461538461539E-4	0.0	-4.2067307692307695E-4		_
com.google.javascript.rhino.jstype.InstanceObjectType#String#toStringHelper#?,boolean#100	-8.413461538461539E-4	0.0	-4.2067307692307695E-4		_
com.google.javascript.jscomp.parsing.IRFactory#?#IRFactory#?,String,StaticSourceFile,Config,ErrorReporter#169	-8.413461538461539E-4	0.0	-4.2067307692307695E-4		_
com.google.javascript.jscomp.CodeGenerator#void#add#?,Node,Context#565	-8.413461538461539E-4	0.0	-4.2067307692307695E-4		_
com.google.javascript.jscomp.CodeGenerator#void#add#?,Node,Context#587	-8.413461538461539E-4	0.0	-4.2067307692307695E-4		_
com.google.javascript.jscomp.NameAnalyzer$FindDependencyScopes#void#recordConsumers#?,NodeTraversal,Node,Node#542	-8.413461538461539E-4	0.0	-4.2067307692307695E-4		_
com.google.javascript.jscomp.NameAnalyzer$FindDependencyScopes#void#recordConsumers#?,NodeTraversal,Node,Node#545	-8.413461538461539E-4	0.0	-4.2067307692307695E-4		_
com.google.javascript.jscomp.NameAnalyzer$FindDependencyScopes#void#recordConsumers#?,NodeTraversal,Node,Node#544	-8.413461538461539E-4	0.0	-4.2067307692307695E-4		_
com.google.javascript.jscomp.NameAnalyzer$FindDependencyScopes#void#recordConsumers#?,NodeTraversal,Node,Node#541	-8.413461538461539E-4	0.0	-4.2067307692307695E-4		_
com.google.javascript.jscomp.NameAnalyzer$FindDependencyScopes#void#recordConsumers#?,NodeTraversal,Node,Node#540	-8.413461538461539E-4	0.0	-4.2067307692307695E-4		_
com.google.javascript.jscomp.NodeUtil#void#verifyScopeChanges#?,Map<Node,Node>,Node,boolean,AbstractCompiler#3363	-8.413461538461539E-4	0.0	-4.2067307692307695E-4		_
com.google.javascript.jscomp.NodeUtil#boolean#functionCallHasSideEffects#?,Node,AbstractCompiler#1033	-8.413461538461539E-4	0.0	-4.2067307692307695E-4		_
com.google.javascript.jscomp.NameAnalyzer#List<NameInformation>#getEnclosingFunctionDependencyScope#?,NodeTraversal#1602	-8.413461538461539E-4	0.0	-4.2067307692307695E-4		_
com.google.javascript.jscomp.NameAnalyzer#List<NameInformation>#getEnclosingFunctionDependencyScope#?,NodeTraversal#1603	-8.413461538461539E-4	0.0	-4.2067307692307695E-4		_
com.google.javascript.jscomp.NodeUtil#boolean#functionCallHasSideEffects#?,Node,AbstractCompiler#1013	-8.413461538461539E-4	0.0	-4.2067307692307695E-4		_
com.google.javascript.rhino.Node#String#propToString#?,int#139	-8.413461538461539E-4	0.0	-4.2067307692307695E-4		_
com.google.javascript.rhino.jstype.ObjectType#boolean#isImplicitPrototype#?,ObjectType#534	-8.413461538461539E-4	0.0	-4.2067307692307695E-4		_
com.google.javascript.rhino.Token#String#name#?,int#248	-9.615384615384616E-4	0.0	-4.807692307692308E-4		_
com.google.javascript.rhino.Token#String#name#?,int#207	-9.615384615384616E-4	0.0	-4.807692307692308E-4		_
com.google.javascript.jscomp.NodeUtil#boolean#allResultsMatch#?,Node,Predicate<Node>#1317	-9.615384615384616E-4	0.0	-4.807692307692308E-4		_
com.google.javascript.jscomp.NodeUtil#String#opToStr#?,int#2215	-9.615384615384616E-4	0.0	-4.807692307692308E-4		_
com.google.javascript.jscomp.Compiler#Node#parseInputs#?#1341	-9.615384615384616E-4	0.0	-4.807692307692308E-4		_
com.google.javascript.jscomp.CodeGenerator#void#add#?,Node,Context#615	-9.615384615384616E-4	0.0	-4.807692307692308E-4		_
com.google.javascript.jscomp.CodeGenerator#void#add#?,Node,Context#618	-9.615384615384616E-4	0.0	-4.807692307692308E-4		_
com.google.javascript.jscomp.CodeGenerator#void#add#?,Node,Context#619	-9.615384615384616E-4	0.0	-4.807692307692308E-4		_
com.google.javascript.jscomp.parsing.IRFactory#int#transformTokenType#?,int#1350	-9.615384615384616E-4	0.0	-4.807692307692308E-4		_
com.google.javascript.jscomp.parsing.IRFactory#int#transformTokenType#?,int#1366	-9.615384615384616E-4	0.0	-4.807692307692308E-4		_
com.google.javascript.jscomp.NodeUtil#String#opToStr#?,int#2192	-9.615384615384616E-4	0.0	-4.807692307692308E-4		_
com.google.javascript.jscomp.parsing.IRFactory$TransformDispatcher#void#parseDirectives#?,Node#622	-9.615384615384616E-4	0.0	-4.807692307692308E-4		_
com.google.javascript.jscomp.parsing.IRFactory$TransformDispatcher#void#parseDirectives#?,Node#613	-9.615384615384616E-4	0.0	-4.807692307692308E-4		_
com.google.javascript.jscomp.parsing.IRFactory$TransformDispatcher#void#parseDirectives#?,Node#612	-9.615384615384616E-4	0.0	-4.807692307692308E-4		_
com.google.javascript.jscomp.parsing.IRFactory$TransformDispatcher#void#parseDirectives#?,Node#615	-9.615384615384616E-4	0.0	-4.807692307692308E-4		_
com.google.javascript.jscomp.parsing.IRFactory$TransformDispatcher#void#parseDirectives#?,Node#614	-9.615384615384616E-4	0.0	-4.807692307692308E-4		_
com.google.javascript.jscomp.Compiler#Node#parseInputs#?#1375	-9.615384615384616E-4	0.0	-4.807692307692308E-4		_
com.google.javascript.jscomp.NameAnalyzer$FindReferences#boolean#shouldTraverse#?,NodeTraversal,Node,Node#822	-9.615384615384616E-4	0.0	-4.807692307692308E-4		_
com.google.javascript.jscomp.NameAnalyzer$FindReferences#boolean#shouldTraverse#?,NodeTraversal,Node,Node#823	-9.615384615384616E-4	0.0	-4.807692307692308E-4		_
com.google.javascript.jscomp.NameAnalyzer$FindReferences#boolean#shouldTraverse#?,NodeTraversal,Node,Node#825	-9.615384615384616E-4	0.0	-4.807692307692308E-4		_
com.google.javascript.jscomp.NameAnalyzer$FindReferences#boolean#shouldTraverse#?,NodeTraversal,Node,Node#824	-9.615384615384616E-4	0.0	-4.807692307692308E-4		_
com.google.javascript.rhino.Token#String#name#?,int#253	-0.0010817307692307693	0.0	-5.408653846153846E-4		_
com.google.javascript.jscomp.NodeUtil#String#opToStr#?,int#2214	-0.0010817307692307693	0.0	-5.408653846153846E-4		_
com.google.javascript.jscomp.Normalize$NormalizeStatements#void#extractForInitializer#?,Node,Node,Node#605	-0.0010817307692307693	0.0	-5.408653846153846E-4		_
com.google.javascript.jscomp.NameAnalyzer#boolean#valueConsumedByParent#?,Node,Node#1807	-0.0010817307692307693	0.0	-5.408653846153846E-4		_
com.google.javascript.jscomp.ClosureCodingConvention#String#getSingletonGetterClassName#?,Node#295	-0.0010817307692307693	0.0	-5.408653846153846E-4		_
com.google.javascript.jscomp.PrepareAst#void#process#?,Node,Node#57	-0.0010817307692307693	0.0	-5.408653846153846E-4		_
com.google.javascript.rhino.jstype.UnionTypeBuilder#UnionTypeBuilder#addAlternate#?,JSType#218	-0.0010817307692307693	0.0	-5.408653846153846E-4		_
com.google.javascript.jscomp.parsing.IRFactory#int#transformTokenType#?,int#1352	-0.0010817307692307693	0.0	-5.408653846153846E-4		_
com.google.javascript.jscomp.NodeUtil#String#opToStr#?,int#2180	-0.0010817307692307693	0.0	-5.408653846153846E-4		_
com.google.javascript.rhino.jstype.JSTypeRegistry#void#addReferenceTypeIndexedByProperty#?,String,JSType#659	-0.0010817307692307693	0.0	-5.408653846153846E-4		_
com.google.javascript.rhino.jstype.JSTypeRegistry#void#addReferenceTypeIndexedByProperty#?,String,JSType#660	-0.0010817307692307693	0.0	-5.408653846153846E-4		_
com.google.javascript.rhino.Token#String#name#?,int#185	-0.0010817307692307693	0.0	-5.408653846153846E-4		_
com.google.javascript.jscomp.NameAnalyzer#NameInformation#createNameInformation#?,NodeTraversal,Node#1475	-0.001201923076923077	0.0	-6.009615384615385E-4		_
com.google.javascript.jscomp.NameAnalyzer#NameInformation#createNameInformation#?,NodeTraversal,Node#1476	-0.001201923076923077	0.0	-6.009615384615385E-4		_
com.google.javascript.jscomp.NameAnalyzer#NameInformation#createNameInformation#?,NodeTraversal,Node#1477	-0.001201923076923077	0.0	-6.009615384615385E-4		_
com.google.javascript.jscomp.NameAnalyzer#NameInformation#createNameInformation#?,NodeTraversal,Node#1478	-0.001201923076923077	0.0	-6.009615384615385E-4		_
com.google.javascript.jscomp.NameAnalyzer#NameInformation#createNameInformation#?,NodeTraversal,Node#1474	-0.001201923076923077	0.0	-6.009615384615385E-4		_
com.google.javascript.jscomp.NodeUtil#String#opToStr#?,int#2205	-0.001201923076923077	0.0	-6.009615384615385E-4		_
com.google.javascript.rhino.jstype.PrototypeObjectType#boolean#isSubtype#?,JSType#343	-0.001201923076923077	0.0	-6.009615384615385E-4		_
com.google.javascript.jscomp.NodeUtil#int#precedenceWithDefault#?,int#1217	-0.001201923076923077	0.0	-6.009615384615385E-4		_
com.google.javascript.jscomp.parsing.IRFactory#int#transformTokenType#?,int#1332	-0.001201923076923077	0.0	-6.009615384615385E-4		_
com.google.javascript.jscomp.parsing.IRFactory#int#transformTokenType#?,int#1362	-0.001201923076923077	0.0	-6.009615384615385E-4		_
com.google.javascript.jscomp.CodeGenerator#void#add#?,Node,Context#271	-0.001201923076923077	0.0	-6.009615384615385E-4		_
com.google.javascript.jscomp.CodeGenerator#void#add#?,Node,Context#275	-0.001201923076923077	0.0	-6.009615384615385E-4		_
com.google.javascript.jscomp.CodeGenerator#void#add#?,Node,Context#272	-0.001201923076923077	0.0	-6.009615384615385E-4		_
com.google.javascript.jscomp.CodeGenerator#void#add#?,Node,Context#268	-0.001201923076923077	0.0	-6.009615384615385E-4		_
com.google.javascript.jscomp.CodeGenerator#void#add#?,Node,Context#263	-0.001201923076923077	0.0	-6.009615384615385E-4		_
com.google.javascript.jscomp.NodeUtil#String#opToStr#?,int#2196	-0.001201923076923077	0.0	-6.009615384615385E-4		_
com.google.javascript.jscomp.NameAnalyzer#List<NameInformation>#getEnclosingFunctionDependencyScope#?,NodeTraversal#1607	-0.001201923076923077	0.0	-6.009615384615385E-4		_
com.google.javascript.jscomp.NameAnalyzer#NameInformation#createNameInformation#?,NodeTraversal,Node#1427	-0.0013221153846153847	0.0	-6.610576923076923E-4		_
com.google.javascript.rhino.Token#String#name#?,int#258	-0.0013221153846153847	0.0	-6.610576923076923E-4		_
com.google.javascript.rhino.Token#String#name#?,int#222	-0.0013221153846153847	0.0	-6.610576923076923E-4		_
com.google.javascript.jscomp.parsing.IRFactory#Node#transformNodeWithInlineJsDoc#?,AstNode#402	-0.0013221153846153847	0.0	-6.610576923076923E-4		_
com.google.javascript.jscomp.ClosureCodingConvention#SubclassRelationship#getClassesDefinedByCall#?,Node#131	-0.0013221153846153847	0.0	-6.610576923076923E-4		_
com.google.javascript.jscomp.parsing.IRFactory#int#transformTokenType#?,int#1437	-0.0013221153846153847	0.0	-6.610576923076923E-4		_
com.google.javascript.rhino.jstype.JSType#boolean#checkEquivalenceHelper#?,JSType,EquivalenceMethod#591	-0.0013221153846153847	0.0	-6.610576923076923E-4		_
com.google.javascript.rhino.IR#boolean#mayBeStatement#?,Node#540	-0.0013221153846153847	0.0	-6.610576923076923E-4		_
com.google.javascript.jscomp.NameAnalyzer#boolean#valueConsumedByParent#?,Node,Node#1801	-0.0014423076923076924	0.0	-7.211538461538462E-4		_
com.google.javascript.jscomp.ClosureCodingConvention#SubclassRelationship#getClassesDefinedByCall#?,Node#134	-0.0014423076923076924	0.0	-7.211538461538462E-4		_
com.google.javascript.jscomp.ClosureCodingConvention#SubclassRelationship#getClassesDefinedByCall#?,Node#138	-0.0014423076923076924	0.0	-7.211538461538462E-4		_
com.google.javascript.jscomp.CodeGenerator#void#add#?,Node,Context#518	-0.0014423076923076924	0.0	-7.211538461538462E-4		_
com.google.javascript.jscomp.CodeGenerator#void#add#?,Node,Context#516	-0.0014423076923076924	0.0	-7.211538461538462E-4		_
com.google.javascript.jscomp.CodeGenerator#void#add#?,Node,Context#515	-0.0014423076923076924	0.0	-7.211538461538462E-4		_
com.google.javascript.jscomp.CodeGenerator#void#add#?,Node,Context#513	-0.0014423076923076924	0.0	-7.211538461538462E-4		_
com.google.javascript.jscomp.CodeGenerator#void#add#?,Node,Context#514	-0.0014423076923076924	0.0	-7.211538461538462E-4		_
com.google.javascript.jscomp.CodeGenerator#void#add#?,Node,Context#512	-0.0014423076923076924	0.0	-7.211538461538462E-4		_
com.google.javascript.jscomp.Normalize$NormalizeStatements#void#moveNamedFunctions#?,Node#666	-0.0014423076923076924	0.0	-7.211538461538462E-4		_
com.google.javascript.jscomp.Normalize$NormalizeStatements#void#moveNamedFunctions#?,Node#667	-0.0014423076923076924	0.0	-7.211538461538462E-4		_
com.google.javascript.jscomp.Normalize$NormalizeStatements#void#moveNamedFunctions#?,Node#672	-0.0014423076923076924	0.0	-7.211538461538462E-4		_
com.google.javascript.jscomp.Normalize$NormalizeStatements#void#moveNamedFunctions#?,Node#671	-0.0014423076923076924	0.0	-7.211538461538462E-4		_
com.google.javascript.rhino.IR#boolean#mayBeStatementNoReturn#?,Node#530	-0.0014423076923076924	0.0	-7.211538461538462E-4		_
com.google.javascript.rhino.jstype.UnionTypeBuilder#UnionTypeBuilder#addAlternate#?,JSType#210	-0.0014423076923076924	0.0	-7.211538461538462E-4		_
com.google.javascript.jscomp.CodeGenerator#void#add#?,Node,Context#109	-0.0014423076923076924	0.0	-7.211538461538462E-4		_
com.google.javascript.jscomp.AstValidator#void#validateStatement#?,Node#106	-0.0014423076923076924	0.0	-7.211538461538462E-4		_
com.google.javascript.jscomp.AstValidator#void#validateStatement#?,Node#105	-0.0014423076923076924	0.0	-7.211538461538462E-4		_
com.google.javascript.jscomp.NodeUtil#String#opToStr#?,int#2199	-0.0014423076923076924	0.0	-7.211538461538462E-4		_
com.google.javascript.jscomp.Normalize$NormalizeStatements#void#visit#?,NodeTraversal,Node,Node#414	-0.0014423076923076924	0.0	-7.211538461538462E-4		_
com.google.javascript.jscomp.Normalize$NormalizeStatements#void#visit#?,NodeTraversal,Node,Node#415	-0.0014423076923076924	0.0	-7.211538461538462E-4		_
com.google.javascript.jscomp.NameAnalyzer#List<NameInformation>#getEnclosingFunctionDependencyScope#?,NodeTraversal#1593	-0.0014423076923076924	0.0	-7.211538461538462E-4		_
com.google.javascript.jscomp.PrepareAst$PrepareAnnotations#void#annotateCalls#?,Node#177	-0.0014423076923076924	0.0	-7.211538461538462E-4		_
com.google.javascript.jscomp.NameAnalyzer#NameInformation#createNameInformation#?,NodeTraversal,Node#1430	-0.0015625	0.0	-7.8125E-4		_
com.google.javascript.jscomp.NameAnalyzer$FindReferences#void#recordAliases#?,List<NameInformation>#982	-0.0015625	0.0	-7.8125E-4		_
com.google.javascript.jscomp.NameAnalyzer$FindReferences#void#recordAliases#?,List<NameInformation>#984	-0.0015625	0.0	-7.8125E-4		_
com.google.javascript.jscomp.NameAnalyzer$FindReferences#void#recordAliases#?,List<NameInformation>#983	-0.0015625	0.0	-7.8125E-4		_
com.google.javascript.jscomp.NodeUtil#boolean#allResultsMatch#?,Node,Predicate<Node>#1314	-0.0015625	0.0	-7.8125E-4		_
com.google.javascript.jscomp.parsing.IRFactory#Node#transformNodeWithInlineJsDoc#?,AstNode#401	-0.0015625	0.0	-7.8125E-4		_
com.google.javascript.jscomp.parsing.IRFactory#Node#transformNodeWithInlineJsDoc#?,AstNode#400	-0.0015625	0.0	-7.8125E-4		_
com.google.javascript.jscomp.NameAnalyzer#boolean#valueConsumedByParent#?,Node,Node#1813	-0.0015625	0.0	-7.8125E-4		_
com.google.javascript.jscomp.parsing.IRFactory#int#transformTokenType#?,int#1334	-0.0015625	0.0	-7.8125E-4		_
com.google.javascript.jscomp.NameAnalyzer$FindReferences#void#visit#?,NodeTraversal,Node,Node#890	-0.0015625	0.0	-7.8125E-4		_
com.google.javascript.jscomp.NameAnalyzer$FindReferences#void#visit#?,NodeTraversal,Node,Node#889	-0.0015625	0.0	-7.8125E-4		_
com.google.javascript.jscomp.NameAnalyzer$FindReferences#void#visit#?,NodeTraversal,Node,Node#887	-0.0015625	0.0	-7.8125E-4		_
com.google.javascript.jscomp.NameAnalyzer$FindReferences#void#visit#?,NodeTraversal,Node,Node#888	-0.0015625	0.0	-7.8125E-4		_
com.google.javascript.jscomp.NodeUtil#boolean#isImmutableValue#?,Node#504	-0.0015625	0.0	-7.8125E-4		_
com.google.javascript.jscomp.NodeUtil#String#opToStr#?,int#2189	-0.0015625	0.0	-7.8125E-4		_
com.google.javascript.jscomp.NameAnalyzer$FindDependencyScopes#void#recordAssignment#?,NodeTraversal,Node,Node#576	-0.0015625	0.0	-7.8125E-4		_
com.google.javascript.jscomp.NodeUtil#JSDocInfo#getBestJSDocInfo#?,Node#3111	-0.0015625	0.0	-7.8125E-4		_
com.google.javascript.jscomp.NameAnalyzer#NameInformation#createNameInformation#?,NodeTraversal,Node#1489	-0.0016826923076923078	0.0	-8.413461538461539E-4		_
com.google.javascript.rhino.jstype.FunctionParamBuilder#boolean#addRequiredParams#?,JSType#64	-0.0016826923076923078	0.0	-8.413461538461539E-4		_
com.google.javascript.jscomp.parsing.IRFactory#int#transformTokenType#?,int#1348	-0.0016826923076923078	0.0	-8.413461538461539E-4		_
com.google.javascript.rhino.Token#String#name#?,int#189	-0.0016826923076923078	0.0	-8.413461538461539E-4		_
com.google.javascript.rhino.Node#String#propToString#?,int#136	-0.0016826923076923078	0.0	-8.413461538461539E-4		_
com.google.javascript.jscomp.NameAnalyzer#NameInformation#createNameInformation#?,NodeTraversal,Node#1428	-0.0018028846153846155	0.0	-9.014423076923077E-4		_
com.google.javascript.jscomp.NameAnalyzer#NameInformation#createNameInformation#?,NodeTraversal,Node#1473	-0.0018028846153846155	0.0	-9.014423076923077E-4		_
com.google.javascript.jscomp.NameAnalyzer#NameInformation#createNameInformation#?,NodeTraversal,Node#1488	-0.0018028846153846155	0.0	-9.014423076923077E-4		_
com.google.javascript.jscomp.NameAnalyzer#NameInformation#createNameInformation#?,NodeTraversal,Node#1487	-0.0018028846153846155	0.0	-9.014423076923077E-4		_
com.google.javascript.jscomp.NameAnalyzer#NameInformation#createNameInformation#?,NodeTraversal,Node#1493	-0.0018028846153846155	0.0	-9.014423076923077E-4		_
com.google.javascript.jscomp.NameAnalyzer#NameInformation#createNameInformation#?,NodeTraversal,Node#1494	-0.0018028846153846155	0.0	-9.014423076923077E-4		_
com.google.javascript.jscomp.DefinitionsRemover#Definition#getDefinition#?,Node,boolean#44	-0.0018028846153846155	0.0	-9.014423076923077E-4		_
com.google.javascript.jscomp.parsing.IRFactory#int#transformTokenType#?,int#1439	-0.0018028846153846155	0.0	-9.014423076923077E-4		_
com.google.javascript.jscomp.NameAnalyzer$FindDependencyScopes#void#recordAssignment#?,NodeTraversal,Node,Node#573	-0.0018028846153846155	0.0	-9.014423076923077E-4		_
com.google.javascript.jscomp.CodeGenerator#void#add#?,Node,Context#300	-0.0018028846153846155	0.0	-9.014423076923077E-4		_
com.google.javascript.rhino.Token#String#name#?,int#268	-0.0019230769230769232	0.0	-9.615384615384616E-4		_
com.google.javascript.jscomp.CodeGenerator#void#add#?,Node,Context#613	-0.0019230769230769232	0.0	-9.615384615384616E-4		_
com.google.javascript.jscomp.CodeGenerator#void#add#?,Node,Context#612	-0.0019230769230769232	0.0	-9.615384615384616E-4		_
com.google.javascript.jscomp.CodeGenerator#void#add#?,Node,Context#614	-0.0019230769230769232	0.0	-9.615384615384616E-4		_
com.google.javascript.jscomp.CodeGenerator#void#add#?,Node,Context#622	-0.0019230769230769232	0.0	-9.615384615384616E-4		_
com.google.javascript.jscomp.CodeGenerator#void#add#?,Node,Context#621	-0.0019230769230769232	0.0	-9.615384615384616E-4		_
com.google.javascript.rhino.jstype.JSType#boolean#isSubtypeHelper#?,JSType,JSType#1284	-0.0019230769230769232	0.0	-9.615384615384616E-4		_
com.google.javascript.jscomp.ClosureCodingConvention#SubclassRelationship#getClassesDefinedByCall#?,Node#140	-0.0019230769230769232	0.0	-9.615384615384616E-4		_
com.google.javascript.jscomp.ClosureCodingConvention#SubclassRelationship#getClassesDefinedByCall#?,Node#133	-0.0019230769230769232	0.0	-9.615384615384616E-4		_
com.google.javascript.jscomp.parsing.IRFactory#int#transformTokenType#?,int#1330	-0.0019230769230769232	0.0	-9.615384615384616E-4		_
com.google.javascript.jscomp.parsing.TypeSafeDispatcher#T#process#?,AstNode#282	-0.0019230769230769232	0.0	-9.615384615384616E-4		_
com.google.javascript.jscomp.GatherSideEffectSubexpressionsCallback#boolean#processFunctionCall#?,Node#330	-0.002043269230769231	0.0	-0.0010216346153846154		_
com.google.javascript.rhino.Token#String#name#?,int#252	-0.002043269230769231	0.0	-0.0010216346153846154		_
com.google.javascript.jscomp.CodeGenerator#void#add#?,Node,Context#531	-0.002043269230769231	0.0	-0.0010216346153846154		_
com.google.javascript.jscomp.CodeGenerator#void#add#?,Node,Context#532	-0.002043269230769231	0.0	-0.0010216346153846154		_
com.google.javascript.jscomp.parsing.IRFactory#int#transformTokenType#?,int#1342	-0.002043269230769231	0.0	-0.0010216346153846154		_
com.google.javascript.jscomp.NameAnalyzer#NameInformation#createNameInformation#?,NodeTraversal,Node#1449	-0.0021634615384615386	0.0	-0.0010817307692307693		_
com.google.javascript.jscomp.NameAnalyzer#NameInformation#createNameInformation#?,NodeTraversal,Node#1448	-0.0021634615384615386	0.0	-0.0010817307692307693		_
com.google.javascript.jscomp.NameAnalyzer#NameInformation#createNameInformation#?,NodeTraversal,Node#1450	-0.0021634615384615386	0.0	-0.0010817307692307693		_
com.google.javascript.jscomp.NameAnalyzer#NameInformation#createNameInformation#?,NodeTraversal,Node#1452	-0.0021634615384615386	0.0	-0.0010817307692307693		_
com.google.javascript.jscomp.NameAnalyzer#NameInformation#createNameInformation#?,NodeTraversal,Node#1451	-0.0021634615384615386	0.0	-0.0010817307692307693		_
com.google.javascript.jscomp.CodeGenerator#void#add#?,Node,Context#420	-0.0021634615384615386	0.0	-0.0010817307692307693		_
com.google.javascript.jscomp.CodeGenerator#void#add#?,Node,Context#752	-0.0021634615384615386	0.0	-0.0010817307692307693		_
com.google.javascript.jscomp.CodeGenerator#void#add#?,Node,Context#755	-0.0021634615384615386	0.0	-0.0010817307692307693		_
com.google.javascript.jscomp.CodeGenerator#void#add#?,Node,Context#753	-0.0021634615384615386	0.0	-0.0010817307692307693		_
com.google.javascript.jscomp.CodeGenerator#void#add#?,Node,Context#754	-0.0021634615384615386	0.0	-0.0010817307692307693		_
com.google.javascript.jscomp.NameAnalyzer$FindReferences#void#visit#?,NodeTraversal,Node,Node#867	-0.0021634615384615386	0.0	-0.0010817307692307693		_
com.google.javascript.jscomp.parsing.IRFactory#int#transformTokenType#?,int#1368	-0.0021634615384615386	0.0	-0.0010817307692307693		_
com.google.javascript.jscomp.NodeUtil#boolean#functionCallHasSideEffects#?,Node,AbstractCompiler#1049	-0.0021634615384615386	0.0	-0.0010817307692307693		_
com.google.javascript.jscomp.NameAnalyzer$FindReferences#boolean#shouldTraverse#?,NodeTraversal,Node,Node#819	-0.0021634615384615386	0.0	-0.0010817307692307693		_
com.google.javascript.jscomp.NameAnalyzer$FindReferences#boolean#shouldTraverse#?,NodeTraversal,Node,Node#818	-0.0021634615384615386	0.0	-0.0010817307692307693		_
com.google.javascript.jscomp.NameAnalyzer$FindReferences#boolean#shouldTraverse#?,NodeTraversal,Node,Node#817	-0.0021634615384615386	0.0	-0.0010817307692307693		_
com.google.javascript.jscomp.NameAnalyzer$FindReferences#boolean#shouldTraverse#?,NodeTraversal,Node,Node#816	-0.0021634615384615386	0.0	-0.0010817307692307693		_
com.google.javascript.jscomp.NameAnalyzer$FindReferences#boolean#shouldTraverse#?,NodeTraversal,Node,Node#815	-0.0021634615384615386	0.0	-0.0010817307692307693		_
com.google.javascript.jscomp.NameAnalyzer$FindReferences#boolean#shouldTraverse#?,NodeTraversal,Node,Node#820	-0.0021634615384615386	0.0	-0.0010817307692307693		_
com.google.javascript.rhino.Token#String#name#?,int#255	-0.0022836538461538463	0.0	-0.0011418269230769231		_
com.google.javascript.rhino.Token#String#name#?,int#267	-0.0022836538461538463	0.0	-0.0011418269230769231		_
com.google.javascript.jscomp.MarkNoSideEffectCalls$GatherNoSideEffectFunctions#void#visit#?,NodeTraversal,Node,Node#128	-0.0022836538461538463	0.0	-0.0011418269230769231		_
com.google.javascript.jscomp.MarkNoSideEffectCalls$GatherNoSideEffectFunctions#void#visit#?,NodeTraversal,Node,Node#149	-0.0022836538461538463	0.0	-0.0011418269230769231		_
com.google.javascript.jscomp.MarkNoSideEffectCalls$GatherNoSideEffectFunctions#void#visit#?,NodeTraversal,Node,Node#143	-0.0022836538461538463	0.0	-0.0011418269230769231		_
com.google.javascript.jscomp.JsAst#void#parse#?,AbstractCompiler#102	-0.0022836538461538463	0.0	-0.0011418269230769231		_
com.google.javascript.jscomp.AstValidator#void#validateStatement#?,Node#141	-0.0022836538461538463	0.0	-0.0011418269230769231		_
com.google.javascript.jscomp.AstValidator#void#validateStatement#?,Node#142	-0.0022836538461538463	0.0	-0.0011418269230769231		_
com.google.javascript.rhino.Token#String#name#?,int#199	-0.0022836538461538463	0.0	-0.0011418269230769231		_
com.google.javascript.rhino.IR#Node#block#?,Node#99	-0.0022836538461538463	0.0	-0.0011418269230769231		_
com.google.javascript.rhino.IR#Node#block#?,Node#98	-0.0022836538461538463	0.0	-0.0011418269230769231		_
com.google.javascript.rhino.IR#Node#block#?,Node#97	-0.0022836538461538463	0.0	-0.0011418269230769231		_
com.google.javascript.jscomp.NameAnalyzer$FindDependencyScopes#void#visit#?,NodeTraversal,Node,Node#525	-0.002403846153846154	0.0	-0.001201923076923077		_
com.google.javascript.jscomp.NodeUtil#boolean#allResultsMatch#?,Node,Predicate<Node>#1311	-0.002403846153846154	0.0	-0.001201923076923077		_
com.google.javascript.jscomp.CodeGenerator#void#add#?,Node,Context#719	-0.002403846153846154	0.0	-0.001201923076923077		_
com.google.javascript.rhino.jstype.JSType#boolean#checkEquivalenceHelper#?,JSType,EquivalenceMethod#581	-0.002403846153846154	0.0	-0.001201923076923077		_
com.google.javascript.rhino.jstype.UnionTypeBuilder#JSType#reduceAlternatesWithoutUnion#?#293	-0.002403846153846154	0.0	-0.001201923076923077		_
com.google.javascript.jscomp.GatherSideEffectSubexpressionsCallback#boolean#shouldTraverse#?,NodeTraversal,Node,Node#260	-0.002403846153846154	0.0	-0.001201923076923077		_
com.google.javascript.jscomp.NodeUtil#boolean#functionCallHasSideEffects#?,Node,AbstractCompiler#1046	-0.002403846153846154	0.0	-0.001201923076923077		_
com.google.javascript.jscomp.NameAnalyzer#NameInformation#createNameInformation#?,NodeTraversal,Node#1496	-0.0025240384615384617	0.0	-0.0012620192307692308		_
com.google.javascript.jscomp.parsing.IRFactory#int#transformTokenType#?,int#1360	-0.0025240384615384617	0.0	-0.0012620192307692308		_
com.google.javascript.jscomp.GatherSideEffectSubexpressionsCallback#boolean#shouldTraverse#?,NodeTraversal,Node,Node#243	-0.0025240384615384617	0.0	-0.0012620192307692308		_
com.google.javascript.jscomp.NodeUtil#boolean#isImmutableValue#?,Node#501	-0.0025240384615384617	0.0	-0.0012620192307692308		_
com.google.javascript.rhino.Token#String#name#?,int#251	-0.0026442307692307694	0.0	-0.0013221153846153847		_
com.google.javascript.jscomp.parsing.IRFactory#int#transformTokenType#?,int#1346	-0.0026442307692307694	0.0	-0.0013221153846153847		_
com.google.javascript.jscomp.Normalize$NormalizeStatements#void#visit#?,NodeTraversal,Node,Node#397	-0.0026442307692307694	0.0	-0.0013221153846153847		_
com.google.javascript.rhino.Token#String#name#?,int#233	-0.002764423076923077	0.0	-0.0013822115384615385		_
com.google.javascript.jscomp.NodeUtil#String#opToStr#?,int#2207	-0.002764423076923077	0.0	-0.0013822115384615385		_
com.google.javascript.jscomp.NameAnalyzer$FindReferences#void#visit#?,NodeTraversal,Node,Node#876	-0.002764423076923077	0.0	-0.0013822115384615385		_
com.google.javascript.jscomp.NameAnalyzer$FindReferences#void#visit#?,NodeTraversal,Node,Node#875	-0.002764423076923077	0.0	-0.0013822115384615385		_
com.google.javascript.jscomp.NameAnalyzer$FindReferences#void#visit#?,NodeTraversal,Node,Node#874	-0.002764423076923077	0.0	-0.0013822115384615385		_
com.google.javascript.jscomp.NameAnalyzer$FindReferences#void#visit#?,NodeTraversal,Node,Node#866	-0.002764423076923077	0.0	-0.0013822115384615385		_
com.google.javascript.jscomp.NameAnalyzer$FindReferences#void#visit#?,NodeTraversal,Node,Node#880	-0.002764423076923077	0.0	-0.0013822115384615385		_
com.google.javascript.jscomp.NodeUtil#String#opToStr#?,int#2188	-0.002764423076923077	0.0	-0.0013822115384615385		_
com.google.javascript.jscomp.NameAnalyzer$FindDeclarationsAndSetters#void#visit#?,NodeTraversal,Node,Node#673	-0.002764423076923077	0.0	-0.0013822115384615385		_
com.google.javascript.jscomp.NameAnalyzer$FindDeclarationsAndSetters#void#visit#?,NodeTraversal,Node,Node#674	-0.002764423076923077	0.0	-0.0013822115384615385		_
com.google.javascript.jscomp.Normalize$NormalizeStatements#void#visit#?,NodeTraversal,Node,Node#394	-0.002764423076923077	0.0	-0.0013822115384615385		_
com.google.javascript.jscomp.Normalize$NormalizeStatements#void#visit#?,NodeTraversal,Node,Node#395	-0.002764423076923077	0.0	-0.0013822115384615385		_
com.google.javascript.jscomp.Normalize$NormalizeStatements#void#visit#?,NodeTraversal,Node,Node#392	-0.002764423076923077	0.0	-0.0013822115384615385		_
com.google.javascript.jscomp.Normalize$NormalizeStatements#void#visit#?,NodeTraversal,Node,Node#393	-0.002764423076923077	0.0	-0.0013822115384615385		_
com.google.javascript.jscomp.Normalize$NormalizeStatements#void#visit#?,NodeTraversal,Node,Node#390	-0.002764423076923077	0.0	-0.0013822115384615385		_
com.google.javascript.jscomp.Normalize$NormalizeStatements#void#visit#?,NodeTraversal,Node,Node#391	-0.002764423076923077	0.0	-0.0013822115384615385		_
com.google.javascript.jscomp.Normalize$NormalizeStatements#void#visit#?,NodeTraversal,Node,Node#389	-0.002764423076923077	0.0	-0.0013822115384615385		_
com.google.javascript.jscomp.Normalize$NormalizeStatements#void#visit#?,NodeTraversal,Node,Node#388	-0.002764423076923077	0.0	-0.0013822115384615385		_
com.google.javascript.jscomp.Normalize$NormalizeStatements#void#extractForInitializer#?,Node,Node,Node#589	-0.0028846153846153848	0.0	-0.0014423076923076924		_
com.google.javascript.jscomp.Normalize$NormalizeStatements#void#extractForInitializer#?,Node,Node,Node#588	-0.0028846153846153848	0.0	-0.0014423076923076924		_
com.google.javascript.jscomp.Normalize$NormalizeStatements#void#extractForInitializer#?,Node,Node,Node#586	-0.0028846153846153848	0.0	-0.0014423076923076924		_
com.google.javascript.jscomp.Normalize$NormalizeStatements#void#extractForInitializer#?,Node,Node,Node#591	-0.0028846153846153848	0.0	-0.0014423076923076924		_
com.google.javascript.jscomp.Normalize$NormalizeStatements#void#extractForInitializer#?,Node,Node,Node#590	-0.0028846153846153848	0.0	-0.0014423076923076924		_
com.google.javascript.jscomp.NodeUtil#boolean#evaluatesToLocalValue#?,Node,Predicate<Node>#2983	-0.0028846153846153848	0.0	-0.0014423076923076924		_
com.google.javascript.jscomp.NameAnalyzer#List<NameInformation>#getEnclosingFunctionDependencyScope#?,NodeTraversal#1615	-0.0028846153846153848	0.0	-0.0014423076923076924		_
com.google.javascript.jscomp.NameAnalyzer$FindDeclarationsAndSetters#void#visit#?,NodeTraversal,Node,Node#652	-0.0028846153846153848	0.0	-0.0014423076923076924		_
com.google.javascript.rhino.Token#String#name#?,int#198	-0.0028846153846153848	0.0	-0.0014423076923076924		_
com.google.javascript.jscomp.NameAnalyzer#NameInformation#createNameInformation#?,NodeTraversal,Node#1423	-0.0030048076923076925	0.0	-0.0015024038461538462		_
com.google.javascript.jscomp.NameAnalyzer#NameInformation#createNameInformation#?,NodeTraversal,Node#1420	-0.0030048076923076925	0.0	-0.0015024038461538462		_
com.google.javascript.jscomp.NameAnalyzer#NameInformation#createNameInformation#?,NodeTraversal,Node#1425	-0.0030048076923076925	0.0	-0.0015024038461538462		_
com.google.javascript.jscomp.NameAnalyzer#NameInformation#createNameInformation#?,NodeTraversal,Node#1424	-0.0030048076923076925	0.0	-0.0015024038461538462		_
com.google.javascript.jscomp.NodeUtil#String#opToStr#?,int#2219	-0.0030048076923076925	0.0	-0.0015024038461538462		_
com.google.javascript.jscomp.parsing.ParserRunner#ParseResult#parse#?,StaticSourceFile,String,Config,ErrorReporter,Logger#135	-0.0030048076923076925	0.0	-0.0015024038461538462		_
com.google.javascript.rhino.jstype.JSType#boolean#hasAnyTemplateTypes#?#444	-0.0030048076923076925	0.0	-0.0015024038461538462		_
com.google.javascript.jscomp.NameAnalyzer$FindDeclarationsAndSetters#void#visit#?,NodeTraversal,Node,Node#650	-0.0030048076923076925	0.0	-0.0015024038461538462		_
com.google.javascript.jscomp.NameAnalyzer$FindDeclarationsAndSetters#void#visit#?,NodeTraversal,Node,Node#651	-0.0030048076923076925	0.0	-0.0015024038461538462		_
com.google.javascript.rhino.Token#String#name#?,int#208	-0.003125	0.0	-0.0015625		_
com.google.javascript.jscomp.ClosureCodingConvention#SubclassRelationship#getClassesDefinedByCall#?,Node#130	-0.003125	0.0	-0.0015625		_
com.google.javascript.jscomp.parsing.TypeSafeDispatcher#T#process#?,AstNode#195	-0.003125	0.0	-0.0015625		_
com.google.javascript.jscomp.parsing.IRFactory#int#transformTokenType#?,int#1400	-0.003125	0.0	-0.0015625		_
com.google.javascript.jscomp.parsing.IRFactory#int#transformTokenType#?,int#1406	-0.003125	0.0	-0.0015625		_
com.google.javascript.jscomp.MarkNoSideEffectCalls$SetNoSideEffectCallProperty#void#visit#?,NodeTraversal,Node,Node#198	-0.003125	0.0	-0.0015625		_
com.google.javascript.jscomp.NameAnalyzer$FindReferences#boolean#shouldTraverse#?,NodeTraversal,Node,Node#814	-0.003125	0.0	-0.0015625		_
com.google.javascript.jscomp.CodeGenerator#void#add#?,Node,Context#684	-0.003245192307692308	0.0	-0.001622596153846154		_
com.google.javascript.jscomp.CodeGenerator#void#add#?,Node,Context#686	-0.003245192307692308	0.0	-0.001622596153846154		_
com.google.javascript.jscomp.CodeGenerator#void#add#?,Node,Context#685	-0.003245192307692308	0.0	-0.001622596153846154		_
com.google.javascript.jscomp.CodeGenerator#void#add#?,Node,Context#687	-0.003245192307692308	0.0	-0.001622596153846154		_
com.google.javascript.jscomp.GatherSideEffectSubexpressionsCallback#boolean#shouldTraverse#?,NodeTraversal,Node,Node#248	-0.003245192307692308	0.0	-0.001622596153846154		_
com.google.javascript.jscomp.NodeUtil#String#opToStr#?,int#2198	-0.003245192307692308	0.0	-0.001622596153846154		_
com.google.javascript.jscomp.ClosureCodingConvention#SubclassType#typeofClassDefiningName#?,Node#179	-0.003245192307692308	0.0	-0.001622596153846154		_
com.google.javascript.rhino.Token#String#name#?,int#226	-0.0033653846153846156	0.0	-0.0016826923076923078		_
com.google.javascript.jscomp.NameAnalyzer$JsNameRefNode#void#remove#?#325	-0.0033653846153846156	0.0	-0.0016826923076923078		_
com.google.javascript.jscomp.NameAnalyzer$JsNameRefNode#void#remove#?#324	-0.0033653846153846156	0.0	-0.0016826923076923078		_
com.google.javascript.jscomp.NodeUtil#String#opToStr#?,int#2203	-0.0033653846153846156	0.0	-0.0016826923076923078		_
com.google.javascript.jscomp.CodeGenerator#void#add#?,Node,Context#748	-0.0033653846153846156	0.0	-0.0016826923076923078		_
com.google.javascript.jscomp.CodeGenerator#void#add#?,Node,Context#749	-0.0033653846153846156	0.0	-0.0016826923076923078		_
com.google.javascript.jscomp.CodeGenerator#void#add#?,Node,Context#746	-0.0033653846153846156	0.0	-0.0016826923076923078		_
com.google.javascript.jscomp.CodeGenerator#void#add#?,Node,Context#747	-0.0033653846153846156	0.0	-0.0016826923076923078		_
com.google.javascript.jscomp.CodeGenerator#void#add#?,Node,Context#745	-0.0033653846153846156	0.0	-0.0016826923076923078		_
com.google.javascript.jscomp.NameAnalyzer#List<Node>#getRhsSubexpressions#?,Node#1856	-0.0033653846153846156	0.0	-0.0016826923076923078		_
com.google.javascript.jscomp.MarkNoSideEffectCalls$SetNoSideEffectCallProperty#void#visit#?,NodeTraversal,Node,Node#197	-0.0033653846153846156	0.0	-0.0016826923076923078		_
com.google.javascript.rhino.Token#String#name#?,int#224	-0.0034855769230769233	0.0	-0.0017427884615384616		_
com.google.javascript.rhino.Token#String#name#?,int#239	-0.0034855769230769233	0.0	-0.0017427884615384616		_
com.google.javascript.jscomp.Compiler#Node#parseInputs#?#1352	-0.0034855769230769233	0.0	-0.0017427884615384616		_
com.google.javascript.jscomp.Compiler#Node#parseInputs#?#1353	-0.0034855769230769233	0.0	-0.0017427884615384616		_
com.google.javascript.jscomp.CodeGenerator#void#add#?,Node,Context#730	-0.0034855769230769233	0.0	-0.0017427884615384616		_
com.google.javascript.rhino.jstype.PrototypeObjectType#boolean#isSubtype#?,JSType#342	-0.0034855769230769233	0.0	-0.0017427884615384616		_
com.google.javascript.rhino.jstype.PrototypeObjectType#boolean#isSubtype#?,JSType#341	-0.0034855769230769233	0.0	-0.0017427884615384616		_
com.google.javascript.jscomp.CodeGenerator#void#add#?,Node,Context#692	-0.0034855769230769233	0.0	-0.0017427884615384616		_
com.google.javascript.jscomp.NameAnalyzer$FindReferences#boolean#shouldTraverse#?,NodeTraversal,Node,Node#842	-0.0034855769230769233	0.0	-0.0017427884615384616		_
com.google.javascript.jscomp.ClosureCodingConvention#SubclassType#typeofClassDefiningName#?,Node#171	-0.0034855769230769233	0.0	-0.0017427884615384616		_
com.google.javascript.jscomp.Compiler#void#hoistExterns#?,Node#1436	-0.003605769230769231	0.0	-0.0018028846153846155		_
com.google.javascript.jscomp.CodePrinter$CompactCodePrinter#void#maybeCutLine#?#502	-0.003605769230769231	0.0	-0.0018028846153846155		_
com.google.javascript.jscomp.CodePrinter$CompactCodePrinter#void#maybeCutLine#?#503	-0.003605769230769231	0.0	-0.0018028846153846155		_
com.google.javascript.jscomp.CodePrinter$CompactCodePrinter#void#maybeCutLine#?#504	-0.003605769230769231	0.0	-0.0018028846153846155		_
com.google.javascript.jscomp.CodePrinter$CompactCodePrinter#void#maybeCutLine#?#505	-0.003605769230769231	0.0	-0.0018028846153846155		_
com.google.javascript.jscomp.CodePrinter$CompactCodePrinter#void#maybeCutLine#?#506	-0.003605769230769231	0.0	-0.0018028846153846155		_
com.google.javascript.jscomp.CodePrinter$CompactCodePrinter#void#maybeCutLine#?#507	-0.003605769230769231	0.0	-0.0018028846153846155		_
com.google.javascript.jscomp.CodePrinter$CompactCodePrinter#void#maybeCutLine#?#508	-0.003605769230769231	0.0	-0.0018028846153846155		_
com.google.javascript.rhino.Token#String#name#?,int#254	-0.0037259615384615387	0.0	-0.0018629807692307693		_
com.google.javascript.jscomp.DefinitionsRemover#Definition#getDefinition#?,Node,boolean#53	-0.0037259615384615387	0.0	-0.0018629807692307693		_
com.google.javascript.jscomp.parsing.IRFactory#int#transformTokenType#?,int#1423	-0.0037259615384615387	0.0	-0.0018629807692307693		_
com.google.javascript.jscomp.AstValidator#void#validateStatement#?,Node#114	-0.0037259615384615387	0.0	-0.0018629807692307693		_
com.google.javascript.jscomp.AstValidator#void#validateStatement#?,Node#115	-0.0037259615384615387	0.0	-0.0018629807692307693		_
com.google.javascript.rhino.Token#String#name#?,int#192	-0.0037259615384615387	0.0	-0.0018629807692307693		_
com.google.javascript.jscomp.CodeGenerator#void#add#?,Node,Context#451	-0.0038461538461538464	0.0	-0.0019230769230769232		_
com.google.javascript.jscomp.CodeGenerator#void#add#?,Node,Context#450	-0.0038461538461538464	0.0	-0.0019230769230769232		_
com.google.javascript.jscomp.CodeGenerator#void#add#?,Node,Context#456	-0.0038461538461538464	0.0	-0.0019230769230769232		_
com.google.javascript.jscomp.CodeGenerator#void#add#?,Node,Context#455	-0.0038461538461538464	0.0	-0.0019230769230769232		_
com.google.javascript.jscomp.CodeGenerator#void#add#?,Node,Context#454	-0.0038461538461538464	0.0	-0.0019230769230769232		_
com.google.javascript.jscomp.CodeGenerator#void#add#?,Node,Context#453	-0.0038461538461538464	0.0	-0.0019230769230769232		_
com.google.javascript.jscomp.CodeGenerator#void#add#?,Node,Context#452	-0.0038461538461538464	0.0	-0.0019230769230769232		_
com.google.javascript.jscomp.CodeGenerator#void#add#?,Node,Context#449	-0.0038461538461538464	0.0	-0.0019230769230769232		_
com.google.javascript.jscomp.CodeGenerator#void#add#?,Node,Context#446	-0.0038461538461538464	0.0	-0.0019230769230769232		_
com.google.javascript.jscomp.CodeGenerator#void#add#?,Node,Context#448	-0.0038461538461538464	0.0	-0.0019230769230769232		_
com.google.javascript.jscomp.CodeGenerator#void#add#?,Node,Context#447	-0.0038461538461538464	0.0	-0.0019230769230769232		_
com.google.javascript.jscomp.Compiler#void#fillEmptyModules#?,List<JSModule>#485	-0.0038461538461538464	0.0	-0.0019230769230769232		_
com.google.javascript.jscomp.CodeGenerator#void#add#?,Node,Context#160	-0.0038461538461538464	0.0	-0.0019230769230769232		_
com.google.javascript.jscomp.CodeGenerator#void#add#?,Node,Context#161	-0.0038461538461538464	0.0	-0.0019230769230769232		_
com.google.javascript.jscomp.CodeGenerator#void#add#?,Node,Context#162	-0.0038461538461538464	0.0	-0.0019230769230769232		_
com.google.javascript.jscomp.ClosureCodingConvention#SubclassRelationship#getClassesDefinedByCall#?,Node#119	-0.003966346153846154	0.0	-0.001983173076923077		_
com.google.javascript.jscomp.NameAnalyzer#void#replaceWithRhs#?,Node,Node#1711	-0.003966346153846154	0.0	-0.001983173076923077		_
com.google.javascript.jscomp.NameAnalyzer#void#replaceWithRhs#?,Node,Node#1713	-0.003966346153846154	0.0	-0.001983173076923077		_
com.google.javascript.jscomp.NameAnalyzer#void#replaceWithRhs#?,Node,Node#1712	-0.003966346153846154	0.0	-0.001983173076923077		_
com.google.javascript.jscomp.NameAnalyzer#void#replaceWithRhs#?,Node,Node#1714	-0.003966346153846154	0.0	-0.001983173076923077		_
com.google.javascript.jscomp.NameAnalyzer#void#replaceWithRhs#?,Node,Node#1709	-0.003966346153846154	0.0	-0.001983173076923077		_
com.google.javascript.jscomp.NameAnalyzer#void#replaceWithRhs#?,Node,Node#1708	-0.003966346153846154	0.0	-0.001983173076923077		_
com.google.javascript.jscomp.NameAnalyzer#void#replaceWithRhs#?,Node,Node#1707	-0.003966346153846154	0.0	-0.001983173076923077		_
com.google.javascript.jscomp.NameAnalyzer#void#replaceWithRhs#?,Node,Node#1706	-0.003966346153846154	0.0	-0.001983173076923077		_
com.google.javascript.jscomp.NodeUtil#int#precedenceWithDefault#?,int#1237	-0.003966346153846154	0.0	-0.001983173076923077		_
com.google.javascript.jscomp.parsing.IRFactory#int#transformTokenType#?,int#1453	-0.004086538461538462	0.0	-0.002043269230769231		_
com.google.javascript.jscomp.NodeUtil#boolean#evaluatesToLocalValue#?,Node,Predicate<Node>#2973	-0.004086538461538462	0.0	-0.002043269230769231		_
com.google.javascript.jscomp.MakeDeclaredNamesUnique#void#visit#?,NodeTraversal,Node,Node#189	-0.004206730769230769	0.0	-0.0021033653846153845		_
com.google.javascript.jscomp.MakeDeclaredNamesUnique#void#visit#?,NodeTraversal,Node,Node#190	-0.004206730769230769	0.0	-0.0021033653846153845		_
com.google.javascript.rhino.Token#String#name#?,int#221	-0.004206730769230769	0.0	-0.0021033653846153845		_
com.google.javascript.jscomp.NameAnalyzer$FindDeclarationsAndSetters#void#recordSet#?,String,Node#694	-0.004206730769230769	0.0	-0.0021033653846153845		_
com.google.javascript.jscomp.NodeUtil#boolean#nodeTypeMayHaveSideEffects#?,Node,AbstractCompiler#1101	-0.004206730769230769	0.0	-0.0021033653846153845		_
com.google.javascript.jscomp.MakeDeclaredNamesUnique#boolean#shouldTraverse#?,NodeTraversal,Node,Node#145	-0.004206730769230769	0.0	-0.0021033653846153845		_
com.google.javascript.jscomp.MakeDeclaredNamesUnique#boolean#shouldTraverse#?,NodeTraversal,Node,Node#148	-0.004206730769230769	0.0	-0.0021033653846153845		_
com.google.javascript.jscomp.MakeDeclaredNamesUnique#boolean#shouldTraverse#?,NodeTraversal,Node,Node#147	-0.004206730769230769	0.0	-0.0021033653846153845		_
com.google.javascript.jscomp.MakeDeclaredNamesUnique#boolean#shouldTraverse#?,NodeTraversal,Node,Node#150	-0.004206730769230769	0.0	-0.0021033653846153845		_
com.google.javascript.jscomp.MakeDeclaredNamesUnique#boolean#shouldTraverse#?,NodeTraversal,Node,Node#152	-0.004206730769230769	0.0	-0.0021033653846153845		_
com.google.javascript.jscomp.NameAnalyzer#NameInformation#createNameInformation#?,NodeTraversal,Node#1486	-0.004326923076923077	0.0	-0.0021634615384615386		_
com.google.javascript.rhino.jstype.UnionTypeBuilder#JSType#reduceAlternatesWithoutUnion#?#306	-0.004326923076923077	0.0	-0.0021634615384615386		_
com.google.javascript.jscomp.CodeGenerator#void#add#?,Node,Context#634	-0.004326923076923077	0.0	-0.0021634615384615386		_
com.google.javascript.jscomp.CodeGenerator#void#add#?,Node,Context#638	-0.004326923076923077	0.0	-0.0021634615384615386		_
com.google.javascript.jscomp.CodeGenerator#void#add#?,Node,Context#637	-0.004326923076923077	0.0	-0.0021634615384615386		_
com.google.javascript.jscomp.GatherSideEffectSubexpressionsCallback#boolean#shouldTraverse#?,NodeTraversal,Node,Node#262	-0.004326923076923077	0.0	-0.0021634615384615386		_
com.google.javascript.jscomp.GatherSideEffectSubexpressionsCallback#boolean#shouldTraverse#?,NodeTraversal,Node,Node#263	-0.004326923076923077	0.0	-0.0021634615384615386		_
com.google.javascript.jscomp.NodeUtil#boolean#evaluatesToLocalValue#?,Node,Predicate<Node>#2980	-0.004326923076923077	0.0	-0.0021634615384615386		_
com.google.javascript.jscomp.CodeGenerator#void#add#?,Node,Context#344	-0.004326923076923077	0.0	-0.0021634615384615386		_
com.google.javascript.jscomp.CodeGenerator#void#add#?,Node,Context#343	-0.004326923076923077	0.0	-0.0021634615384615386		_
com.google.javascript.rhino.Token#String#name#?,int#188	-0.004326923076923077	0.0	-0.0021634615384615386		_
com.google.javascript.jscomp.Normalize$NormalizeStatements#void#extractForInitializer#?,Node,Node,Node#581	-0.004447115384615384	0.0	-0.002223557692307692		_
com.google.javascript.jscomp.Normalize$NormalizeStatements#void#extractForInitializer#?,Node,Node,Node#580	-0.004447115384615384	0.0	-0.002223557692307692		_
com.google.javascript.jscomp.Normalize$NormalizeStatements#void#doStatementNormalizations#?,Node#508	-0.0045673076923076926	0.0	-0.0022836538461538463		_
com.google.javascript.jscomp.Normalize$NormalizeStatements#void#extractForInitializer#?,Node,Node,Node#577	-0.0045673076923076926	0.0	-0.0022836538461538463		_
com.google.javascript.jscomp.Normalize$NormalizeStatements#void#extractForInitializer#?,Node,Node,Node#576	-0.0045673076923076926	0.0	-0.0022836538461538463		_
com.google.javascript.jscomp.Scope#boolean#isDeclared#?,String,boolean#558	-0.0045673076923076926	0.0	-0.0022836538461538463		_
com.google.javascript.rhino.jstype.PrototypeObjectType#boolean#defineProperty#?,String,JSType,boolean,Node#138	-0.0045673076923076926	0.0	-0.0022836538461538463		_
com.google.javascript.jscomp.NodeUtil#String#opToStr#?,int#2185	-0.0045673076923076926	0.0	-0.0022836538461538463		_
com.google.javascript.rhino.Token#String#name#?,int#257	-0.0046875	0.0	-0.00234375		_
com.google.javascript.rhino.Token#String#name#?,int#261	-0.0046875	0.0	-0.00234375		_
com.google.javascript.jscomp.NodeUtil#String#opToStr#?,int#2220	-0.0046875	0.0	-0.00234375		_
com.google.javascript.jscomp.Normalize$NormalizeStatements#void#extractForInitializer#?,Node,Node,Node#603	-0.0046875	0.0	-0.00234375		_
com.google.javascript.jscomp.NodeUtil#int#precedenceWithDefault#?,int#1201	-0.0046875	0.0	-0.00234375		_
com.google.javascript.rhino.jstype.UnionTypeBuilder#JSType#reduceAlternatesWithoutUnion#?#290	-0.0046875	0.0	-0.00234375		_
com.google.javascript.jscomp.NameAnalyzer$ProcessExternals#void#visit#?,NodeTraversal,Node,Node#471	-0.0046875	0.0	-0.00234375		_
com.google.javascript.jscomp.parsing.IRFactory#int#transformTokenType#?,int#1374	-0.004807692307692308	0.0	-0.002403846153846154		_
com.google.javascript.jscomp.parsing.IRFactory#Node#transformTree#?,AstRoot,StaticSourceFile,String,Config,ErrorReporter#201	-0.004807692307692308	0.0	-0.002403846153846154		_
com.google.javascript.jscomp.NodeUtil#String#opToStr#?,int#2197	-0.004807692307692308	0.0	-0.002403846153846154		_
com.google.javascript.jscomp.NameAnalyzer$FindDeclarationsAndSetters#void#visit#?,NodeTraversal,Node,Node#664	-0.004807692307692308	0.0	-0.002403846153846154		_
com.google.javascript.jscomp.parsing.IRFactory$TransformDispatcher#Node#transformAsString#?,AstNode#553	-0.004927884615384615	0.0	-0.0024639423076923076		_
com.google.javascript.jscomp.parsing.IRFactory$TransformDispatcher#Node#transformAsString#?,AstNode#554	-0.004927884615384615	0.0	-0.0024639423076923076		_
com.google.javascript.rhino.Node#String#propToString#?,int#124	-0.004927884615384615	0.0	-0.0024639423076923076		_
com.google.javascript.jscomp.parsing.IRFactory#void#setFileOverviewJsDoc#?,Node#227	-0.005048076923076923	0.0	-0.0025240384615384617		_
com.google.javascript.jscomp.parsing.IRFactory#void#setFileOverviewJsDoc#?,Node#226	-0.005048076923076923	0.0	-0.0025240384615384617		_
com.google.javascript.jscomp.parsing.IRFactory#void#setFileOverviewJsDoc#?,Node#222	-0.005048076923076923	0.0	-0.0025240384615384617		_
com.google.javascript.jscomp.parsing.IRFactory#int#transformTokenType#?,int#1356	-0.005048076923076923	0.0	-0.0025240384615384617		_
com.google.javascript.jscomp.CodeGenerator#void#add#?,Node,Context#339	-0.005048076923076923	0.0	-0.0025240384615384617		_
com.google.javascript.jscomp.CodeGenerator#void#add#?,Node,Context#340	-0.005048076923076923	0.0	-0.0025240384615384617		_
com.google.javascript.jscomp.NodeUtil#String#opToStr#?,int#2213	-0.005168269230769231	0.0	-0.0025841346153846153		_
com.google.javascript.jscomp.SimpleDefinitionFinder#Collection<Definition>#getDefinitionsReferencedAt#?,Node#86	-0.005168269230769231	0.0	-0.0025841346153846153		_
com.google.javascript.rhino.Node#String#propToString#?,int#120	-0.005168269230769231	0.0	-0.0025841346153846153		_
com.google.javascript.jscomp.CodeGenerator#void#add#?,Node,Context#765	-0.005288461538461539	0.0	-0.0026442307692307694		_
com.google.javascript.jscomp.parsing.IRFactory#Node#transformTree#?,AstRoot,StaticSourceFile,String,Config,ErrorReporter#199	-0.005288461538461539	0.0	-0.0026442307692307694		_
com.google.javascript.jscomp.AstValidator#void#validateStatement#?,Node#117	-0.005288461538461539	0.0	-0.0026442307692307694		_
com.google.javascript.jscomp.AstValidator#void#validateStatement#?,Node#118	-0.005288461538461539	0.0	-0.0026442307692307694		_
com.google.javascript.jscomp.CodeGenerator#void#add#?,Node,Context#736	-0.005408653846153846	0.0	-0.002704326923076923		_
com.google.javascript.jscomp.CodeGenerator#void#add#?,Node,Context#737	-0.005408653846153846	0.0	-0.002704326923076923		_
com.google.javascript.jscomp.CodeGenerator#void#add#?,Node,Context#738	-0.005408653846153846	0.0	-0.002704326923076923		_
com.google.javascript.jscomp.CodeGenerator#void#add#?,Node,Context#739	-0.005408653846153846	0.0	-0.002704326923076923		_
com.google.javascript.jscomp.CodeGenerator#void#add#?,Node,Context#741	-0.005408653846153846	0.0	-0.002704326923076923		_
com.google.javascript.jscomp.CodeGenerator#void#add#?,Node,Context#740	-0.005408653846153846	0.0	-0.002704326923076923		_
com.google.javascript.jscomp.CodeGenerator#void#add#?,Node,Context#742	-0.005408653846153846	0.0	-0.002704326923076923		_
com.google.javascript.rhino.Node#String#propToString#?,int#129	-0.005408653846153846	0.0	-0.002704326923076923		_
com.google.javascript.rhino.Token#String#name#?,int#223	-0.005528846153846154	0.0	-0.002764423076923077		_
com.google.javascript.rhino.jstype.FunctionType#boolean#setPrototypeNoCheck#?,ObjectType,Node#476	-0.005528846153846154	0.0	-0.002764423076923077		_
com.google.javascript.jscomp.CodeConsumer#void#add#?,String#201	-0.005528846153846154	0.0	-0.002764423076923077		_
com.google.javascript.jscomp.CodeConsumer#void#endBlock#?,boolean#117	-0.005528846153846154	0.0	-0.002764423076923077		_
com.google.javascript.jscomp.NodeUtil#boolean#evaluatesToLocalValue#?,Node,Predicate<Node>#2993	-0.005528846153846154	0.0	-0.002764423076923077		_
com.google.javascript.jscomp.NameAnalyzer#NameInformation#createNameInformation#?,String,Scope,Node#1529	-0.005528846153846154	0.0	-0.002764423076923077		_
com.google.javascript.jscomp.NameAnalyzer#NameInformation#createNameInformation#?,String,Scope,Node#1531	-0.005528846153846154	0.0	-0.002764423076923077		_
com.google.javascript.jscomp.NameAnalyzer#NameInformation#createNameInformation#?,String,Scope,Node#1530	-0.005528846153846154	0.0	-0.002764423076923077		_
com.google.javascript.rhino.Token#String#name#?,int#229	-0.005649038461538461	0.0	-0.0028245192307692307		_
com.google.javascript.jscomp.Normalize$NormalizeStatements#void#extractForInitializer#?,Node,Node,Node#602	-0.005649038461538461	0.0	-0.0028245192307692307		_
com.google.javascript.jscomp.Normalize$NormalizeStatements#void#extractForInitializer#?,Node,Node,Node#609	-0.005649038461538461	0.0	-0.0028245192307692307		_
com.google.javascript.jscomp.Normalize$NormalizeStatements#void#extractForInitializer#?,Node,Node,Node#608	-0.005649038461538461	0.0	-0.0028245192307692307		_
com.google.javascript.jscomp.Normalize$NormalizeStatements#void#extractForInitializer#?,Node,Node,Node#595	-0.005649038461538461	0.0	-0.0028245192307692307		_
com.google.javascript.jscomp.Normalize$NormalizeStatements#void#extractForInitializer#?,Node,Node,Node#594	-0.005649038461538461	0.0	-0.0028245192307692307		_
com.google.javascript.jscomp.Normalize$NormalizeStatements#void#extractForInitializer#?,Node,Node,Node#596	-0.005649038461538461	0.0	-0.0028245192307692307		_
com.google.javascript.jscomp.Normalize$NormalizeStatements#void#extractForInitializer#?,Node,Node,Node#597	-0.005649038461538461	0.0	-0.0028245192307692307		_
com.google.javascript.jscomp.Normalize$NormalizeStatements#void#extractForInitializer#?,Node,Node,Node#599	-0.005649038461538461	0.0	-0.0028245192307692307		_
com.google.javascript.jscomp.Normalize$NormalizeStatements#void#moveNamedFunctions#?,Node#654	-0.005649038461538461	0.0	-0.0028245192307692307		_
com.google.javascript.jscomp.Normalize$NormalizeStatements#void#moveNamedFunctions#?,Node#655	-0.005649038461538461	0.0	-0.0028245192307692307		_
com.google.javascript.jscomp.Normalize$NormalizeStatements#void#moveNamedFunctions#?,Node#656	-0.005649038461538461	0.0	-0.0028245192307692307		_
com.google.javascript.jscomp.NodeUtil#String#opToStr#?,int#2186	-0.005889423076923077	0.0	-0.0029447115384615384		_
com.google.javascript.rhino.jstype.FunctionType#boolean#setPrototypeNoCheck#?,ObjectType,Node#474	-0.006009615384615385	0.0	-0.0030048076923076925		_
com.google.javascript.rhino.jstype.FunctionType#boolean#setPrototypeNoCheck#?,ObjectType,Node#475	-0.006009615384615385	0.0	-0.0030048076923076925		_
com.google.javascript.rhino.jstype.ObjectType#boolean#isUnknownType#?#562	-0.006009615384615385	0.0	-0.0030048076923076925		_
com.google.javascript.rhino.jstype.ObjectType#boolean#isUnknownType#?#561	-0.006009615384615385	0.0	-0.0030048076923076925		_
com.google.javascript.jscomp.parsing.TypeSafeDispatcher#T#process#?,AstNode#197	-0.006129807692307692	0.0	-0.003064903846153846		_
com.google.javascript.jscomp.MakeDeclaredNamesUnique#boolean#shouldTraverse#?,NodeTraversal,Node,Node#119	-0.006129807692307692	0.0	-0.003064903846153846		_
com.google.javascript.rhino.Token#String#name#?,int#264	-0.00625	0.0	-0.003125		_
com.google.javascript.rhino.Token#String#name#?,int#213	-0.00625	0.0	-0.003125		_
com.google.javascript.jscomp.parsing.IRFactory#int#transformTokenType#?,int#1358	-0.00625	0.0	-0.003125		_
com.google.javascript.rhino.jstype.JSType#boolean#checkEquivalenceHelper#?,JSType,EquivalenceMethod#626	-0.00625	0.0	-0.003125		_
com.google.javascript.jscomp.CodeGenerator#void#add#?,Node,Context#132	-0.00625	0.0	-0.003125		_
com.google.javascript.jscomp.CodeGenerator#void#add#?,Node,Context#134	-0.00625	0.0	-0.003125		_
com.google.javascript.jscomp.CodeGenerator#void#add#?,Node,Context#133	-0.00625	0.0	-0.003125		_
com.google.javascript.rhino.jstype.PropertyMap#void#putProperty#?,String,Property#197	-0.006370192307692308	0.0	-0.003185096153846154		_
com.google.javascript.rhino.Token#String#name#?,int#190	-0.006370192307692308	0.0	-0.003185096153846154		_
com.google.javascript.jscomp.CodePrinter$MappedCodePrinter#void#endSourceMapping#?,Node#117	-0.006490384615384616	0.0	-0.003245192307692308		_
com.google.javascript.jscomp.CodePrinter$MappedCodePrinter#void#endSourceMapping#?,Node#116	-0.006490384615384616	0.0	-0.003245192307692308		_
com.google.javascript.jscomp.CodePrinter$MappedCodePrinter#void#endSourceMapping#?,Node#119	-0.006490384615384616	0.0	-0.003245192307692308		_
com.google.javascript.jscomp.CodePrinter$MappedCodePrinter#void#endSourceMapping#?,Node#118	-0.006490384615384616	0.0	-0.003245192307692308		_
com.google.javascript.jscomp.CodePrinter$MappedCodePrinter#void#endSourceMapping#?,Node#120	-0.006490384615384616	0.0	-0.003245192307692308		_
com.google.javascript.jscomp.CodePrinter$MappedCodePrinter#void#startSourceMapping#?,Node#102	-0.006490384615384616	0.0	-0.003245192307692308		_
com.google.javascript.jscomp.CodePrinter$MappedCodePrinter#void#startSourceMapping#?,Node#103	-0.006490384615384616	0.0	-0.003245192307692308		_
com.google.javascript.jscomp.CodePrinter$MappedCodePrinter#void#startSourceMapping#?,Node#104	-0.006490384615384616	0.0	-0.003245192307692308		_
com.google.javascript.jscomp.CodePrinter$MappedCodePrinter#void#startSourceMapping#?,Node#105	-0.006490384615384616	0.0	-0.003245192307692308		_
com.google.javascript.jscomp.CodePrinter$MappedCodePrinter#void#startSourceMapping#?,Node#100	-0.006490384615384616	0.0	-0.003245192307692308		_
com.google.javascript.jscomp.CodePrinter$MappedCodePrinter#void#startSourceMapping#?,Node#101	-0.006490384615384616	0.0	-0.003245192307692308		_
com.google.javascript.jscomp.CodeGenerator#void#add#?,Node,Context#721	-0.006490384615384616	0.0	-0.003245192307692308		_
com.google.javascript.jscomp.CodeGenerator#void#add#?,Node,Context#675	-0.006490384615384616	0.0	-0.003245192307692308		_
com.google.javascript.jscomp.CodeGenerator#void#add#?,Node,Context#674	-0.006490384615384616	0.0	-0.003245192307692308		_
com.google.javascript.jscomp.CodeGenerator#void#add#?,Node,Context#672	-0.006490384615384616	0.0	-0.003245192307692308		_
com.google.javascript.jscomp.CodePrinter#String#toSource#?,Node,Format,CompilerOptions,JSTypeRegistry,SourceMap,boolean#693	-0.006490384615384616	0.0	-0.003245192307692308		_
com.google.javascript.jscomp.parsing.IRFactory#int#transformTokenType#?,int#1344	-0.006490384615384616	0.0	-0.003245192307692308		_
com.google.javascript.jscomp.Compiler#void#initBasedOnOptions#?#435	-0.006490384615384616	0.0	-0.003245192307692308		_
com.google.javascript.jscomp.Compiler#void#initBasedOnOptions#?#434	-0.006490384615384616	0.0	-0.003245192307692308		_
com.google.javascript.jscomp.CodePrinter$MappedCodePrinter#void#startSourceMapping#?,Node#99	-0.006490384615384616	0.0	-0.003245192307692308		_
com.google.javascript.jscomp.CodePrinter$MappedCodePrinter#void#startSourceMapping#?,Node#98	-0.006490384615384616	0.0	-0.003245192307692308		_
com.google.javascript.jscomp.NodeUtil#boolean#evaluatesToLocalValue#?,Node,Predicate<Node>#3005	-0.006610576923076923	0.0	-0.0033052884615384615		_
com.google.javascript.jscomp.NameAnalyzer#void#referenceAliases#?#1359	-0.006610576923076923	0.0	-0.0033052884615384615		_
com.google.javascript.jscomp.NameAnalyzer#void#referenceAliases#?#1358	-0.006610576923076923	0.0	-0.0033052884615384615		_
com.google.javascript.jscomp.parsing.IRFactory#int#transformTokenType#?,int#1338	-0.006610576923076923	0.0	-0.0033052884615384615		_
com.google.javascript.jscomp.DiagnosticGroup#?#DiagnosticGroup#?,DiagnosticType#62	-0.006610576923076923	0.0	-0.0033052884615384615		_
com.google.javascript.jscomp.DiagnosticGroup#?#DiagnosticGroup#?,DiagnosticType#61	-0.006610576923076923	0.0	-0.0033052884615384615		_
com.google.javascript.jscomp.GatherSideEffectSubexpressionsCallback#boolean#shouldTraverse#?,NodeTraversal,Node,Node#259	-0.006730769230769231	0.0	-0.0033653846153846156		_
com.google.javascript.jscomp.CodeGenerator#void#add#?,Node,Context#303	-0.006730769230769231	0.0	-0.0033653846153846156		_
com.google.javascript.jscomp.CodeGenerator#void#add#?,Node,Context#302	-0.006730769230769231	0.0	-0.0033653846153846156		_
com.google.javascript.jscomp.NameAnalyzer$JsNameRefNode#void#remove#?#328	-0.006850961538461538	0.0	-0.003425480769230769		_
com.google.javascript.jscomp.CodeGenerator#void#add#?,Node,Context#701	-0.006850961538461538	0.0	-0.003425480769230769		_
com.google.javascript.jscomp.NameAnalyzer#List<Node>#getRhsSubexpressions#?,Node#1853	-0.006850961538461538	0.0	-0.003425480769230769		_
com.google.javascript.jscomp.parsing.IRFactory#int#transformTokenType#?,int#1370	-0.006850961538461538	0.0	-0.003425480769230769		_
com.google.javascript.jscomp.CodeGenerator#void#add#?,Node,Context#336	-0.006850961538461538	0.0	-0.003425480769230769		_
com.google.javascript.jscomp.CodeGenerator#void#add#?,Node,Context#337	-0.006850961538461538	0.0	-0.003425480769230769		_
com.google.javascript.jscomp.CodeGenerator#void#add#?,Node,Context#331	-0.006850961538461538	0.0	-0.003425480769230769		_
com.google.javascript.jscomp.CodeGenerator#void#add#?,Node,Context#332	-0.006850961538461538	0.0	-0.003425480769230769		_
com.google.javascript.jscomp.CodeGenerator#void#add#?,Node,Context#333	-0.006850961538461538	0.0	-0.003425480769230769		_
com.google.javascript.jscomp.CodeGenerator#void#add#?,Node,Context#348	-0.006850961538461538	0.0	-0.003425480769230769		_
com.google.javascript.jscomp.CodeGenerator#void#add#?,Node,Context#349	-0.006850961538461538	0.0	-0.003425480769230769		_
com.google.javascript.jscomp.CodeGenerator#void#add#?,Node,Context#372	-0.006850961538461538	0.0	-0.003425480769230769		_
com.google.javascript.jscomp.CodeGenerator#void#add#?,Node,Context#371	-0.006850961538461538	0.0	-0.003425480769230769		_
com.google.javascript.jscomp.CodeGenerator#void#add#?,Node,Context#370	-0.006850961538461538	0.0	-0.003425480769230769		_
com.google.javascript.jscomp.CodeGenerator#void#add#?,Node,Context#351	-0.006850961538461538	0.0	-0.003425480769230769		_
com.google.javascript.jscomp.CodeGenerator#void#add#?,Node,Context#350	-0.006850961538461538	0.0	-0.003425480769230769		_
com.google.javascript.jscomp.CodeGenerator#void#add#?,Node,Context#354	-0.006850961538461538	0.0	-0.003425480769230769		_
com.google.javascript.jscomp.CodeGenerator#void#add#?,Node,Context#359	-0.006850961538461538	0.0	-0.003425480769230769		_
com.google.javascript.jscomp.NameAnalyzer#NameInformation#createNameInformation#?,NodeTraversal,Node#1415	-0.0069711538461538465	0.0	-0.0034855769230769233		_
com.google.javascript.jscomp.NameAnalyzer#NameInformation#createNameInformation#?,NodeTraversal,Node#1416	-0.0069711538461538465	0.0	-0.0034855769230769233		_
com.google.javascript.jscomp.CodeGenerator#void#add#?,Node,Context#460	-0.0069711538461538465	0.0	-0.0034855769230769233		_
com.google.javascript.jscomp.CodeGenerator#void#add#?,Node,Context#462	-0.0069711538461538465	0.0	-0.0034855769230769233		_
com.google.javascript.jscomp.CodeGenerator#void#add#?,Node,Context#461	-0.0069711538461538465	0.0	-0.0034855769230769233		_
com.google.javascript.jscomp.CodeGenerator#void#add#?,Node,Context#467	-0.0069711538461538465	0.0	-0.0034855769230769233		_
com.google.javascript.jscomp.CodeGenerator#void#add#?,Node,Context#464	-0.0069711538461538465	0.0	-0.0034855769230769233		_
com.google.javascript.jscomp.CodeGenerator#void#add#?,Node,Context#463	-0.0069711538461538465	0.0	-0.0034855769230769233		_
com.google.javascript.jscomp.CodeGenerator#void#add#?,Node,Context#465	-0.0069711538461538465	0.0	-0.0034855769230769233		_
com.google.javascript.jscomp.CodeGenerator#void#add#?,Node,Context#459	-0.0069711538461538465	0.0	-0.0034855769230769233		_
com.google.javascript.jscomp.parsing.IRFactory#Node#transformNameAsString#?,Name#413	-0.0069711538461538465	0.0	-0.0034855769230769233		_
com.google.javascript.rhino.jstype.PrototypeObjectType#boolean#isSubtype#?,JSType#350	-0.007091346153846154	0.0	-0.003545673076923077		_
com.google.javascript.rhino.jstype.PrototypeObjectType#boolean#isSubtype#?,JSType#348	-0.007091346153846154	0.0	-0.003545673076923077		_
com.google.javascript.rhino.jstype.PrototypeObjectType#boolean#isSubtype#?,JSType#349	-0.007091346153846154	0.0	-0.003545673076923077		_
com.google.javascript.jscomp.CodeGenerator#void#add#?,Node,Context#179	-0.007091346153846154	0.0	-0.003545673076923077		_
com.google.javascript.jscomp.CodeGenerator#void#add#?,Node,Context#185	-0.007091346153846154	0.0	-0.003545673076923077		_
com.google.javascript.jscomp.CodeGenerator#void#add#?,Node,Context#186	-0.007091346153846154	0.0	-0.003545673076923077		_
com.google.javascript.jscomp.CodeGenerator#void#add#?,Node,Context#180	-0.007091346153846154	0.0	-0.003545673076923077		_
com.google.javascript.jscomp.CodeGenerator#void#add#?,Node,Context#181	-0.007091346153846154	0.0	-0.003545673076923077		_
com.google.javascript.jscomp.AstValidator#void#validateExpression#?,Node#257	-0.007091346153846154	0.0	-0.003545673076923077		_
com.google.javascript.jscomp.AstValidator#void#validateExpression#?,Node#258	-0.007091346153846154	0.0	-0.003545673076923077		_
com.google.javascript.jscomp.DefinitionsRemover#Definition#getDefinition#?,Node,boolean#58	-0.007211538461538462	0.0	-0.003605769230769231		_
com.google.javascript.jscomp.CodePrinter$CompactCodePrinter#void#maybeCutLine#?#510	-0.007211538461538462	0.0	-0.003605769230769231		_
com.google.javascript.jscomp.AstValidator#void#validateStatement#?,Node#132	-0.007211538461538462	0.0	-0.003605769230769231		_
com.google.javascript.jscomp.AstValidator#void#validateStatement#?,Node#133	-0.007211538461538462	0.0	-0.003605769230769231		_
com.google.javascript.jscomp.CodeGenerator#void#add#?,Node,Context#296	-0.007331730769230769	0.0	-0.0036658653846153846		_
com.google.javascript.jscomp.CodeGenerator#void#add#?,Node,Context#291	-0.007331730769230769	0.0	-0.0036658653846153846		_
com.google.javascript.jscomp.CodeGenerator#void#add#?,Node,Context#299	-0.007331730769230769	0.0	-0.0036658653846153846		_
com.google.javascript.jscomp.CodeGenerator#void#add#?,Node,Context#305	-0.007331730769230769	0.0	-0.0036658653846153846		_
com.google.javascript.jscomp.NameAnalyzer$FindReferences#void#maybeRecordReferenceOrAlias#?,NodeTraversal,Node,Node,NameInformation,NameInformation#925	-0.007451923076923077	0.0	-0.0037259615384615387		_
com.google.javascript.jscomp.CodeGenerator#void#add#?,Node,Context#717	-0.007572115384615385	0.0	-0.0037860576923076923		_
com.google.javascript.jscomp.CodeGenerator#void#add#?,Node,Context#718	-0.007572115384615385	0.0	-0.0037860576923076923		_
com.google.javascript.jscomp.SyntacticScopeCreator#void#scanVars#?,Node#138	-0.007572115384615385	0.0	-0.0037860576923076923		_
com.google.javascript.jscomp.SyntacticScopeCreator#void#scanVars#?,Node#139	-0.007572115384615385	0.0	-0.0037860576923076923		_
com.google.javascript.jscomp.SyntacticScopeCreator#void#scanVars#?,Node#148	-0.007572115384615385	0.0	-0.0037860576923076923		_
com.google.javascript.jscomp.SyntacticScopeCreator#void#scanVars#?,Node#147	-0.007572115384615385	0.0	-0.0037860576923076923		_
com.google.javascript.jscomp.SyntacticScopeCreator#void#scanVars#?,Node#146	-0.007572115384615385	0.0	-0.0037860576923076923		_
com.google.javascript.jscomp.SyntacticScopeCreator#void#scanVars#?,Node#144	-0.007572115384615385	0.0	-0.0037860576923076923		_
com.google.javascript.jscomp.SyntacticScopeCreator#void#scanVars#?,Node#143	-0.007572115384615385	0.0	-0.0037860576923076923		_
com.google.javascript.jscomp.parsing.IRFactory#int#transformTokenType#?,int#1398	-0.007572115384615385	0.0	-0.0037860576923076923		_
com.google.javascript.jscomp.CodeGenerator#void#add#?,Node,Context#665	-0.0078125	0.0	-0.00390625		_
com.google.javascript.jscomp.CodeGenerator#void#add#?,Node,Context#666	-0.0078125	0.0	-0.00390625		_
com.google.javascript.jscomp.CodeGenerator#void#add#?,Node,Context#667	-0.0078125	0.0	-0.00390625		_
com.google.javascript.jscomp.parsing.TypeSafeDispatcher#T#process#?,AstNode#189	-0.007932692307692307	0.0	-0.003966346153846154		_
com.google.javascript.jscomp.CodeGenerator#void#add#?,Node,Context#640	-0.007932692307692307	0.0	-0.003966346153846154		_
com.google.javascript.jscomp.CodeGenerator#void#add#?,Node,Context#641	-0.007932692307692307	0.0	-0.003966346153846154		_
com.google.javascript.jscomp.CodeGenerator#void#add#?,Node,Context#631	-0.007932692307692307	0.0	-0.003966346153846154		_
com.google.javascript.jscomp.CodeGenerator#void#add#?,Node,Context#632	-0.007932692307692307	0.0	-0.003966346153846154		_
com.google.javascript.jscomp.CodeGenerator#void#add#?,Node,Context#633	-0.007932692307692307	0.0	-0.003966346153846154		_
com.google.javascript.jscomp.AstValidator#void#validateStatement#?,Node#138	-0.007932692307692307	0.0	-0.003966346153846154		_
com.google.javascript.jscomp.AstValidator#void#validateStatement#?,Node#139	-0.007932692307692307	0.0	-0.003966346153846154		_
com.google.javascript.rhino.Token#String#name#?,int#231	-0.008052884615384615	0.0	-0.004026442307692307		_
com.google.javascript.rhino.jstype.PrototypeObjectType#boolean#isSubtype#?,JSType#347	-0.008052884615384615	0.0	-0.004026442307692307		_
com.google.javascript.jscomp.CodePrinter$CompactCodePrinter#void#maybeCutLine#?#500	-0.008052884615384615	0.0	-0.004026442307692307		_
com.google.javascript.jscomp.NodeUtil#String#opToStr#?,int#2193	-0.008052884615384615	0.0	-0.004026442307692307		_
com.google.javascript.jscomp.CodeGenerator#void#add#?,Node,Context#175	-0.008173076923076924	0.0	-0.004086538461538462		_
com.google.javascript.jscomp.CodeGenerator#void#add#?,Node,Context#176	-0.008173076923076924	0.0	-0.004086538461538462		_
com.google.javascript.jscomp.CodeGenerator#void#add#?,Node,Context#173	-0.008173076923076924	0.0	-0.004086538461538462		_
com.google.javascript.jscomp.CodeGenerator#void#add#?,Node,Context#174	-0.008173076923076924	0.0	-0.004086538461538462		_
com.google.javascript.jscomp.CodeGenerator#void#add#?,Node,Context#171	-0.008173076923076924	0.0	-0.004086538461538462		_
com.google.javascript.jscomp.CodeGenerator#void#add#?,Node,Context#172	-0.008173076923076924	0.0	-0.004086538461538462		_
com.google.javascript.jscomp.CodeGenerator#void#add#?,Node,Context#170	-0.008173076923076924	0.0	-0.004086538461538462		_
com.google.javascript.jscomp.CodeGenerator#void#add#?,Node,Context#156	-0.008173076923076924	0.0	-0.004086538461538462		_
com.google.javascript.jscomp.CodeGenerator#void#add#?,Node,Context#168	-0.008173076923076924	0.0	-0.004086538461538462		_
com.google.javascript.jscomp.CodeGenerator#void#add#?,Node,Context#169	-0.008173076923076924	0.0	-0.004086538461538462		_
com.google.javascript.jscomp.CodeGenerator#void#add#?,Node,Context#440	-0.00829326923076923	0.0	-0.004146634615384615		_
com.google.javascript.jscomp.CodeGenerator#void#add#?,Node,Context#438	-0.00829326923076923	0.0	-0.004146634615384615		_
com.google.javascript.jscomp.CodeGenerator#void#add#?,Node,Context#439	-0.00829326923076923	0.0	-0.004146634615384615		_
com.google.javascript.jscomp.CodeGenerator#void#add#?,Node,Context#433	-0.00829326923076923	0.0	-0.004146634615384615		_
com.google.javascript.jscomp.CodeGenerator#void#add#?,Node,Context#432	-0.00829326923076923	0.0	-0.004146634615384615		_
com.google.javascript.jscomp.CodeGenerator#void#add#?,Node,Context#437	-0.00829326923076923	0.0	-0.004146634615384615		_
com.google.javascript.jscomp.CodeGenerator#void#add#?,Node,Context#436	-0.00829326923076923	0.0	-0.004146634615384615		_
com.google.javascript.jscomp.CodeGenerator#void#add#?,Node,Context#435	-0.00829326923076923	0.0	-0.004146634615384615		_
com.google.javascript.jscomp.CodeGenerator#void#add#?,Node,Context#434	-0.00829326923076923	0.0	-0.004146634615384615		_
com.google.javascript.jscomp.CodeGenerator#void#add#?,Node,Context#193	-0.008413461538461538	0.0	-0.004206730769230769		_
com.google.javascript.jscomp.NodeUtil#boolean#evaluatesToLocalValue#?,Node,Predicate<Node>#3001	-0.008653846153846154	0.0	-0.004326923076923077		_
com.google.javascript.jscomp.NameAnalyzer$FindReferences#void#maybeRecordReferenceOrAlias#?,NodeTraversal,Node,Node,NameInformation,NameInformation#955	-0.008653846153846154	0.0	-0.004326923076923077		_
com.google.javascript.jscomp.Normalize$NormalizeStatements#void#extractForInitializer#?,Node,Node,Node#593	-0.008774038461538462	0.0	-0.004387019230769231		_
com.google.javascript.jscomp.parsing.IRFactory#int#transformTokenType#?,int#1435	-0.008774038461538462	0.0	-0.004387019230769231		_
com.google.javascript.jscomp.NodeUtil#int#precedenceWithDefault#?,int#1223	-0.008774038461538462	0.0	-0.004387019230769231		_
com.google.javascript.jscomp.NodeUtil#JSDocInfo#getBestJSDocInfo#?,Node#3109	-0.009134615384615385	0.0	-0.0045673076923076926		_
com.google.javascript.rhino.Token#String#name#?,int#202	-0.009254807692307692	0.0	-0.004627403846153846		_
com.google.javascript.jscomp.MarkNoSideEffectCalls$GatherNoSideEffectFunctions#void#visit#?,NodeTraversal,Node,Node#139	-0.009254807692307692	0.0	-0.004627403846153846		_
com.google.javascript.jscomp.MarkNoSideEffectCalls$GatherNoSideEffectFunctions#void#visit#?,NodeTraversal,Node,Node#146	-0.009254807692307692	0.0	-0.004627403846153846		_
com.google.javascript.jscomp.MarkNoSideEffectCalls$GatherNoSideEffectFunctions#void#visit#?,NodeTraversal,Node,Node#140	-0.009254807692307692	0.0	-0.004627403846153846		_
com.google.javascript.jscomp.parsing.IRFactory#int#transformTokenType#?,int#1408	-0.009375	0.0	-0.0046875		_
com.google.javascript.rhino.Node#String#propToString#?,int#119	-0.009375	0.0	-0.0046875		_
com.google.javascript.jscomp.NodeUtil#boolean#functionCallHasSideEffects#?,Node,AbstractCompiler#1008	-0.009375	0.0	-0.0046875		_
com.google.javascript.jscomp.parsing.TypeSafeDispatcher#T#process#?,AstNode#264	-0.009495192307692307	0.0	-0.0047475961538461535		_
com.google.javascript.jscomp.parsing.TypeSafeDispatcher#T#process#?,AstNode#254	-0.009495192307692307	0.0	-0.0047475961538461535		_
com.google.javascript.jscomp.NameAnalyzer#List<Node>#getRhsSubexpressions#?,Node#1872	-0.009615384615384616	0.0	-0.004807692307692308		_
com.google.javascript.jscomp.NameAnalyzer#List<Node>#getRhsSubexpressions#?,Node#1871	-0.009615384615384616	0.0	-0.004807692307692308		_
com.google.javascript.jscomp.NameAnalyzer#List<Node>#getRhsSubexpressions#?,Node#1870	-0.009615384615384616	0.0	-0.004807692307692308		_
com.google.javascript.jscomp.AstValidator#void#validateStatement#?,Node#112	-0.009615384615384616	0.0	-0.004807692307692308		_
com.google.javascript.jscomp.AstValidator#void#validateStatement#?,Node#111	-0.009615384615384616	0.0	-0.004807692307692308		_
com.google.javascript.jscomp.parsing.IRFactory#int#transformTokenType#?,int#1376	-0.00985576923076923	0.0	-0.004927884615384615		_
com.google.javascript.jscomp.parsing.TypeSafeDispatcher#T#process#?,AstNode#262	-0.00985576923076923	0.0	-0.004927884615384615		_
com.google.javascript.jscomp.CodeGenerator#void#add#?,Node,Context#149	-0.00985576923076923	0.0	-0.004927884615384615		_
com.google.javascript.jscomp.CodeGenerator#void#add#?,Node,Context#145	-0.00985576923076923	0.0	-0.004927884615384615		_
com.google.javascript.jscomp.CodeGenerator#void#add#?,Node,Context#147	-0.00985576923076923	0.0	-0.004927884615384615		_
com.google.javascript.jscomp.CodeGenerator#void#add#?,Node,Context#155	-0.00985576923076923	0.0	-0.004927884615384615		_
com.google.javascript.jscomp.CodeGenerator#void#add#?,Node,Context#159	-0.00985576923076923	0.0	-0.004927884615384615		_
com.google.javascript.jscomp.CodeGenerator#void#add#?,Node,Context#150	-0.00985576923076923	0.0	-0.004927884615384615		_
com.google.javascript.jscomp.CodeGenerator#void#add#?,Node,Context#154	-0.00985576923076923	0.0	-0.004927884615384615		_
com.google.javascript.jscomp.CodeGenerator#void#add#?,Node,Context#164	-0.00985576923076923	0.0	-0.004927884615384615		_
com.google.javascript.jscomp.NodeUtil#String#opToStr#?,int#2187	-0.00985576923076923	0.0	-0.004927884615384615		_
com.google.javascript.rhino.Token#String#name#?,int#247	-0.009975961538461538	0.0	-0.004987980769230769		_
com.google.javascript.jscomp.SyntacticScopeCreator#void#declareVar#?,Node#197	-0.009975961538461538	0.0	-0.004987980769230769		_
com.google.javascript.rhino.Node#String#propToString#?,int#128	-0.009975961538461538	0.0	-0.004987980769230769		_
com.google.javascript.jscomp.Normalize$PropagateConstantAnnotationsOverVars#void#visit#?,NodeTraversal,Node,Node#260	-0.010096153846153847	0.0	-0.005048076923076923		_
com.google.javascript.jscomp.Normalize$PropagateConstantAnnotationsOverVars#void#visit#?,NodeTraversal,Node,Node#267	-0.010096153846153847	0.0	-0.005048076923076923		_
com.google.javascript.jscomp.NodeUtil#boolean#nodeTypeMayHaveSideEffects#?,Node,AbstractCompiler#1105	-0.010216346153846154	0.0	-0.005108173076923077		_
com.google.javascript.jscomp.Compiler#Node#parseInputs#?#1408	-0.010216346153846154	0.0	-0.005108173076923077		_
com.google.javascript.jscomp.Compiler#Node#parseInputs#?#1411	-0.010216346153846154	0.0	-0.005108173076923077		_
com.google.javascript.jscomp.AstValidator#void#validateStatement#?,Node#96	-0.010456730769230769	0.0	-0.005228365384615384		_
com.google.javascript.jscomp.AstValidator#void#validateStatement#?,Node#97	-0.010456730769230769	0.0	-0.005228365384615384		_
com.google.javascript.jscomp.parsing.TypeSafeDispatcher#T#process#?,AstNode#222	-0.010697115384615385	0.0	-0.005348557692307692		_
com.google.javascript.jscomp.CodeGenerator#void#add#?,Node,Context#762	-0.010817307692307692	0.0	-0.005408653846153846		_
com.google.javascript.jscomp.CodeGenerator#void#add#?,Node,Context#763	-0.010817307692307692	0.0	-0.005408653846153846		_
com.google.javascript.jscomp.CodeGenerator#void#add#?,Node,Context#764	-0.010817307692307692	0.0	-0.005408653846153846		_
com.google.javascript.jscomp.CodeGenerator#void#add#?,Node,Context#767	-0.010817307692307692	0.0	-0.005408653846153846		_
com.google.javascript.jscomp.CodeGenerator#void#add#?,Node,Context#769	-0.010817307692307692	0.0	-0.005408653846153846		_
com.google.javascript.jscomp.CodeGenerator#void#add#?,Node,Context#759	-0.010817307692307692	0.0	-0.005408653846153846		_
com.google.javascript.jscomp.CodeGenerator#void#add#?,Node,Context#758	-0.010817307692307692	0.0	-0.005408653846153846		_
com.google.javascript.jscomp.CodeGenerator#void#add#?,Node,Context#206	-0.010817307692307692	0.0	-0.005408653846153846		_
com.google.javascript.jscomp.CodeGenerator#void#add#?,Node,Context#208	-0.010817307692307692	0.0	-0.005408653846153846		_
com.google.javascript.jscomp.CodeGenerator#void#add#?,Node,Context#207	-0.010817307692307692	0.0	-0.005408653846153846		_
com.google.javascript.jscomp.ClosureCodingConvention#SubclassRelationship#getClassesDefinedByCall#?,Node#122	-0.011057692307692308	0.0	-0.005528846153846154		_
com.google.javascript.jscomp.CodeGenerator#void#add#?,Node,Context#243	-0.011057692307692308	0.0	-0.005528846153846154		_
com.google.javascript.jscomp.CodeGenerator#void#add#?,Node,Context#240	-0.011057692307692308	0.0	-0.005528846153846154		_
com.google.javascript.jscomp.CodeGenerator#void#add#?,Node,Context#241	-0.011057692307692308	0.0	-0.005528846153846154		_
com.google.javascript.jscomp.NodeUtil#JSDocInfo#getBestJSDocInfo#?,Node#3100	-0.011177884615384616	0.0	-0.005588942307692308		_
com.google.javascript.jscomp.SyntacticScopeCreator#void#scanRoot#?,Node#89	-0.011298076923076923	0.0	-0.005649038461538461		_
com.google.javascript.rhino.Token#String#name#?,int#245	-0.01141826923076923	0.0	-0.005709134615384615		_
com.google.javascript.jscomp.NameAnalyzer$FindDependencyScopes#void#visit#?,NodeTraversal,Node,Node#519	-0.01141826923076923	0.0	-0.005709134615384615		_
com.google.javascript.jscomp.NameAnalyzer$FindDependencyScopes#void#visit#?,NodeTraversal,Node,Node#518	-0.01141826923076923	0.0	-0.005709134615384615		_
com.google.javascript.jscomp.ClosureCodingConvention#SubclassRelationship#getClassesDefinedByCall#?,Node#120	-0.01141826923076923	0.0	-0.005709134615384615		_
com.google.javascript.jscomp.NameAnalyzer$HoistVariableAndFunctionDeclarations#void#visit#?,NodeTraversal,Node,Node#616	-0.01141826923076923	0.0	-0.005709134615384615		_
com.google.javascript.jscomp.NameAnalyzer$HoistVariableAndFunctionDeclarations#void#visit#?,NodeTraversal,Node,Node#615	-0.01141826923076923	0.0	-0.005709134615384615		_
com.google.javascript.jscomp.NameAnalyzer$HoistVariableAndFunctionDeclarations#void#visit#?,NodeTraversal,Node,Node#618	-0.01141826923076923	0.0	-0.005709134615384615		_
com.google.javascript.jscomp.NameAnalyzer$HoistVariableAndFunctionDeclarations#void#visit#?,NodeTraversal,Node,Node#617	-0.01141826923076923	0.0	-0.005709134615384615		_
com.google.javascript.jscomp.NameAnalyzer$FindDeclarationsAndSetters#void#visit#?,NodeTraversal,Node,Node#644	-0.01141826923076923	0.0	-0.005709134615384615		_
com.google.javascript.jscomp.NameAnalyzer$FindDeclarationsAndSetters#void#visit#?,NodeTraversal,Node,Node#643	-0.01141826923076923	0.0	-0.005709134615384615		_
com.google.javascript.jscomp.parsing.IRFactory$TransformDispatcher#Node#transformAsString#?,AstNode#557	-0.01141826923076923	0.0	-0.005709134615384615		_
com.google.javascript.jscomp.parsing.IRFactory$TransformDispatcher#Node#transformAsString#?,AstNode#556	-0.01141826923076923	0.0	-0.005709134615384615		_
com.google.javascript.jscomp.NameAnalyzer$FindDeclarationsAndSetters#void#visit#?,NodeTraversal,Node,Node#646	-0.01141826923076923	0.0	-0.005709134615384615		_
com.google.javascript.jscomp.NameAnalyzer$FindDeclarationsAndSetters#void#visit#?,NodeTraversal,Node,Node#645	-0.01141826923076923	0.0	-0.005709134615384615		_
com.google.javascript.jscomp.NameAnalyzer$FindDeclarationsAndSetters#void#visit#?,NodeTraversal,Node,Node#647	-0.01141826923076923	0.0	-0.005709134615384615		_
com.google.javascript.rhino.jstype.JSType#boolean#checkEquivalenceHelper#?,JSType,EquivalenceMethod#606	-0.011658653846153846	0.0	-0.005829326923076923		_
com.google.javascript.jscomp.AstValidator#void#validateStatement#?,Node#136	-0.011658653846153846	0.0	-0.005829326923076923		_
com.google.javascript.jscomp.AstValidator#void#validateStatement#?,Node#135	-0.011658653846153846	0.0	-0.005829326923076923		_
com.google.javascript.jscomp.NodeUtil#int#precedenceWithDefault#?,int#1229	-0.011899038461538461	0.0	-0.0059495192307692304		_
com.google.javascript.jscomp.MarkNoSideEffectCalls$GatherNoSideEffectFunctions#void#visit#?,NodeTraversal,Node,Node#156	-0.01201923076923077	0.0	-0.006009615384615385		_
com.google.javascript.jscomp.Compiler#void#reconcileOptionsWithGuards#?#331	-0.012139423076923077	0.0	-0.006069711538461539		_
com.google.javascript.rhino.Token#String#name#?,int#244	-0.012259615384615384	0.0	-0.006129807692307692		_
com.google.javascript.rhino.Token#String#name#?,int#246	-0.012259615384615384	0.0	-0.006129807692307692		_
com.google.javascript.jscomp.CodeGenerator#void#add#?,Node,Context#579	-0.012259615384615384	0.0	-0.006129807692307692		_
com.google.javascript.jscomp.CodeGenerator#void#add#?,Node,Context#578	-0.012259615384615384	0.0	-0.006129807692307692		_
com.google.javascript.jscomp.CodeGenerator#void#add#?,Node,Context#577	-0.012259615384615384	0.0	-0.006129807692307692		_
com.google.javascript.jscomp.CodeGenerator#void#add#?,Node,Context#575	-0.012259615384615384	0.0	-0.006129807692307692		_
com.google.javascript.jscomp.NodeUtil#boolean#evaluatesToLocalValue#?,Node,Predicate<Node>#2999	-0.012379807692307692	0.0	-0.006189903846153846		_
com.google.javascript.jscomp.parsing.TypeSafeDispatcher#T#process#?,AstNode#184	-0.0125	0.0	-0.00625		_
com.google.javascript.jscomp.Normalize$NormalizeStatements#void#extractForInitializer#?,Node,Node,Node#611	-0.012740384615384615	0.0	-0.006370192307692308		_
com.google.javascript.jscomp.Normalize$NormalizeStatements#void#extractForInitializer#?,Node,Node,Node#579	-0.012740384615384615	0.0	-0.006370192307692308		_
com.google.javascript.rhino.Token#String#name#?,int#219	-0.012860576923076922	0.0	-0.006430288461538461		_
com.google.javascript.jscomp.ClosureCodingConvention#SubclassType#typeofClassDefiningName#?,Node#177	-0.012860576923076922	0.0	-0.006430288461538461		_
com.google.javascript.jscomp.CodeGenerator#void#add#?,Node,Context#697	-0.013100961538461539	0.0	-0.006550480769230769		_
com.google.javascript.jscomp.NameAnalyzer$FindDeclarationsAndSetters#void#recordSet#?,String,Node#696	-0.013341346153846153	0.0	-0.006670673076923077		_
com.google.javascript.jscomp.NodeUtil#String#opToStr#?,int#2218	-0.013341346153846153	0.0	-0.006670673076923077		_
com.google.javascript.jscomp.CodeGenerator#void#add#?,Node,Context#422	-0.013461538461538462	0.0	-0.006730769230769231		_
com.google.javascript.jscomp.parsing.ParserRunner#Config#createConfig#?,boolean,LanguageMode,boolean,Set<String>#66	-0.013461538461538462	0.0	-0.006730769230769231		_
com.google.javascript.jscomp.parsing.ParserRunner#Config#createConfig#?,boolean,LanguageMode,boolean,Set<String>#67	-0.013461538461538462	0.0	-0.006730769230769231		_
com.google.javascript.jscomp.ClosureCodingConvention#SubclassRelationship#getClassesDefinedByCall#?,Node#150	-0.01358173076923077	0.0	-0.006790865384615385		_
com.google.javascript.jscomp.parsing.TypeSafeDispatcher#T#process#?,AstNode#191	-0.01358173076923077	0.0	-0.006790865384615385		_
com.google.javascript.jscomp.Compiler#void#initOptions#?,CompilerOptions#293	-0.01358173076923077	0.0	-0.006790865384615385		_
com.google.javascript.jscomp.Compiler#void#initOptions#?,CompilerOptions#292	-0.01358173076923077	0.0	-0.006790865384615385		_
com.google.javascript.jscomp.Compiler#void#initOptions#?,CompilerOptions#290	-0.01358173076923077	0.0	-0.006790865384615385		_
com.google.javascript.rhino.Token#String#name#?,int#279	-0.013701923076923077	0.0	-0.006850961538461538		_
com.google.javascript.jscomp.parsing.IRFactory#int#transformTokenType#?,int#1419	-0.013822115384615384	0.0	-0.006911057692307692		_
com.google.javascript.jscomp.parsing.IRFactory$TransformDispatcher#Node#transformAsString#?,AstNode#552	-0.013822115384615384	0.0	-0.006911057692307692		_
com.google.javascript.jscomp.SimpleDefinitionFinder$DefinitionGatheringCallback#void#visit#?,NodeTraversal,Node,Node#239	-0.013822115384615384	0.0	-0.006911057692307692		_
com.google.javascript.jscomp.SimpleDefinitionFinder$DefinitionGatheringCallback#void#visit#?,NodeTraversal,Node,Node#238	-0.013822115384615384	0.0	-0.006911057692307692		_
com.google.javascript.jscomp.SimpleDefinitionFinder$DefinitionGatheringCallback#void#visit#?,NodeTraversal,Node,Node#206	-0.013822115384615384	0.0	-0.006911057692307692		_
com.google.javascript.jscomp.SimpleDefinitionFinder$DefinitionGatheringCallback#void#visit#?,NodeTraversal,Node,Node#207	-0.013822115384615384	0.0	-0.006911057692307692		_
com.google.javascript.jscomp.SimpleDefinitionFinder$DefinitionGatheringCallback#void#visit#?,NodeTraversal,Node,Node#201	-0.013822115384615384	0.0	-0.006911057692307692		_
com.google.javascript.jscomp.SimpleDefinitionFinder$DefinitionGatheringCallback#void#visit#?,NodeTraversal,Node,Node#198	-0.013822115384615384	0.0	-0.006911057692307692		_
com.google.javascript.jscomp.SimpleDefinitionFinder$DefinitionGatheringCallback#void#visit#?,NodeTraversal,Node,Node#199	-0.013822115384615384	0.0	-0.006911057692307692		_
com.google.javascript.jscomp.SimpleDefinitionFinder$DefinitionGatheringCallback#void#visit#?,NodeTraversal,Node,Node#242	-0.013822115384615384	0.0	-0.006911057692307692		_
com.google.javascript.jscomp.SimpleDefinitionFinder$DefinitionGatheringCallback#void#visit#?,NodeTraversal,Node,Node#241	-0.013822115384615384	0.0	-0.006911057692307692		_
com.google.javascript.jscomp.SimpleDefinitionFinder$DefinitionGatheringCallback#void#visit#?,NodeTraversal,Node,Node#240	-0.013822115384615384	0.0	-0.006911057692307692		_
com.google.javascript.rhino.Token#String#name#?,int#217	-0.013942307692307693	0.0	-0.0069711538461538465		_
com.google.javascript.rhino.jstype.JSType#boolean#isSubtypeHelper#?,JSType,JSType#1296	-0.0140625	0.0	-0.00703125		_
com.google.javascript.jscomp.ClosureCodingConvention#SubclassRelationship#getClassesDefinedByCall#?,Node#147	-0.0140625	0.0	-0.00703125		_
com.google.javascript.jscomp.CodeGenerator#void#add#?,Node,Context#592	-0.014182692307692308	0.0	-0.007091346153846154		_
com.google.javascript.jscomp.CodeGenerator#void#add#?,Node,Context#593	-0.014182692307692308	0.0	-0.007091346153846154		_
com.google.javascript.jscomp.CodeGenerator#void#add#?,Node,Context#594	-0.014182692307692308	0.0	-0.007091346153846154		_
com.google.javascript.jscomp.CodeGenerator#void#add#?,Node,Context#602	-0.014302884615384615	0.0	-0.0071514423076923074		_
com.google.javascript.jscomp.CodeGenerator#void#add#?,Node,Context#603	-0.014302884615384615	0.0	-0.0071514423076923074		_
com.google.javascript.jscomp.CodeGenerator#void#add#?,Node,Context#604	-0.014302884615384615	0.0	-0.0071514423076923074		_
com.google.javascript.jscomp.Normalize$VerifyConstants#void#visit#?,NodeTraversal,Node,Node#313	-0.014302884615384615	0.0	-0.0071514423076923074		_
com.google.javascript.jscomp.Normalize$VerifyConstants#void#visit#?,NodeTraversal,Node,Node#331	-0.014302884615384615	0.0	-0.0071514423076923074		_
com.google.javascript.jscomp.CodeGenerator#void#add#?,Node,Context#279	-0.014302884615384615	0.0	-0.0071514423076923074		_
com.google.javascript.jscomp.CodeGenerator#void#add#?,Node,Context#280	-0.014302884615384615	0.0	-0.0071514423076923074		_
com.google.javascript.jscomp.CodeGenerator#void#add#?,Node,Context#281	-0.014302884615384615	0.0	-0.0071514423076923074		_
com.google.javascript.jscomp.CodeGenerator#void#add#?,Node,Context#282	-0.014302884615384615	0.0	-0.0071514423076923074		_
com.google.javascript.jscomp.CodeGenerator#void#add#?,Node,Context#283	-0.014302884615384615	0.0	-0.0071514423076923074		_
com.google.javascript.jscomp.CodeGenerator#void#add#?,Node,Context#284	-0.014302884615384615	0.0	-0.0071514423076923074		_
com.google.javascript.jscomp.CodeGenerator#void#add#?,Node,Context#285	-0.014302884615384615	0.0	-0.0071514423076923074		_
com.google.javascript.jscomp.CodeGenerator#void#add#?,Node,Context#286	-0.014302884615384615	0.0	-0.0071514423076923074		_
com.google.javascript.jscomp.CodeGenerator#void#add#?,Node,Context#287	-0.014302884615384615	0.0	-0.0071514423076923074		_
com.google.javascript.rhino.Token#String#name#?,int#256	-0.014423076923076924	0.0	-0.007211538461538462		_
com.google.javascript.rhino.jstype.FunctionType#boolean#setPrototypeNoCheck#?,ObjectType,Node#464	-0.014423076923076924	0.0	-0.007211538461538462		_
com.google.javascript.rhino.jstype.FunctionType#boolean#setPrototypeNoCheck#?,ObjectType,Node#483	-0.014423076923076924	0.0	-0.007211538461538462		_
com.google.javascript.jscomp.NodeUtil#int#precedenceWithDefault#?,int#1214	-0.014423076923076924	0.0	-0.007211538461538462		_
com.google.javascript.jscomp.SimpleDefinitionFinder$DefinitionGatheringCallback#void#visit#?,NodeTraversal,Node,Node#195	-0.014423076923076924	0.0	-0.007211538461538462		_
com.google.javascript.jscomp.SimpleDefinitionFinder$DefinitionGatheringCallback#void#visit#?,NodeTraversal,Node,Node#196	-0.014423076923076924	0.0	-0.007211538461538462		_
com.google.javascript.jscomp.CodeGenerator#void#add#?,Node,Context#428	-0.014663461538461538	0.0	-0.007331730769230769		_
com.google.javascript.jscomp.CodeGenerator#void#add#?,Node,Context#427	-0.014663461538461538	0.0	-0.007331730769230769		_
com.google.javascript.jscomp.CodeGenerator#void#add#?,Node,Context#429	-0.014663461538461538	0.0	-0.007331730769230769		_
com.google.javascript.jscomp.CodeGenerator#void#add#?,Node,Context#424	-0.014663461538461538	0.0	-0.007331730769230769		_
com.google.javascript.jscomp.CodeGenerator#void#add#?,Node,Context#425	-0.014663461538461538	0.0	-0.007331730769230769		_
com.google.javascript.jscomp.CodeGenerator#void#add#?,Node,Context#426	-0.014663461538461538	0.0	-0.007331730769230769		_
com.google.javascript.jscomp.CodeGenerator#void#add#?,Node,Context#419	-0.014663461538461538	0.0	-0.007331730769230769		_
com.google.javascript.jscomp.CodeGenerator#void#add#?,Node,Context#418	-0.014663461538461538	0.0	-0.007331730769230769		_
com.google.javascript.jscomp.CodeGenerator#void#add#?,Node,Context#417	-0.014663461538461538	0.0	-0.007331730769230769		_
com.google.javascript.jscomp.CodeGenerator#void#add#?,Node,Context#416	-0.014663461538461538	0.0	-0.007331730769230769		_
com.google.javascript.jscomp.NodeUtil#String#opToStr#?,int#2183	-0.014903846153846155	0.0	-0.007451923076923077		_
com.google.javascript.jscomp.ClosureCodingConvention#SubclassRelationship#getClassesDefinedByCall#?,Node#127	-0.015024038461538462	0.0	-0.007512019230769231		_
com.google.javascript.rhino.Token#String#name#?,int#227	-0.01514423076923077	0.0	-0.007572115384615385		_
com.google.javascript.rhino.jstype.UnionTypeBuilder#UnionTypeBuilder#addAlternate#?,JSType#151	-0.01514423076923077	0.0	-0.007572115384615385		_
com.google.javascript.rhino.jstype.UnionTypeBuilder#UnionTypeBuilder#addAlternate#?,JSType#157	-0.01514423076923077	0.0	-0.007572115384615385		_
com.google.javascript.rhino.jstype.UnionTypeBuilder#UnionTypeBuilder#addAlternate#?,JSType#153	-0.01514423076923077	0.0	-0.007572115384615385		_
com.google.javascript.rhino.jstype.UnionTypeBuilder#UnionTypeBuilder#addAlternate#?,JSType#155	-0.01514423076923077	0.0	-0.007572115384615385		_
com.google.javascript.rhino.jstype.UnionTypeBuilder#UnionTypeBuilder#addAlternate#?,JSType#156	-0.01514423076923077	0.0	-0.007572115384615385		_
com.google.javascript.rhino.jstype.UnionTypeBuilder#UnionTypeBuilder#addAlternate#?,JSType#209	-0.015264423076923076	0.0	-0.007632211538461538		_
com.google.javascript.rhino.jstype.UnionTypeBuilder#UnionTypeBuilder#addAlternate#?,JSType#216	-0.015264423076923076	0.0	-0.007632211538461538		_
com.google.javascript.rhino.jstype.UnionTypeBuilder#UnionTypeBuilder#addAlternate#?,JSType#215	-0.015264423076923076	0.0	-0.007632211538461538		_
com.google.javascript.jscomp.ClosureCodingConvention#SubclassRelationship#getClassesDefinedByCall#?,Node#105	-0.015384615384615385	0.0	-0.007692307692307693		_
com.google.javascript.jscomp.ClosureCodingConvention#SubclassRelationship#getClassesDefinedByCall#?,Node#106	-0.015384615384615385	0.0	-0.007692307692307693		_
com.google.javascript.jscomp.ClosureCodingConvention#SubclassRelationship#getClassesDefinedByCall#?,Node#117	-0.015384615384615385	0.0	-0.007692307692307693		_
com.google.javascript.jscomp.ClosureCodingConvention#SubclassRelationship#getClassesDefinedByCall#?,Node#115	-0.015384615384615385	0.0	-0.007692307692307693		_
com.google.javascript.jscomp.parsing.TypeSafeDispatcher#T#process#?,AstNode#280	-0.015504807692307693	0.0	-0.007752403846153846		_
com.google.javascript.rhino.jstype.JSType#boolean#isSubtypeHelper#?,JSType,JSType#1290	-0.015865384615384615	0.0	-0.007932692307692307		_
com.google.javascript.jscomp.parsing.IRFactory#int#transformTokenType#?,int#1340	-0.015865384615384615	0.0	-0.007932692307692307		_
com.google.javascript.jscomp.Normalize$NormalizeStatements#void#annotateConstantsByConvention#?,Node,Node#442	-0.01658653846153846	0.0	-0.00829326923076923		_
com.google.javascript.jscomp.Normalize$NormalizeStatements#void#annotateConstantsByConvention#?,Node,Node#449	-0.01658653846153846	0.0	-0.00829326923076923		_
com.google.javascript.rhino.Token#String#name#?,int#220	-0.016826923076923076	0.0	-0.008413461538461538		_
com.google.javascript.jscomp.parsing.TypeSafeDispatcher#T#process#?,AstNode#266	-0.016947115384615383	0.0	-0.008473557692307692		_
com.google.javascript.jscomp.NodeUtil#String#opToStr#?,int#2181	-0.016947115384615383	0.0	-0.008473557692307692		_
com.google.javascript.jscomp.AstValidator#void#validateExpression#?,Node#224	-0.01706730769230769	0.0	-0.008533653846153845		_
com.google.javascript.jscomp.AstValidator#void#validateExpression#?,Node#225	-0.01706730769230769	0.0	-0.008533653846153845		_
com.google.javascript.rhino.jstype.JSType#boolean#isSubtypeHelper#?,JSType,JSType#1247	-0.0171875	0.0	-0.00859375		_
com.google.javascript.jscomp.CodeGenerator#void#add#?,Node,Context#529	-0.01730769230769231	0.0	-0.008653846153846154		_
com.google.javascript.jscomp.CodeGenerator#void#add#?,Node,Context#528	-0.01730769230769231	0.0	-0.008653846153846154		_
com.google.javascript.jscomp.NameAnalyzer$FindReferences#void#maybeRecordReferenceOrAlias#?,NodeTraversal,Node,Node,NameInformation,NameInformation#931	-0.01730769230769231	0.0	-0.008653846153846154		_
com.google.javascript.jscomp.NameAnalyzer$FindReferences#void#maybeRecordReferenceOrAlias#?,NodeTraversal,Node,Node,NameInformation,NameInformation#933	-0.01730769230769231	0.0	-0.008653846153846154		_
com.google.javascript.jscomp.NameAnalyzer$FindReferences#void#maybeRecordReferenceOrAlias#?,NodeTraversal,Node,Node,NameInformation,NameInformation#932	-0.01730769230769231	0.0	-0.008653846153846154		_
com.google.javascript.jscomp.NodeUtil#int#precedenceWithDefault#?,int#1216	-0.017548076923076923	0.0	-0.008774038461538462		_
com.google.javascript.jscomp.GatherSideEffectSubexpressionsCallback#boolean#shouldTraverse#?,NodeTraversal,Node,Node#238	-0.017548076923076923	0.0	-0.008774038461538462		_
com.google.javascript.jscomp.NameAnalyzer#List<Node>#getRhsSubexpressions#?,Node#1862	-0.017788461538461538	0.0	-0.008894230769230769		_
com.google.javascript.jscomp.Compiler#void#initModules#?,List<T>,List<JSModule>,CompilerOptions#410	-0.018028846153846152	0.0	-0.009014423076923076		_
com.google.javascript.jscomp.CodeGenerator#void#add#?,Node,Context#527	-0.018149038461538463	0.0	-0.009074519230769231		_
com.google.javascript.jscomp.CodeGenerator#void#add#?,Node,Context#522	-0.018149038461538463	0.0	-0.009074519230769231		_
com.google.javascript.jscomp.CodeGenerator#void#add#?,Node,Context#523	-0.018149038461538463	0.0	-0.009074519230769231		_
com.google.javascript.jscomp.CodeGenerator#void#add#?,Node,Context#524	-0.018149038461538463	0.0	-0.009074519230769231		_
com.google.javascript.jscomp.CodeGenerator#void#add#?,Node,Context#534	-0.018149038461538463	0.0	-0.009074519230769231		_
com.google.javascript.jscomp.parsing.IRFactory#int#transformTokenType#?,int#1481	-0.018389423076923078	0.0	-0.009194711538461539		_
com.google.javascript.jscomp.graph.LinkedDirectedGraph#boolean#isConnectedInDirection#?,N,Predicate<E>,N#210	-0.01875	0.0	-0.009375		_
com.google.javascript.jscomp.NameAnalyzer#void#referenceAliases#?#1357	-0.018870192307692307	0.0	-0.009435096153846153		_
com.google.javascript.jscomp.NameAnalyzer#void#referenceAliases#?#1355	-0.018870192307692307	0.0	-0.009435096153846153		_
com.google.javascript.jscomp.NameAnalyzer#void#referenceAliases#?#1356	-0.018870192307692307	0.0	-0.009435096153846153		_
com.google.javascript.jscomp.NodeUtil#int#precedenceWithDefault#?,int#1215	-0.019110576923076925	0.0	-0.009555288461538462		_
com.google.javascript.jscomp.parsing.TypeSafeDispatcher#T#process#?,AstNode#223	-0.019110576923076925	0.0	-0.009555288461538462		_
com.google.javascript.jscomp.parsing.TypeSafeDispatcher#T#process#?,AstNode#224	-0.019110576923076925	0.0	-0.009555288461538462		_
com.google.javascript.jscomp.parsing.IRFactory#int#transformTokenType#?,int#1364	-0.019230769230769232	0.0	-0.009615384615384616		_
com.google.javascript.jscomp.NameAnalyzer#void#referenceParentNames#?#1381	-0.019230769230769232	0.0	-0.009615384615384616		_
com.google.javascript.jscomp.NameAnalyzer#void#referenceParentNames#?#1386	-0.019230769230769232	0.0	-0.009615384615384616		_
com.google.javascript.jscomp.NameAnalyzer#void#referenceParentNames#?#1383	-0.019230769230769232	0.0	-0.009615384615384616		_
com.google.javascript.jscomp.NameAnalyzer#void#referenceParentNames#?#1384	-0.019230769230769232	0.0	-0.009615384615384616		_
com.google.javascript.jscomp.parsing.TypeSafeDispatcher#T#process#?,AstNode#242	-0.019471153846153846	0.0	-0.009735576923076923		_
com.google.javascript.jscomp.parsing.TypeSafeDispatcher#T#process#?,AstNode#207	-0.019471153846153846	0.0	-0.009735576923076923		_
com.google.javascript.jscomp.parsing.TypeSafeDispatcher#T#process#?,AstNode#206	-0.019471153846153846	0.0	-0.009735576923076923		_
com.google.javascript.jscomp.NameAnalyzer#void#replaceTopLevelExpressionWithRhs#?,Node,Node#1766	-0.019951923076923075	0.0	-0.009975961538461538		_
com.google.javascript.jscomp.NameAnalyzer#void#replaceTopLevelExpressionWithRhs#?,Node,Node#1767	-0.019951923076923075	0.0	-0.009975961538461538		_
com.google.javascript.rhino.Node#boolean#isEquivalentTo#?,Node,boolean,boolean,boolean#1528	-0.020072115384615386	0.0	-0.010036057692307693		_
com.google.javascript.rhino.Node#boolean#isEquivalentTo#?,Node,boolean,boolean,boolean#1529	-0.020072115384615386	0.0	-0.010036057692307693		_
com.google.javascript.rhino.Node#boolean#isEquivalentTo#?,Node,boolean,boolean,boolean#1527	-0.020072115384615386	0.0	-0.010036057692307693		_
com.google.javascript.jscomp.WarningsGuard$Priority#?#Priority#?,int#58	-0.020552884615384615	0.0	-0.010276442307692308		_
com.google.javascript.jscomp.parsing.IRFactory#int#transformTokenType#?,int#1336	-0.020552884615384615	0.0	-0.010276442307692308		_
com.google.javascript.jscomp.ProcessTweaks$TweakFunction#?#TweakFunction#?,String,String,int,int#134	-0.020673076923076922	0.0	-0.010336538461538461		_
com.google.javascript.rhino.jstype.ObjectType#String#createDelegateSuffix#?,String#238	-0.020673076923076922	0.0	-0.010336538461538461		_
com.google.javascript.jscomp.DiagnosticGroup#?#DiagnosticGroup#?,String,DiagnosticType#47	-0.020673076923076922	0.0	-0.010336538461538461		_
com.google.javascript.jscomp.DiagnosticGroup#?#DiagnosticGroup#?,String,DiagnosticType#46	-0.020673076923076922	0.0	-0.010336538461538461		_
com.google.javascript.jscomp.ProcessTweaks$TweakFunction#?#TweakFunction#?,String,String,int,int,TweakFunction#145	-0.020673076923076922	0.0	-0.010336538461538461		_
com.google.javascript.jscomp.ProcessTweaks$TweakFunction#?#TweakFunction#?,String,String,int,int,TweakFunction#146	-0.020673076923076922	0.0	-0.010336538461538461		_
com.google.javascript.jscomp.ProcessTweaks$TweakFunction#?#TweakFunction#?,String,String,int,int,TweakFunction#144	-0.020673076923076922	0.0	-0.010336538461538461		_
com.google.javascript.jscomp.ProcessTweaks$TweakFunction#?#TweakFunction#?,String,String,int,int,TweakFunction#148	-0.020673076923076922	0.0	-0.010336538461538461		_
com.google.javascript.jscomp.ProcessTweaks$TweakFunction#?#TweakFunction#?,String,String,int,int,TweakFunction#147	-0.020673076923076922	0.0	-0.010336538461538461		_
com.google.javascript.jscomp.DiagnosticGroups#DiagnosticGroup#registerGroup#?,String,DiagnosticGroup#44	-0.020673076923076922	0.0	-0.010336538461538461		_
com.google.javascript.jscomp.DiagnosticGroups#DiagnosticGroup#registerGroup#?,String,DiagnosticGroup#45	-0.020673076923076922	0.0	-0.010336538461538461		_
com.google.javascript.jscomp.DiagnosticGroup#?#DiagnosticGroup#?,String,DiagnosticGroup#90	-0.020673076923076922	0.0	-0.010336538461538461		_
com.google.javascript.jscomp.DiagnosticGroup#?#DiagnosticGroup#?,String,DiagnosticGroup#94	-0.020673076923076922	0.0	-0.010336538461538461		_
com.google.javascript.jscomp.DiagnosticGroup#?#DiagnosticGroup#?,String,DiagnosticGroup#91	-0.020673076923076922	0.0	-0.010336538461538461		_
com.google.javascript.jscomp.DiagnosticGroup#?#DiagnosticGroup#?,String,DiagnosticGroup#95	-0.020673076923076922	0.0	-0.010336538461538461		_
com.google.javascript.jscomp.DiagnosticGroup#?#DiagnosticGroup#?,String,DiagnosticGroup#88	-0.020673076923076922	0.0	-0.010336538461538461		_
com.google.javascript.jscomp.DiagnosticGroups#DiagnosticGroup#registerGroup#?,String,DiagnosticGroup#57	-0.020673076923076922	0.0	-0.010336538461538461		_
com.google.javascript.jscomp.DiagnosticGroups#DiagnosticGroup#registerGroup#?,String,DiagnosticGroup#59	-0.020673076923076922	0.0	-0.010336538461538461		_
com.google.javascript.jscomp.DiagnosticGroups#DiagnosticGroup#registerGroup#?,String,DiagnosticGroup#58	-0.020673076923076922	0.0	-0.010336538461538461		_
com.google.javascript.jscomp.ProcessTweaks$TweakFunction#?#TweakFunction#?,String,String,int#129	-0.020673076923076922	0.0	-0.010336538461538461		_
com.google.javascript.jscomp.DiagnosticGroups#DiagnosticGroup#registerDeprecatedGroup#?,String#39	-0.020673076923076922	0.0	-0.010336538461538461		_
com.google.javascript.jscomp.ProcessTweaks$TweakFunction#?#TweakFunction#?,String,TweakFunction#138	-0.020673076923076922	0.0	-0.010336538461538461		_
com.google.javascript.jscomp.DiagnosticGroups#DiagnosticGroup#registerGroup#?,String,DiagnosticType#52	-0.020673076923076922	0.0	-0.010336538461538461		_
com.google.javascript.jscomp.ProcessTweaks$TweakFunction#?#TweakFunction#?,String#124	-0.020673076923076922	0.0	-0.010336538461538461		_
com.google.javascript.jscomp.DiagnosticGroups#DiagnosticGroup#registerGroup#?,String,DiagnosticType#51	-0.020673076923076922	0.0	-0.010336538461538461		_
com.google.javascript.jscomp.DiagnosticGroups#DiagnosticGroup#registerGroup#?,String,DiagnosticType#50	-0.020673076923076922	0.0	-0.010336538461538461		_
com.google.javascript.jscomp.DiagnosticGroup#?#DiagnosticGroup#?,DiagnosticType#54	-0.020673076923076922	0.0	-0.010336538461538461		_
com.google.javascript.jscomp.DiagnosticType#DiagnosticType#disabled#?,String,String#75	-0.02079326923076923	0.0	-0.010396634615384615		_
com.google.javascript.rhino.Node#void#toString#?,StringBuilder,boolean,boolean,boolean#1001	-0.02079326923076923	0.0	-0.010396634615384615		_
com.google.javascript.rhino.Node#void#toString#?,StringBuilder,boolean,boolean,boolean#1000	-0.02079326923076923	0.0	-0.010396634615384615		_
com.google.javascript.jscomp.parsing.ParserRunner#Set<String>#extractList#?,String#90	-0.02079326923076923	0.0	-0.010396634615384615		_
com.google.javascript.jscomp.parsing.ParserRunner#Set<String>#extractList#?,String#91	-0.02079326923076923	0.0	-0.010396634615384615		_
com.google.javascript.jscomp.parsing.ParserRunner#Set<String>#extractList#?,String#92	-0.02079326923076923	0.0	-0.010396634615384615		_
com.google.javascript.jscomp.parsing.ParserRunner#Set<String>#extractList#?,String#93	-0.02079326923076923	0.0	-0.010396634615384615		_
com.google.javascript.jscomp.parsing.ParserRunner#Set<String>#extractList#?,String#95	-0.02079326923076923	0.0	-0.010396634615384615		_
com.google.javascript.rhino.Node#void#toString#?,StringBuilder,boolean,boolean,boolean#999	-0.02079326923076923	0.0	-0.010396634615384615		_
com.google.javascript.rhino.Node#void#toString#?,StringBuilder,boolean,boolean,boolean#998	-0.02079326923076923	0.0	-0.010396634615384615		_
com.google.javascript.jscomp.parsing.ParserRunner#void#initResourceConfig#?#86	-0.02079326923076923	0.0	-0.010396634615384615		_
com.google.javascript.jscomp.parsing.ParserRunner#void#initResourceConfig#?#85	-0.02079326923076923	0.0	-0.010396634615384615		_
com.google.javascript.jscomp.parsing.ParserRunner#void#initResourceConfig#?#84	-0.02079326923076923	0.0	-0.010396634615384615		_
com.google.javascript.jscomp.parsing.ParserRunner#void#initResourceConfig#?#83	-0.02079326923076923	0.0	-0.010396634615384615		_
com.google.javascript.jscomp.AstValidator#void#validateMinimumChildCount#?,Node,int#798	-0.020913461538461537	0.0	-0.010456730769230769		_
com.google.javascript.jscomp.AstValidator#void#validateStatement#?,Node#108	-0.020913461538461537	0.0	-0.010456730769230769		_
com.google.javascript.jscomp.AstValidator#void#validateStatement#?,Node#109	-0.020913461538461537	0.0	-0.010456730769230769		_
com.google.javascript.jscomp.CodeGenerator#void#add#?,Node,Context#415	-0.021153846153846155	0.0	-0.010576923076923078		_
com.google.javascript.jscomp.CodeGenerator#void#add#?,Node,Context#443	-0.021153846153846155	0.0	-0.010576923076923078		_
com.google.javascript.jscomp.CodeGenerator#void#add#?,Node,Context#259	-0.021274038461538462	0.0	-0.010637019230769231		_
com.google.javascript.jscomp.CodeGenerator#void#add#?,Node,Context#258	-0.021274038461538462	0.0	-0.010637019230769231		_
com.google.javascript.jscomp.CodeGenerator#void#add#?,Node,Context#257	-0.021274038461538462	0.0	-0.010637019230769231		_
com.google.javascript.jscomp.CodeGenerator#void#add#?,Node,Context#256	-0.021274038461538462	0.0	-0.010637019230769231		_
com.google.javascript.rhino.Token#String#name#?,int#210	-0.02139423076923077	0.0	-0.010697115384615385		_
com.google.javascript.jscomp.ProcessTweaks$TweakFunction#String#getName#?#165	-0.02139423076923077	0.0	-0.010697115384615385		_
com.google.javascript.jscomp.NameAnalyzer#void#referenceParentNames#?#1378	-0.021514423076923077	0.0	-0.010757211538461538		_
com.google.javascript.jscomp.NameAnalyzer#void#referenceParentNames#?#1377	-0.021514423076923077	0.0	-0.010757211538461538		_
com.google.javascript.jscomp.NameAnalyzer#void#referenceParentNames#?#1379	-0.021514423076923077	0.0	-0.010757211538461538		_
com.google.javascript.jscomp.NameAnalyzer#void#referenceParentNames#?#1388	-0.021514423076923077	0.0	-0.010757211538461538		_
com.google.javascript.jscomp.CodeGenerator#void#add#?,Node,Context#228	-0.021634615384615384	0.0	-0.010817307692307692		_
com.google.javascript.jscomp.CodeGenerator#void#add#?,Node,Context#229	-0.021634615384615384	0.0	-0.010817307692307692		_
com.google.javascript.jscomp.CodeGenerator#void#add#?,Node,Context#231	-0.021634615384615384	0.0	-0.010817307692307692		_
com.google.javascript.jscomp.CodeGenerator#void#add#?,Node,Context#230	-0.021634615384615384	0.0	-0.010817307692307692		_
com.google.javascript.rhino.Token#String#name#?,int#262	-0.02175480769230769	0.0	-0.010877403846153846		_
com.google.javascript.jscomp.Compiler#Node#parseInputs#?#1382	-0.02175480769230769	0.0	-0.010877403846153846		_
com.google.javascript.jscomp.GatherSideEffectSubexpressionsCallback#boolean#processFunctionCall#?,Node#328	-0.022115384615384617	0.0	-0.011057692307692308		_
com.google.javascript.jscomp.Compiler#Node#parseInputs#?#1361	-0.022235576923076924	0.0	-0.011117788461538462		_
com.google.javascript.jscomp.NodeUtil#boolean#nodeTypeMayHaveSideEffects#?,Node,AbstractCompiler#1093	-0.022235576923076924	0.0	-0.011117788461538462		_
com.google.javascript.rhino.Token#String#name#?,int#218	-0.02247596153846154	0.0	-0.01123798076923077		_
com.google.javascript.jscomp.NameAnalyzer#List<NameInformation>#getEnclosingFunctionDependencyScope#?,NodeTraversal#1588	-0.02247596153846154	0.0	-0.01123798076923077		_
com.google.javascript.jscomp.Compiler#void#hoistExterns#?,Node#1435	-0.022716346153846153	0.0	-0.011358173076923076		_
com.google.javascript.jscomp.Compiler#Node#parseInputs#?#1358	-0.022716346153846153	0.0	-0.011358173076923076		_
com.google.javascript.jscomp.Compiler#Node#parseInputs#?#1349	-0.022716346153846153	0.0	-0.011358173076923076		_
com.google.javascript.jscomp.Compiler#Node#parseInputs#?#1374	-0.022716346153846153	0.0	-0.011358173076923076		_
com.google.javascript.jscomp.parsing.IRFactory#int#transformTokenType#?,int#1451	-0.02403846153846154	0.0	-0.01201923076923077		_
com.google.javascript.jscomp.DiagnosticType#DiagnosticType#warning#?,String,String#63	-0.02403846153846154	0.0	-0.01201923076923077		_
com.google.javascript.jscomp.NameAnalyzer$FindReferences#void#maybeRecordReferenceOrAlias#?,NodeTraversal,Node,Node,NameInformation,NameInformation#953	-0.024158653846153847	0.0	-0.012079326923076924		_
com.google.javascript.jscomp.NameAnalyzer$FindReferences#void#maybeRecordReferenceOrAlias#?,NodeTraversal,Node,Node,NameInformation,NameInformation#954	-0.024158653846153847	0.0	-0.012079326923076924		_
com.google.javascript.jscomp.AstValidator#void#validateStatement#?,Node#99	-0.024158653846153847	0.0	-0.012079326923076924		_
com.google.javascript.jscomp.AstValidator#void#validateStatement#?,Node#100	-0.024158653846153847	0.0	-0.012079326923076924		_
com.google.javascript.jscomp.AstValidator#void#validateExpression#?,Node#250	-0.02451923076923077	0.0	-0.012259615384615384		_
com.google.javascript.jscomp.AstValidator#void#validateExpression#?,Node#249	-0.02451923076923077	0.0	-0.012259615384615384		_
com.google.javascript.jscomp.NameAnalyzer#NameInformation#createNameInformation#?,NodeTraversal,Node#1412	-0.024639423076923076	0.0	-0.012319711538461538		_
com.google.javascript.jscomp.SimpleDefinitionFinder$DefinitionGatheringCallback#void#visit#?,NodeTraversal,Node,Node#163	-0.024639423076923076	0.0	-0.012319711538461538		_
com.google.javascript.jscomp.NodeUtil#boolean#evaluatesToLocalValue#?,Node,Predicate<Node>#3021	-0.02487980769230769	0.0	-0.012439903846153845		_
com.google.javascript.jscomp.NodeUtil#boolean#evaluatesToLocalValue#?,Node,Predicate<Node>#3024	-0.02487980769230769	0.0	-0.012439903846153845		_
com.google.javascript.jscomp.DiagnosticType#DiagnosticType#error#?,String,String#52	-0.025360576923076923	0.0	-0.012680288461538462		_
com.google.javascript.jscomp.NodeUtil#boolean#functionCallHasSideEffects#?,Node,AbstractCompiler#1040	-0.025600961538461538	0.0	-0.012800480769230769		_
com.google.javascript.jscomp.NameAnalyzer$FindReferences#void#maybeRecordReferenceOrAlias#?,NodeTraversal,Node,Node,NameInformation,NameInformation#962	-0.025841346153846152	0.0	-0.012920673076923076		_
com.google.javascript.jscomp.NameAnalyzer$FindReferences#void#maybeRecordReferenceOrAlias#?,NodeTraversal,Node,Node,NameInformation,NameInformation#960	-0.025841346153846152	0.0	-0.012920673076923076		_
com.google.javascript.jscomp.parsing.IRFactory#int#transformTokenType#?,int#1394	-0.025961538461538463	0.0	-0.012980769230769231		_
com.google.javascript.jscomp.CodeGenerator#void#add#?,Node,Context#609	-0.026442307692307692	0.0	-0.013221153846153846		_
com.google.javascript.jscomp.CodeGenerator#void#add#?,Node,Context#607	-0.026442307692307692	0.0	-0.013221153846153846		_
com.google.javascript.jscomp.CodeGenerator#void#add#?,Node,Context#608	-0.026442307692307692	0.0	-0.013221153846153846		_
com.google.javascript.jscomp.CodeConsumer#void#endStatement#?,boolean#141	-0.0265625	0.0	-0.01328125		_
com.google.javascript.jscomp.CodeConsumer#void#endStatement#?,boolean#140	-0.0265625	0.0	-0.01328125		_
com.google.javascript.jscomp.CodeConsumer#void#endStatement#?,boolean#139	-0.0265625	0.0	-0.01328125		_
com.google.javascript.jscomp.DiagnosticType#?#DiagnosticType#?,String,CheckLevel,MessageFormat#97	-0.026802884615384614	0.0	-0.013401442307692307		_
com.google.javascript.jscomp.DiagnosticType#?#DiagnosticType#?,String,CheckLevel,MessageFormat#96	-0.026802884615384614	0.0	-0.013401442307692307		_
com.google.javascript.jscomp.DiagnosticType#?#DiagnosticType#?,String,CheckLevel,MessageFormat#98	-0.026802884615384614	0.0	-0.013401442307692307		_
com.google.javascript.jscomp.DiagnosticType#DiagnosticType#make#?,String,CheckLevel,String#88	-0.026802884615384614	0.0	-0.013401442307692307		_
com.google.javascript.jscomp.DiagnosticType#?#DiagnosticType#?,String,CheckLevel,MessageFormat#100	-0.026802884615384614	0.0	-0.013401442307692307		_
com.google.javascript.rhino.jstype.TemplateTypeMap#boolean#checkEquivalenceHelper#?,TemplateTypeMap,EquivalenceMethod#219	-0.026923076923076925	0.0	-0.013461538461538462		_
com.google.javascript.jscomp.NameAnalyzer$FindReferences#void#maybeRecordReferenceOrAlias#?,NodeTraversal,Node,Node,NameInformation,NameInformation#959	-0.027283653846153846	0.0	-0.013641826923076923		_
com.google.javascript.jscomp.NodeUtil#boolean#evaluatesToLocalValue#?,Node,Predicate<Node>#2995	-0.027283653846153846	0.0	-0.013641826923076923		_
com.google.javascript.jscomp.NameAnalyzer$FindReferences#void#maybeRecordReferenceOrAlias#?,NodeTraversal,Node,Node,NameInformation,NameInformation#958	-0.027403846153846154	0.0	-0.013701923076923077		_
com.google.javascript.jscomp.parsing.TypeSafeDispatcher#T#process#?,AstNode#221	-0.027644230769230768	0.0	-0.013822115384615384		_
com.google.javascript.jscomp.parsing.IRFactory#int#transformTokenType#?,int#1449	-0.027884615384615386	0.0	-0.013942307692307693		_
com.google.javascript.rhino.jstype.JSType#boolean#checkEquivalenceHelper#?,JSType,EquivalenceMethod#596	-0.028245192307692308	0.0	-0.014122596153846154		_
com.google.javascript.jscomp.NameAnalyzer$FindReferences#void#addSimplifiedExpression#?,Node,Node#792	-0.028365384615384615	0.0	-0.014182692307692308		_
com.google.javascript.jscomp.NameAnalyzer$FindReferences#void#addSimplifiedExpression#?,Node,Node#793	-0.028365384615384615	0.0	-0.014182692307692308		_
com.google.javascript.rhino.Token#String#name#?,int#197	-0.02860576923076923	0.0	-0.014302884615384615		_
com.google.javascript.rhino.Token#String#name#?,int#250	-0.028966346153846155	0.0	-0.014483173076923078		_
com.google.javascript.jscomp.CodeGenerator#void#addExpr#?,Node,int,Context#940	-0.02920673076923077	0.0	-0.014603365384615385		_
com.google.javascript.jscomp.CodeGenerator#void#addExpr#?,Node,int,Context#941	-0.02920673076923077	0.0	-0.014603365384615385		_
com.google.javascript.jscomp.CodeGenerator#void#addExpr#?,Node,int,Context#939	-0.02920673076923077	0.0	-0.014603365384615385		_
com.google.javascript.jscomp.NameAnalyzer#NameInformation#createNameInformation#?,NodeTraversal,Node#1418	-0.029447115384615384	0.0	-0.014723557692307692		_
com.google.javascript.jscomp.NameAnalyzer#NameInformation#createNameInformation#?,NodeTraversal,Node#1411	-0.029447115384615384	0.0	-0.014723557692307692		_
com.google.javascript.jscomp.NameAnalyzer#NameInformation#createNameInformation#?,NodeTraversal,Node#1410	-0.029447115384615384	0.0	-0.014723557692307692		_
com.google.javascript.rhino.Node#String#propToString#?,int#125	-0.029447115384615384	0.0	-0.014723557692307692		_
com.google.javascript.rhino.jstype.TemplateTypeMap#boolean#checkEquivalenceHelper#?,TemplateTypeMap,EquivalenceMethod#218	-0.030048076923076924	0.0	-0.015024038461538462		_
com.google.javascript.rhino.jstype.TemplateTypeMap#boolean#checkEquivalenceHelper#?,TemplateTypeMap,EquivalenceMethod#217	-0.030048076923076924	0.0	-0.015024038461538462		_
com.google.javascript.rhino.jstype.TemplateTypeMap#boolean#checkEquivalenceHelper#?,TemplateTypeMap,EquivalenceMethod#226	-0.030048076923076924	0.0	-0.015024038461538462		_
com.google.javascript.rhino.jstype.TemplateTypeMap#boolean#checkEquivalenceHelper#?,TemplateTypeMap,EquivalenceMethod#225	-0.030048076923076924	0.0	-0.015024038461538462		_
com.google.javascript.rhino.jstype.TemplateTypeMap#boolean#checkEquivalenceHelper#?,TemplateTypeMap,EquivalenceMethod#223	-0.030048076923076924	0.0	-0.015024038461538462		_
com.google.javascript.rhino.jstype.TemplateTypeMap#boolean#checkEquivalenceHelper#?,TemplateTypeMap,EquivalenceMethod#222	-0.030048076923076924	0.0	-0.015024038461538462		_
com.google.javascript.rhino.Token#String#name#?,int#216	-0.030528846153846153	0.0	-0.015264423076923076		_
com.google.javascript.rhino.Node#void#addChildBefore#?,Node,Node#651	-0.030528846153846153	0.0	-0.015264423076923076		_
com.google.javascript.rhino.Node#void#addChildBefore#?,Node,Node#652	-0.030528846153846153	0.0	-0.015264423076923076		_
com.google.javascript.jscomp.NodeUtil#boolean#functionCallHasSideEffects#?,Node,AbstractCompiler#1039	-0.03125	0.0	-0.015625		_
com.google.javascript.jscomp.NodeUtil#boolean#functionCallHasSideEffects#?,Node,AbstractCompiler#1031	-0.03125	0.0	-0.015625		_
com.google.javascript.jscomp.NodeUtil#boolean#functionCallHasSideEffects#?,Node,AbstractCompiler#1045	-0.03125	0.0	-0.015625		_
com.google.javascript.jscomp.NodeUtil#boolean#functionCallHasSideEffects#?,Node,AbstractCompiler#1025	-0.03125	0.0	-0.015625		_
com.google.javascript.rhino.Node#String#getQualifiedName#?#1582	-0.03137019230769231	0.0	-0.015685096153846154		_
com.google.javascript.jscomp.parsing.IRFactory#void#maybeSetLengthFrom#?,Node,AstNode#511	-0.03233173076923077	0.0	-0.016165865384615386		_
com.google.javascript.jscomp.NameAnalyzer$ReferencePropagationCallback#boolean#traverseEdge#?,JsName,RefType,JsName#178	-0.032692307692307694	0.0	-0.016346153846153847		_
com.google.javascript.jscomp.NameAnalyzer$ReferencePropagationCallback#boolean#traverseEdge#?,JsName,RefType,JsName#177	-0.032692307692307694	0.0	-0.016346153846153847		_
com.google.javascript.jscomp.parsing.TypeSafeDispatcher#T#process#?,AstNode#238	-0.032692307692307694	0.0	-0.016346153846153847		_
com.google.javascript.jscomp.CodeGenerator#void#add#?,Node,Context#583	-0.0328125	0.0	-0.01640625		_
com.google.javascript.jscomp.CodeGenerator#void#add#?,Node,Context#582	-0.0328125	0.0	-0.01640625		_
com.google.javascript.jscomp.parsing.IRFactory#int#transformTokenType#?,int#1447	-0.03293269230769231	0.0	-0.016466346153846154		_
com.google.javascript.rhino.jstype.JSTypeRegistry#void#register#?,JSType,String#610	-0.03365384615384615	0.0	-0.016826923076923076		_
com.google.javascript.rhino.jstype.JSTypeRegistry#void#register#?,JSType,String#609	-0.03365384615384615	0.0	-0.016826923076923076		_
com.google.javascript.rhino.jstype.JSTypeRegistry#void#register#?,JSType,String#608	-0.03365384615384615	0.0	-0.016826923076923076		_
com.google.javascript.jscomp.NameAnalyzer$FindReferences#void#addSimplifiedExpression#?,Node,Node#786	-0.034375	0.0	-0.0171875		_
com.google.javascript.rhino.Token#String#name#?,int#206	-0.03545673076923077	0.0	-0.017728365384615384		_
com.google.javascript.jscomp.CodeGenerator#void#add#?,Node,Context#502	-0.03617788461538462	0.0	-0.01808894230769231		_
com.google.javascript.jscomp.CodeGenerator#void#add#?,Node,Context#506	-0.03617788461538462	0.0	-0.01808894230769231		_
com.google.javascript.jscomp.CodeGenerator#void#add#?,Node,Context#507	-0.03617788461538462	0.0	-0.01808894230769231		_
com.google.javascript.jscomp.CodeGenerator#void#add#?,Node,Context#505	-0.03617788461538462	0.0	-0.01808894230769231		_
com.google.javascript.jscomp.CodeGenerator#void#add#?,Node,Context#508	-0.03617788461538462	0.0	-0.01808894230769231		_
com.google.javascript.jscomp.CodeGenerator#void#add#?,Node,Context#509	-0.03617788461538462	0.0	-0.01808894230769231		_
com.google.javascript.jscomp.DefinitionsRemover#Definition#getDefinition#?,Node,boolean#62	-0.036298076923076926	0.0	-0.018149038461538463		_
com.google.javascript.jscomp.DefinitionsRemover#Definition#getDefinition#?,Node,boolean#61	-0.036298076923076926	0.0	-0.018149038461538463		_
com.google.javascript.jscomp.CodeGenerator#void#add#?,Node,Context#714	-0.03641826923076923	0.0	-0.018209134615384617		_
com.google.javascript.jscomp.NodeUtil#String#opToStr#?,int#2202	-0.03737980769230769	0.0	-0.018689903846153846		_
com.google.javascript.jscomp.NodeUtil#int#precedenceWithDefault#?,int#1234	-0.038341346153846156	0.0	-0.019170673076923078		_
com.google.javascript.rhino.Node#String#propToString#?,int#117	-0.038341346153846156	0.0	-0.019170673076923078		_
com.google.javascript.jscomp.NodeUtil#boolean#isConstantByConvention#?,CodingConvention,Node,Node#2874	-0.038461538461538464	0.0	-0.019230769230769232		_
com.google.javascript.jscomp.parsing.TypeSafeDispatcher#T#process#?,AstNode#148	-0.03858173076923077	0.0	-0.019290865384615385		_
com.google.javascript.jscomp.GatherSideEffectSubexpressionsCallback#boolean#shouldTraverse#?,NodeTraversal,Node,Node#252	-0.03990384615384615	0.0	-0.019951923076923075		_
com.google.javascript.rhino.Node#String#getQualifiedName#?#1586	-0.03990384615384615	0.0	-0.019951923076923075		_
com.google.javascript.jscomp.CodeGenerator#void#add#?,Node,Context#562	-0.040625	0.0	-0.0203125		_
com.google.javascript.jscomp.CodeGenerator#void#add#?,Node,Context#564	-0.040625	0.0	-0.0203125		_
com.google.javascript.jscomp.CodeGenerator#void#add#?,Node,Context#569	-0.040625	0.0	-0.0203125		_
com.google.javascript.jscomp.CodeGenerator#void#add#?,Node,Context#568	-0.040625	0.0	-0.0203125		_
com.google.javascript.jscomp.CodeGenerator#void#add#?,Node,Context#561	-0.040625	0.0	-0.0203125		_
com.google.javascript.jscomp.CodeGenerator#void#add#?,Node,Context#589	-0.040625	0.0	-0.0203125		_
com.google.javascript.jscomp.CodeGenerator#void#add#?,Node,Context#586	-0.040625	0.0	-0.0203125		_
com.google.javascript.jscomp.CodeGenerator#void#add#?,Node,Context#574	-0.040625	0.0	-0.0203125		_
com.google.javascript.jscomp.CodeGenerator#void#add#?,Node,Context#572	-0.040625	0.0	-0.0203125		_
com.google.javascript.jscomp.CodeGenerator#void#add#?,Node,Context#571	-0.040625	0.0	-0.0203125		_
com.google.javascript.jscomp.CodeGenerator#void#add#?,Node,Context#570	-0.040625	0.0	-0.0203125		_
com.google.javascript.jscomp.CodeGenerator#void#add#?,Node,Context#724	-0.04122596153846154	0.0	-0.02061298076923077		_
com.google.javascript.jscomp.CodeGenerator#void#add#?,Node,Context#725	-0.04122596153846154	0.0	-0.02061298076923077		_
com.google.javascript.jscomp.CodeGenerator#void#add#?,Node,Context#704	-0.04122596153846154	0.0	-0.02061298076923077		_
com.google.javascript.jscomp.CodeGenerator#void#add#?,Node,Context#703	-0.04122596153846154	0.0	-0.02061298076923077		_
com.google.javascript.jscomp.CodeGenerator#void#add#?,Node,Context#707	-0.04122596153846154	0.0	-0.02061298076923077		_
com.google.javascript.jscomp.AstValidator#void#validateStatement#?,Node#121	-0.04278846153846154	0.0	-0.02139423076923077		_
com.google.javascript.jscomp.AstValidator#void#validateStatement#?,Node#120	-0.042908653846153846	0.0	-0.021454326923076923		_
com.google.javascript.rhino.jstype.UnionTypeBuilder#JSType#reduceAlternatesWithoutUnion#?#295	-0.04399038461538462	0.0	-0.02199519230769231		_
com.google.javascript.jscomp.AstValidator#void#validateExpression#?,Node#176	-0.045432692307692306	0.0	-0.022716346153846153		_
com.google.javascript.jscomp.AstValidator#void#validateExpression#?,Node#177	-0.045432692307692306	0.0	-0.022716346153846153		_
com.google.javascript.jscomp.CodeGenerator#void#add#?,Node,Context#470	-0.04555288461538461	0.0	-0.022776442307692307		_
com.google.javascript.jscomp.CodeGenerator#void#add#?,Node,Context#471	-0.04555288461538461	0.0	-0.022776442307692307		_
com.google.javascript.jscomp.SimpleDefinitionFinder#Collection<Definition>#getDefinitionsReferencedAt#?,Node#84	-0.04579326923076923	0.0	-0.022896634615384614		_
com.google.javascript.jscomp.SimpleDefinitionFinder#Collection<Definition>#getDefinitionsReferencedAt#?,Node#85	-0.04579326923076923	0.0	-0.022896634615384614		_
com.google.javascript.rhino.jstype.UnionTypeBuilder#JSType#reduceAlternatesWithoutUnion#?#292	-0.04603365384615385	0.0	-0.023016826923076925		_
com.google.javascript.jscomp.AstValidator#void#validateExpression#?,Node#242	-0.046153846153846156	0.0	-0.023076923076923078		_
com.google.javascript.jscomp.AstValidator#void#validateExpression#?,Node#241	-0.046153846153846156	0.0	-0.023076923076923078		_
com.google.javascript.jscomp.CodeGenerator#void#add#?,Node,Context#700	-0.04639423076923077	0.0	-0.023197115384615385		_
com.google.javascript.jscomp.CodeGenerator#void#add#?,Node,Context#696	-0.04639423076923077	0.0	-0.023197115384615385		_
com.google.javascript.jscomp.CodeGenerator#void#add#?,Node,Context#695	-0.04639423076923077	0.0	-0.023197115384615385		_
com.google.javascript.jscomp.MarkNoSideEffectCalls$SetNoSideEffectCallProperty#void#visit#?,NodeTraversal,Node,Node#192	-0.046634615384615385	0.0	-0.023317307692307693		_
com.google.javascript.jscomp.MarkNoSideEffectCalls$SetNoSideEffectCallProperty#void#visit#?,NodeTraversal,Node,Node#190	-0.04819711538461539	0.0	-0.024098557692307693		_
com.google.javascript.jscomp.MarkNoSideEffectCalls$SetNoSideEffectCallProperty#void#visit#?,NodeTraversal,Node,Node#191	-0.04819711538461539	0.0	-0.024098557692307693		_
com.google.javascript.jscomp.MarkNoSideEffectCalls$SetNoSideEffectCallProperty#void#visit#?,NodeTraversal,Node,Node#189	-0.0484375	0.0	-0.02421875		_
com.google.javascript.jscomp.MarkNoSideEffectCalls$SetNoSideEffectCallProperty#void#visit#?,NodeTraversal,Node,Node#187	-0.0484375	0.0	-0.02421875		_
com.google.javascript.jscomp.MarkNoSideEffectCalls$SetNoSideEffectCallProperty#void#visit#?,NodeTraversal,Node,Node#188	-0.0484375	0.0	-0.02421875		_
com.google.javascript.jscomp.MarkNoSideEffectCalls$SetNoSideEffectCallProperty#void#visit#?,NodeTraversal,Node,Node#185	-0.0484375	0.0	-0.02421875		_
com.google.javascript.jscomp.MarkNoSideEffectCalls$SetNoSideEffectCallProperty#void#visit#?,NodeTraversal,Node,Node#186	-0.0484375	0.0	-0.02421875		_
com.google.javascript.jscomp.parsing.IRFactory#int#transformTokenType#?,int#1390	-0.04879807692307692	0.0	-0.02439903846153846		_
com.google.javascript.jscomp.SimpleDefinitionFinder$DefinitionGatheringCallback#void#visit#?,NodeTraversal,Node,Node#188	-0.04891826923076923	0.0	-0.024459134615384615		_
com.google.javascript.jscomp.SimpleDefinitionFinder$DefinitionGatheringCallback#void#visit#?,NodeTraversal,Node,Node#189	-0.04891826923076923	0.0	-0.024459134615384615		_
com.google.javascript.jscomp.SimpleDefinitionFinder$DefinitionGatheringCallback#void#visit#?,NodeTraversal,Node,Node#194	-0.04891826923076923	0.0	-0.024459134615384615		_
com.google.javascript.jscomp.CodeGenerator#void#add#?,Node,Context#597	-0.050841346153846154	0.0	-0.025420673076923077		_
com.google.javascript.jscomp.CodeGenerator#void#add#?,Node,Context#598	-0.050841346153846154	0.0	-0.025420673076923077		_
com.google.javascript.jscomp.CodeGenerator#void#add#?,Node,Context#599	-0.050841346153846154	0.0	-0.025420673076923077		_
com.google.javascript.jscomp.Compiler#void#setScope#?,Node#2009	-0.0515625	0.0	-0.02578125		_
com.google.javascript.jscomp.Compiler#void#initCompilerOptionsIfTesting#?#1597	-0.051682692307692304	0.0	-0.025841346153846152		_
com.google.javascript.jscomp.AstValidator#void#validateMinimumChildCount#?,Node,int#796	-0.051923076923076926	0.0	-0.025961538461538463		_
com.google.javascript.jscomp.NodeTraversal#Node#getEnclosingFunction#?#583	-0.051923076923076926	0.0	-0.025961538461538463		_
com.google.javascript.rhino.jstype.UnionTypeBuilder#UnionTypeBuilder#addAlternate#?,JSType#132	-0.05276442307692308	0.0	-0.02638221153846154		_
com.google.javascript.rhino.Token#String#name#?,int#184	-0.05564903846153846	0.0	-0.02782451923076923		_
com.google.javascript.jscomp.NodeUtil#boolean#isImmutableValue#?,Node#509	-0.056129807692307694	0.0	-0.028064903846153847		_
com.google.javascript.jscomp.NodeUtil#boolean#isImmutableValue#?,Node#506	-0.056129807692307694	0.0	-0.028064903846153847		_
com.google.javascript.rhino.jstype.UnionTypeBuilder#UnionTypeBuilder#addAlternate#?,JSType#278	-0.057451923076923074	0.0	-0.028725961538461537		_
com.google.javascript.rhino.jstype.JSType#boolean#checkEquivalenceHelper#?,JSType,EquivalenceMethod#616	-0.058173076923076925	0.0	-0.029086538461538462		_
com.google.javascript.jscomp.parsing.IRFactory#int#transformTokenType#?,int#1396	-0.05841346153846154	0.0	-0.02920673076923077		_
com.google.javascript.jscomp.parsing.IRFactory#int#transformTokenType#?,int#1354	-0.059735576923076926	0.0	-0.029867788461538463		_
com.google.javascript.jscomp.parsing.TypeSafeDispatcher#T#process#?,AstNode#234	-0.06009615384615385	0.0	-0.030048076923076924		_
com.google.javascript.rhino.Node#boolean#isEquivalentTo#?,Node,boolean,boolean,boolean#1534	-0.06310096153846154	0.0	-0.03155048076923077		_
com.google.javascript.rhino.Node#boolean#isEquivalentTo#?,Node,boolean,boolean,boolean#1535	-0.06310096153846154	0.0	-0.03155048076923077		_
com.google.javascript.rhino.Node#boolean#isEquivalentTo#?,Node,boolean,boolean,boolean#1536	-0.06310096153846154	0.0	-0.03155048076923077		_
com.google.javascript.jscomp.AstValidator#void#validateMinimumChildCount#?,Node,int#795	-0.06358173076923077	0.0	-0.03179086538461538		_
com.google.javascript.jscomp.MakeDeclaredNamesUnique$ContextualRenamer#void#addDeclaredName#?,String#472	-0.06370192307692307	0.0	-0.031850961538461536		_
com.google.javascript.jscomp.CodeGenerator#void#add#?,Node,Context#663	-0.0640625	0.0	-0.03203125		_
com.google.javascript.jscomp.CodeGenerator#void#add#?,Node,Context#664	-0.0640625	0.0	-0.03203125		_
com.google.javascript.jscomp.CodeGenerator#void#add#?,Node,Context#660	-0.0640625	0.0	-0.03203125		_
com.google.javascript.jscomp.CodeGenerator#void#add#?,Node,Context#669	-0.0640625	0.0	-0.03203125		_
com.google.javascript.jscomp.CodeGenerator#void#add#?,Node,Context#656	-0.0640625	0.0	-0.03203125		_
com.google.javascript.jscomp.CodeGenerator#void#add#?,Node,Context#650	-0.0640625	0.0	-0.03203125		_
com.google.javascript.jscomp.CodeGenerator#void#add#?,Node,Context#651	-0.0640625	0.0	-0.03203125		_
com.google.javascript.rhino.Token#String#name#?,int#228	-0.06514423076923077	0.0	-0.03257211538461539		_
com.google.javascript.jscomp.GoogleCodingConvention#boolean#isConstant#?,String#81	-0.06514423076923077	0.0	-0.03257211538461539		_
com.google.javascript.jscomp.GoogleCodingConvention#boolean#isConstant#?,String#80	-0.06514423076923077	0.0	-0.03257211538461539		_
com.google.javascript.jscomp.AstValidator#void#validateStatement#?,Node#144	-0.06514423076923077	0.0	-0.03257211538461539		_
com.google.javascript.jscomp.AstValidator#void#validateStatement#?,Node#145	-0.06514423076923077	0.0	-0.03257211538461539		_
com.google.javascript.jscomp.CodeGenerator#void#addList#?,Node,boolean,Context#962	-0.06754807692307692	0.0	-0.03377403846153846		_
com.google.javascript.jscomp.CodeGenerator#void#addList#?,Node,boolean,Context#963	-0.06754807692307692	0.0	-0.03377403846153846		_
com.google.javascript.jscomp.AstValidator#void#validateMaximumChildCount#?,Node,int#813	-0.06754807692307692	0.0	-0.03377403846153846		_
com.google.javascript.jscomp.parsing.IRFactory$TransformDispatcher#boolean#isAllowedProp#?,String#930	-0.06790865384615384	0.0	-0.03395432692307692		_
com.google.javascript.jscomp.NodeUtil#boolean#nodeTypeMayHaveSideEffects#?,Node,AbstractCompiler#1108	-0.06875	0.0	-0.034375		_
com.google.javascript.jscomp.Tracer#ThreadTrace#getThreadTrace#?#963	-0.06911057692307693	0.0	-0.034555288461538464		_
com.google.javascript.jscomp.Tracer#ThreadTrace#getThreadTrace#?#962	-0.06911057692307693	0.0	-0.034555288461538464		_
com.google.javascript.jscomp.Tracer#ThreadTrace#getThreadTrace#?#961	-0.06911057692307693	0.0	-0.034555288461538464		_
com.google.javascript.jscomp.graph.FixedPointGraphTraversal#void#computeFixedPoint#?,DiGraph<N,E>,Set<N>#120	-0.06959134615384616	0.0	-0.03479567307692308		_
com.google.javascript.jscomp.AstValidator#void#validateExpression#?,Node#265	-0.07055288461538461	0.0	-0.03527644230769231		_
com.google.javascript.jscomp.AstValidator#void#validateExpression#?,Node#266	-0.07055288461538461	0.0	-0.03527644230769231		_
com.google.javascript.jscomp.ClosureCodingConvention#SubclassType#typeofClassDefiningName#?,Node#178	-0.07067307692307692	0.0	-0.03533653846153846		_
com.google.javascript.jscomp.NodeUtil#boolean#functionCallHasSideEffects#?,Node,AbstractCompiler#1021	-0.07103365384615384	0.0	-0.03551682692307692		_
com.google.javascript.jscomp.NodeUtil#boolean#functionCallHasSideEffects#?,Node,AbstractCompiler#1020	-0.07103365384615384	0.0	-0.03551682692307692		_
com.google.javascript.jscomp.parsing.TypeSafeDispatcher#T#process#?,AstNode#171	-0.07115384615384615	0.0	-0.035576923076923075		_
com.google.javascript.jscomp.NodeUtil#boolean#isObjectLitKey#?,Node#2103	-0.07319711538461539	0.0	-0.036598557692307694		_
com.google.javascript.jscomp.CodeGenerator#void#add#?,Node,Context#680	-0.0751201923076923	0.0	-0.03756009615384615		_
com.google.javascript.jscomp.CodeGenerator#void#add#?,Node,Context#681	-0.0751201923076923	0.0	-0.03756009615384615		_
com.google.javascript.jscomp.CodeGenerator#void#add#?,Node,Context#678	-0.0751201923076923	0.0	-0.03756009615384615		_
com.google.javascript.jscomp.NodeUtil#boolean#nodeTypeMayHaveSideEffects#?,Node,AbstractCompiler#1110	-0.07524038461538461	0.0	-0.037620192307692306		_
com.google.javascript.jscomp.parsing.TypeSafeDispatcher#T#process#?,AstNode#240	-0.07596153846153846	0.0	-0.03798076923076923		_
com.google.javascript.jscomp.NodeUtil#boolean#isImmutableValue#?,Node#498	-0.07632211538461539	0.0	-0.038161057692307696		_
com.google.javascript.jscomp.MakeDeclaredNamesUnique#void#visit#?,NodeTraversal,Node,Node#164	-0.07728365384615385	0.0	-0.038641826923076925		_
com.google.javascript.jscomp.MakeDeclaredNamesUnique#void#visit#?,NodeTraversal,Node,Node#165	-0.07728365384615385	0.0	-0.038641826923076925		_
com.google.javascript.jscomp.MakeDeclaredNamesUnique#void#visit#?,NodeTraversal,Node,Node#169	-0.07728365384615385	0.0	-0.038641826923076925		_
com.google.javascript.jscomp.MakeDeclaredNamesUnique#void#visit#?,NodeTraversal,Node,Node#170	-0.07728365384615385	0.0	-0.038641826923076925		_
com.google.javascript.jscomp.MakeDeclaredNamesUnique#String#getReplacementName#?,String#202	-0.07728365384615385	0.0	-0.038641826923076925		_
com.google.javascript.jscomp.ClosureCodingConvention#SubclassType#typeofClassDefiningName#?,Node#166	-0.07752403846153846	0.0	-0.03876201923076923		_
com.google.javascript.rhino.jstype.JSType#boolean#isSubtypeHelper#?,JSType,JSType#1243	-0.0796875	0.0	-0.03984375		_
com.google.javascript.jscomp.ClosureCodingConvention#SubclassType#typeofClassDefiningName#?,Node#176	-0.07992788461538461	0.0	-0.039963942307692304		_
com.google.javascript.rhino.jstype.JSType#boolean#isSubtypeHelper#?,JSType,JSType#1258	-0.08317307692307692	0.0	-0.04158653846153846		_
com.google.javascript.jscomp.AstValidator#void#validateExpression#?,Node#205	-0.08377403846153846	0.0	-0.04188701923076923		_
com.google.javascript.jscomp.AstValidator#void#validateExpression#?,Node#204	-0.08377403846153846	0.0	-0.04188701923076923		_
com.google.javascript.rhino.Node#Node#getChildBefore#?,Node#556	-0.08533653846153846	0.0	-0.04266826923076923		_
com.google.javascript.rhino.Node#Node#getChildBefore#?,Node#555	-0.08533653846153846	0.0	-0.04266826923076923		_
com.google.javascript.rhino.Node#Node#getChildBefore#?,Node#554	-0.08533653846153846	0.0	-0.04266826923076923		_
com.google.javascript.jscomp.NodeUtil#boolean#isControlStructure#?,Node#1709	-0.08557692307692308	0.0	-0.04278846153846154		_
com.google.javascript.jscomp.SimpleDefinitionFinder$DefinitionGatheringCallback#void#visit#?,NodeTraversal,Node,Node#177	-0.08569711538461539	0.0	-0.04284855769230769		_
com.google.javascript.jscomp.SimpleDefinitionFinder$DefinitionGatheringCallback#void#visit#?,NodeTraversal,Node,Node#179	-0.08569711538461539	0.0	-0.04284855769230769		_
com.google.javascript.jscomp.parsing.IRFactory#int#transformTokenType#?,int#1392	-0.08629807692307692	0.0	-0.04314903846153846		_
com.google.javascript.jscomp.CodeGenerator#void#add#?,Node,Context#191	-0.08689903846153846	0.0	-0.04344951923076923		_
com.google.javascript.jscomp.CodeGenerator#void#add#?,Node,Context#189	-0.090625	0.0	-0.0453125		_
com.google.javascript.jscomp.CodeGenerator#void#add#?,Node,Context#190	-0.090625	0.0	-0.0453125		_
com.google.javascript.jscomp.CodeGenerator#void#add#?,Node,Context#196	-0.090625	0.0	-0.0453125		_
com.google.javascript.jscomp.CodeGenerator#void#add#?,Node,Context#195	-0.090625	0.0	-0.0453125		_
com.google.javascript.jscomp.NodeTraversal#Node#getEnclosingFunction#?#588	-0.09098557692307692	0.0	-0.04549278846153846		_
com.google.javascript.jscomp.DefinitionsRemover#Definition#getDefinition#?,Node,boolean#51	-0.09194711538461539	0.0	-0.045973557692307696		_
com.google.javascript.rhino.jstype.PrototypeObjectType#boolean#isSubtype#?,JSType#319	-0.09507211538461538	0.0	-0.04753605769230769		_
com.google.javascript.jscomp.AstValidator#void#validateExpression#?,Node#230	-0.10012019230769231	0.0	-0.050060096153846156		_
com.google.javascript.jscomp.AstValidator#void#validateExpression#?,Node#229	-0.10012019230769231	0.0	-0.050060096153846156		_
com.google.javascript.jscomp.NodeUtil#int#precedenceWithDefault#?,int#1247	-0.10132211538461539	0.0	-0.05066105769230769		_
com.google.javascript.jscomp.DefinitionsRemover#Definition#getDefinition#?,Node,boolean#48	-0.10228365384615384	0.0	-0.05114182692307692		_
com.google.javascript.jscomp.AstValidator#void#validateStatement#?,Node#130	-0.10264423076923077	0.0	-0.05132211538461538		_
com.google.javascript.jscomp.AstValidator#void#validateStatement#?,Node#129	-0.10264423076923077	0.0	-0.05132211538461538		_
com.google.javascript.jscomp.AstValidator#void#validateExpression#?,Node#162	-0.10288461538461538	0.0	-0.05144230769230769		_
com.google.javascript.jscomp.AstValidator#void#validateExpression#?,Node#163	-0.10288461538461538	0.0	-0.05144230769230769		_
com.google.javascript.jscomp.CodeGenerator#void#add#?,Node,Context#732	-0.10612980769230769	0.0	-0.053064903846153845		_
com.google.javascript.jscomp.CodeGenerator#void#add#?,Node,Context#728	-0.10612980769230769	0.0	-0.053064903846153845		_
com.google.javascript.jscomp.CodeGenerator#void#add#?,Node,Context#729	-0.10612980769230769	0.0	-0.053064903846153845		_
com.google.javascript.jscomp.CodeGenerator#void#add#?,Node,Context#691	-0.10612980769230769	0.0	-0.053064903846153845		_
com.google.javascript.jscomp.CodeGenerator#void#add#?,Node,Context#690	-0.10612980769230769	0.0	-0.053064903846153845		_
com.google.javascript.jscomp.CodeGenerator#void#add#?,Node,Context#694	-0.10612980769230769	0.0	-0.053064903846153845		_
com.google.javascript.jscomp.parsing.TypeSafeDispatcher#T#process#?,AstNode#176	-0.10913461538461539	0.0	-0.05456730769230769		_
com.google.javascript.jscomp.parsing.TypeSafeDispatcher#T#process#?,AstNode#175	-0.10913461538461539	0.0	-0.05456730769230769		_
com.google.javascript.jscomp.ClosureCodingConvention#SubclassType#typeofClassDefiningName#?,Node#169	-0.11021634615384615	0.0	-0.055108173076923075		_
com.google.javascript.jscomp.ClosureCodingConvention#SubclassType#typeofClassDefiningName#?,Node#168	-0.11021634615384615	0.0	-0.055108173076923075		_
com.google.javascript.jscomp.ClosureCodingConvention#SubclassType#typeofClassDefiningName#?,Node#170	-0.11021634615384615	0.0	-0.055108173076923075		_
com.google.javascript.jscomp.Compiler#Config#getParserConfig#?#2094	-0.11213942307692308	0.0	-0.05606971153846154		_
com.google.javascript.jscomp.Compiler#Config#getParserConfig#?#2095	-0.11213942307692308	0.0	-0.05606971153846154		_
com.google.javascript.jscomp.MakeDeclaredNamesUnique#boolean#shouldTraverse#?,NodeTraversal,Node,Node#131	-0.11658653846153846	0.0	-0.05829326923076923		_
com.google.javascript.jscomp.MakeDeclaredNamesUnique#boolean#shouldTraverse#?,NodeTraversal,Node,Node#132	-0.11658653846153846	0.0	-0.05829326923076923		_
com.google.javascript.jscomp.MakeDeclaredNamesUnique#boolean#shouldTraverse#?,NodeTraversal,Node,Node#130	-0.11658653846153846	0.0	-0.05829326923076923		_
com.google.javascript.jscomp.parsing.IRFactory#int#transformTokenType#?,int#1372	-0.11911057692307692	0.0	-0.05955528846153846		_
com.google.javascript.jscomp.parsing.TypeSafeDispatcher#T#process#?,AstNode#248	-0.11911057692307692	0.0	-0.05955528846153846		_
com.google.javascript.jscomp.Compiler#void#reconcileOptionsWithGuards#?#323	-0.12223557692307692	0.0	-0.06111778846153846		_
com.google.javascript.jscomp.Compiler#void#reconcileOptionsWithGuards#?#319	-0.12740384615384615	0.0	-0.06370192307692307		_
com.google.javascript.jscomp.Normalize$FindExposeAnnotations#void#visit#?,NodeTraversal,Node,Node#172	-0.12740384615384615	0.0	-0.06370192307692307		_
com.google.javascript.jscomp.Normalize$FindExposeAnnotations#void#visit#?,NodeTraversal,Node,Node#171	-0.12740384615384615	0.0	-0.06370192307692307		_
com.google.javascript.jscomp.Normalize$FindExposeAnnotations#void#visit#?,NodeTraversal,Node,Node#170	-0.12740384615384615	0.0	-0.06370192307692307		_
com.google.javascript.jscomp.Compiler#void#reconcileOptionsWithGuards#?#317	-0.12764423076923076	0.0	-0.06382211538461538		_
com.google.javascript.jscomp.parsing.IRFactory$TransformDispatcher#boolean#isReservedKeyword#?,String#937	-0.1282451923076923	0.0	-0.06412259615384615		_
com.google.javascript.jscomp.parsing.IRFactory#?#IRFactory#?,String,StaticSourceFile,Config,ErrorReporter#164	-0.13004807692307693	0.0	-0.06502403846153847		_
com.google.javascript.jscomp.parsing.IRFactory#?#IRFactory#?,String,StaticSourceFile,Config,ErrorReporter#163	-0.13004807692307693	0.0	-0.06502403846153847		_
com.google.javascript.rhino.Node#void#toString#?,StringBuilder,boolean,boolean,boolean#966	-0.13245192307692308	0.0	-0.06622596153846154		_
com.google.javascript.rhino.Node#void#toString#?,StringBuilder,boolean,boolean,boolean#967	-0.13245192307692308	0.0	-0.06622596153846154		_
com.google.javascript.jscomp.NodeUtil#JSDocInfo#getBestJSDocInfo#?,Node#3096	-0.13353365384615384	0.0	-0.06676682692307692		_
com.google.javascript.rhino.Token#String#name#?,int#214	-0.13413461538461538	0.0	-0.06706730769230769		_
com.google.javascript.rhino.Token#String#name#?,int#215	-0.13701923076923078	0.0	-0.06850961538461539		_
com.google.javascript.jscomp.parsing.TypeSafeDispatcher#T#process#?,AstNode#199	-0.13942307692307693	0.0	-0.06971153846153846		_
com.google.javascript.jscomp.MakeDeclaredNamesUnique$ContextualRenamer#void#addDeclaredName#?,String#471	-0.14447115384615383	0.0	-0.07223557692307692		_
com.google.javascript.jscomp.MakeDeclaredNamesUnique$ContextualRenamer#void#addDeclaredName#?,String#470	-0.14447115384615383	0.0	-0.07223557692307692		_
com.google.javascript.jscomp.MakeDeclaredNamesUnique$ContextualRenamer#void#addDeclaredName#?,String#474	-0.14447115384615383	0.0	-0.07223557692307692		_
com.google.javascript.jscomp.MakeDeclaredNamesUnique$ContextualRenamer#void#addDeclaredName#?,String#468	-0.14447115384615383	0.0	-0.07223557692307692		_
com.google.javascript.jscomp.MakeDeclaredNamesUnique$ContextualRenamer#void#addDeclaredName#?,String#469	-0.14447115384615383	0.0	-0.07223557692307692		_
com.google.javascript.jscomp.parsing.TypeSafeDispatcher#T#process#?,AstNode#146	-0.15625	0.0	-0.078125		_
com.google.javascript.jscomp.Normalize$VerifyConstants#void#visit#?,NodeTraversal,Node,Node#343	-0.15733173076923077	0.0	-0.07866586538461538		_
com.google.javascript.jscomp.AstValidator#void#validateExpression#?,Node#254	-0.15829326923076922	0.0	-0.07914663461538461		_
com.google.javascript.jscomp.AstValidator#void#validateExpression#?,Node#253	-0.15829326923076922	0.0	-0.07914663461538461		_
com.google.javascript.jscomp.MakeDeclaredNamesUnique#void#findDeclaredNames#?,Node,Node,Renamer#221	-0.1641826923076923	0.0	-0.08209134615384615		_
com.google.javascript.jscomp.MakeDeclaredNamesUnique#void#findDeclaredNames#?,Node,Node,Renamer#222	-0.1641826923076923	0.0	-0.08209134615384615		_
com.google.javascript.rhino.Node#Node#copyInformationFrom#?,Node#1747	-0.16490384615384615	0.0	-0.08245192307692308		_
com.google.javascript.rhino.Node#Node#copyInformationFrom#?,Node#1748	-0.16490384615384615	0.0	-0.08245192307692308		_
com.google.javascript.jscomp.parsing.TypeSafeDispatcher#T#process#?,AstNode#260	-0.17596153846153847	0.0	-0.08798076923076924		_
com.google.javascript.jscomp.parsing.TypeSafeDispatcher#T#process#?,AstNode#219	-0.1811298076923077	0.0	-0.09056490384615384		_
com.google.javascript.jscomp.NodeUtil#JSDocInfo#getBestJSDocInfo#?,Node#3102	-0.18882211538461538	0.0	-0.09441105769230769		_
com.google.javascript.jscomp.BasicErrorManager#JSError[]#toArray#?,CheckLevel#107	-0.19290865384615385	0.0	-0.09645432692307693		_
com.google.javascript.jscomp.CodeGenerator#void#add#?,Node,Context#496	-0.19471153846153846	0.0	-0.09735576923076923		_
com.google.javascript.jscomp.CodeGenerator#void#add#?,Node,Context#495	-0.19471153846153846	0.0	-0.09735576923076923		_
com.google.javascript.jscomp.CodeGenerator#void#add#?,Node,Context#498	-0.19483173076923077	0.0	-0.09741586538461539		_
com.google.javascript.jscomp.CodeGenerator#void#add#?,Node,Context#488	-0.19483173076923077	0.0	-0.09741586538461539		_
com.google.javascript.jscomp.CodeGenerator#void#add#?,Node,Context#485	-0.19483173076923077	0.0	-0.09741586538461539		_
com.google.javascript.jscomp.CodeGenerator#void#add#?,Node,Context#480	-0.19483173076923077	0.0	-0.09741586538461539		_
com.google.javascript.jscomp.CodeGenerator#void#add#?,Node,Context#484	-0.19483173076923077	0.0	-0.09741586538461539		_
com.google.javascript.jscomp.CodeGenerator#void#add#?,Node,Context#481	-0.19483173076923077	0.0	-0.09741586538461539		_
com.google.javascript.jscomp.CodeGenerator#void#add#?,Node,Context#474	-0.19483173076923077	0.0	-0.09741586538461539		_
com.google.javascript.jscomp.CodeGenerator#void#add#?,Node,Context#477	-0.19483173076923077	0.0	-0.09741586538461539		_
com.google.javascript.jscomp.BasicErrorManager#JSError[]#toArray#?,CheckLevel#106	-0.19507211538461539	0.0	-0.09753605769230769		_
com.google.javascript.jscomp.BasicErrorManager#JSError[]#toArray#?,CheckLevel#105	-0.19507211538461539	0.0	-0.09753605769230769		_
com.google.javascript.jscomp.CodeGenerator#void#add#?,Node,Context#399	-0.1985576923076923	0.0	-0.09927884615384615		_
com.google.javascript.jscomp.CodeConsumer#void#endFunction#?,boolean#169	-0.19891826923076922	0.0	-0.09945913461538461		_
com.google.javascript.jscomp.AstValidator#void#validateParameters#?,Node#370	-0.2063701923076923	0.0	-0.10318509615384615		_
com.google.javascript.jscomp.AstValidator#void#validateParameters#?,Node#369	-0.2063701923076923	0.0	-0.10318509615384615		_
com.google.javascript.jscomp.parsing.TypeSafeDispatcher#T#process#?,AstNode#256	-0.20973557692307693	0.0	-0.10486778846153846		_
com.google.javascript.jscomp.NodeUtil#String#opToStr#?,int#2206	-0.2152644230769231	0.0	-0.10763221153846154		_
com.google.javascript.jscomp.NodeUtil#int#precedenceWithDefault#?,int#1213	-0.21778846153846154	0.0	-0.10889423076923077		_
com.google.javascript.jscomp.CodeGenerator#void#add#?,Node,Context#246	-0.22091346153846153	0.0	-0.11045673076923077		_
com.google.javascript.jscomp.CodeGenerator#void#add#?,Node,Context#248	-0.22091346153846153	0.0	-0.11045673076923077		_
com.google.javascript.jscomp.CodeGenerator#void#add#?,Node,Context#247	-0.22091346153846153	0.0	-0.11045673076923077		_
com.google.javascript.jscomp.PrepareAst$PrepareAnnotations#boolean#shouldTraverse#?,NodeTraversal,Node,Node#126	-0.23161057692307693	0.0	-0.11580528846153847		_
com.google.javascript.jscomp.parsing.TypeSafeDispatcher#T#process#?,AstNode#252	-0.23509615384615384	0.0	-0.11754807692307692		_
com.google.javascript.jscomp.ComposeWarningsGuard#boolean#enables#?,DiagnosticGroup#153	-0.24122596153846154	0.0	-0.12061298076923077		_
com.google.javascript.jscomp.AstValidator#void#validateExpression#?,Node#234	-0.2420673076923077	0.0	-0.12103365384615385		_
com.google.javascript.jscomp.AstValidator#void#validateExpression#?,Node#233	-0.2420673076923077	0.0	-0.12103365384615385		_
com.google.javascript.jscomp.CodeConsumer#void#add#?,String#192	-0.24423076923076922	0.0	-0.12211538461538461		_
com.google.javascript.jscomp.NodeUtil#JSDocInfo#getBestJSDocInfo#?,Node#3110	-0.2455528846153846	0.0	-0.1227764423076923		_
com.google.javascript.jscomp.NodeUtil#JSDocInfo#getBestJSDocInfo#?,Node#3105	-0.25	0.0	-0.125		_
com.google.javascript.jscomp.CodeGenerator#void#add#?,Node,Context#130	-0.25576923076923075	0.0	-0.12788461538461537		_
com.google.javascript.jscomp.CodeGenerator#void#add#?,Node,Context#138	-0.25576923076923075	0.0	-0.12788461538461537		_
com.google.javascript.jscomp.CodeGenerator#void#add#?,Node,Context#136	-0.25576923076923075	0.0	-0.12788461538461537		_
com.google.javascript.jscomp.CodeGenerator#void#add#?,Node,Context#120	-0.25576923076923075	0.0	-0.12788461538461537		_
com.google.javascript.jscomp.CodeGenerator#void#add#?,Node,Context#124	-0.25576923076923075	0.0	-0.12788461538461537		_
com.google.javascript.jscomp.CodeGenerator#void#add#?,Node,Context#128	-0.25576923076923075	0.0	-0.12788461538461537		_
com.google.javascript.rhino.jstype.TemplateTypeMap#boolean#hasAnyTemplateTypesInternal#?#324	-0.25600961538461536	0.0	-0.12800480769230768		_
com.google.javascript.jscomp.CodeGenerator#void#add#?,Node,Context#222	-0.2561298076923077	0.0	-0.12806490384615385		_
com.google.javascript.jscomp.CodeGenerator#void#add#?,Node,Context#214	-0.2566105769230769	0.0	-0.12830528846153846		_
com.google.javascript.jscomp.CodeGenerator#void#add#?,Node,Context#215	-0.2566105769230769	0.0	-0.12830528846153846		_
com.google.javascript.jscomp.CodeGenerator#void#add#?,Node,Context#216	-0.2566105769230769	0.0	-0.12830528846153846		_
com.google.javascript.jscomp.CodeGenerator#void#add#?,Node,Context#217	-0.2566105769230769	0.0	-0.12830528846153846		_
com.google.javascript.rhino.jstype.PrototypeObjectType#boolean#isSubtype#?,JSType#331	-0.25961538461538464	0.0	-0.12980769230769232		_
com.google.javascript.rhino.jstype.UnionTypeBuilder#UnionTypeBuilder#addAlternate#?,JSType#251	-0.2603365384615385	0.0	-0.13016826923076924		_
com.google.javascript.rhino.jstype.UnionTypeBuilder#UnionTypeBuilder#addAlternate#?,JSType#260	-0.2605769230769231	0.0	-0.13028846153846155		_
com.google.javascript.rhino.jstype.UnionTypeBuilder#UnionTypeBuilder#addAlternate#?,JSType#256	-0.2606971153846154	0.0	-0.1303485576923077		_
com.google.javascript.rhino.jstype.UnionTypeBuilder#UnionTypeBuilder#addAlternate#?,JSType#258	-0.2606971153846154	0.0	-0.1303485576923077		_
com.google.javascript.rhino.jstype.JSTypeRegistry#JSType#createOptionalType#?,JSType#1001	-0.26153846153846155	0.0	-0.13076923076923078		_
com.google.javascript.rhino.jstype.TemplateTypeMap#boolean#hasAnyTemplateTypesInternal#?#323	-0.26153846153846155	0.0	-0.13076923076923078		_
com.google.javascript.rhino.jstype.TemplateTypeMap#boolean#hasAnyTemplateTypesInternal#?#322	-0.26153846153846155	0.0	-0.13076923076923078		_
com.google.javascript.rhino.jstype.TemplateTypeMap#int#getTemplateTypeIndex#?,TemplateType#172	-0.2631009615384615	0.0	-0.13155048076923076		_
com.google.javascript.rhino.jstype.TemplateTypeMap#int#getTemplateTypeIndex#?,TemplateType#171	-0.2631009615384615	0.0	-0.13155048076923076		_
com.google.javascript.rhino.jstype.TemplateTypeMap#int#getTemplateTypeIndex#?,TemplateType#170	-0.2631009615384615	0.0	-0.13155048076923076		_
com.google.javascript.rhino.jstype.TemplateTypeMap#?#TemplateTypeMap#?,JSTypeRegistry,ImmutableList<TemplateType>,ImmutableList<JSType>#87	-0.26322115384615385	0.0	-0.13161057692307693		_
com.google.javascript.rhino.jstype.TemplateTypeMap#?#TemplateTypeMap#?,JSTypeRegistry,ImmutableList<TemplateType>,ImmutableList<JSType>#88	-0.26322115384615385	0.0	-0.13161057692307693		_
com.google.javascript.rhino.jstype.UnionTypeBuilder#UnionTypeBuilder#addAlternate#?,JSType#178	-0.26658653846153846	0.0	-0.13329326923076923		_
com.google.javascript.rhino.jstype.JSType#boolean#checkEquivalenceHelper#?,JSType,EquivalenceMethod#601	-0.2675480769230769	0.0	-0.13377403846153846		_
com.google.javascript.rhino.jstype.JSType#boolean#checkEquivalenceHelper#?,JSType,EquivalenceMethod#632	-0.2692307692307692	0.0	-0.1346153846153846		_
com.google.javascript.rhino.jstype.UnionTypeBuilder#UnionTypeBuilder#addAlternate#?,JSType#139	-0.26971153846153845	0.0	-0.13485576923076922		_
com.google.javascript.rhino.jstype.UnionTypeBuilder#UnionTypeBuilder#addAlternate#?,JSType#138	-0.26971153846153845	0.0	-0.13485576923076922		_
com.google.javascript.rhino.jstype.UnionTypeBuilder#UnionTypeBuilder#addAlternate#?,JSType#137	-0.26971153846153845	0.0	-0.13485576923076922		_
com.google.javascript.jscomp.parsing.IRFactory$TransformDispatcher#Node#processFunctionCall#?,FunctionCall#756	-0.27584134615384615	0.0	-0.13792067307692307		_
com.google.javascript.jscomp.parsing.IRFactory$TransformDispatcher#Node#processFunctionCall#?,FunctionCall#757	-0.27584134615384615	0.0	-0.13792067307692307		_
com.google.javascript.rhino.jstype.ProxyObjectType#void#setReferencedType#?,JSType#89	-0.27752403846153845	0.0	-0.13876201923076922		_
com.google.javascript.jscomp.NodeUtil#boolean#isAssignmentOp#?,Node#1529	-0.2796875	0.0	-0.13984375		_
com.google.javascript.rhino.jstype.PrototypeObjectType#String#getReferenceName#?#307	-0.2828125	0.0	-0.14140625		_
com.google.javascript.rhino.jstype.JSTypeRegistry#void#addReferenceTypeIndexedByProperty#?,String,JSType#658	-0.29146634615384615	0.0	-0.14573317307692307		_
com.google.javascript.rhino.jstype.JSTypeRegistry#void#addReferenceTypeIndexedByProperty#?,String,JSType#655	-0.29146634615384615	0.0	-0.14573317307692307		_
com.google.javascript.jscomp.AstValidator#void#validateStatement#?,Node#103	-0.29338942307692306	0.0	-0.14669471153846153		_
com.google.javascript.jscomp.AstValidator#void#validateStatement#?,Node#102	-0.29338942307692306	0.0	-0.14669471153846153		_
com.google.javascript.rhino.jstype.PrototypeObjectType#boolean#isSubtype#?,JSType#326	-0.29639423076923077	0.0	-0.14819711538461539		_
com.google.javascript.rhino.jstype.JSType#boolean#isSubtypeHelper#?,JSType,JSType#1261	-0.3036057692307692	0.0	-0.1518028846153846		_
com.google.javascript.rhino.jstype.UnionTypeBuilder#UnionTypeBuilder#addAlternate#?,JSType#124	-0.30564903846153846	0.0	-0.15282451923076923		_
com.google.javascript.rhino.jstype.JSType#boolean#isSubtypeHelper#?,JSType,JSType#1255	-0.31466346153846153	0.0	-0.15733173076923077		_
com.google.javascript.rhino.jstype.JSType#boolean#isSubtypeHelper#?,JSType,JSType#1257	-0.31466346153846153	0.0	-0.15733173076923077		_
com.google.javascript.rhino.jstype.JSType#boolean#isSubtypeHelper#?,JSType,JSType#1256	-0.31466346153846153	0.0	-0.15733173076923077		_
com.google.javascript.rhino.jstype.UnionTypeBuilder#JSType#reduceAlternatesWithoutUnion#?#304	-0.31514423076923076	0.0	-0.15757211538461538		_
com.google.javascript.rhino.jstype.UnionTypeBuilder#JSType#reduceAlternatesWithoutUnion#?#303	-0.3157451923076923	0.0	-0.15787259615384616		_
com.google.javascript.rhino.jstype.ObjectType#boolean#isUnknownType#?#568	-0.31682692307692306	0.0	-0.15841346153846153		_
com.google.javascript.jscomp.Scope#boolean#isDeclared#?,String,boolean#555	-0.32079326923076923	0.0	-0.16039663461538461		_
com.google.javascript.jscomp.NodeUtil#JSDocInfo#getBestJSDocInfo#?,Node#3098	-0.32271634615384615	0.0	-0.16135817307692307		_
com.google.javascript.rhino.jstype.JSType#boolean#checkEquivalenceHelper#?,JSType,EquivalenceMethod#586	-0.32572115384615385	0.0	-0.16286057692307693		_
com.google.javascript.rhino.jstype.JSType#boolean#checkEquivalenceHelper#?,JSType,EquivalenceMethod#582	-0.32584134615384613	0.0	-0.16292067307692307		_
com.google.javascript.rhino.jstype.JSType#boolean#checkEquivalenceHelper#?,JSType,EquivalenceMethod#578	-0.3262019230769231	0.0	-0.16310096153846154		_
com.google.javascript.rhino.jstype.JSType#boolean#isSubtypeHelper#?,JSType,JSType#1251	-0.3295673076923077	0.0	-0.16478365384615384		_
com.google.javascript.jscomp.AstValidator#void#validateVar#?,Node#400	-0.33161057692307694	0.0	-0.16580528846153847		_
com.google.javascript.jscomp.Compiler#void#reconcileOptionsWithGuards#?#349	-0.34423076923076923	0.0	-0.17211538461538461		_
com.google.javascript.jscomp.parsing.TypeSafeDispatcher#T#process#?,AstNode#250	-0.37403846153846154	0.0	-0.18701923076923077		_
com.google.javascript.rhino.Node#Iterable<Node>#children#?#1241	-0.3936298076923077	0.0	-0.19681490384615385		_
com.google.javascript.jscomp.DiagnosticType#int#hashCode#?#119	-0.40697115384615384	0.0	-0.20348557692307692		_
com.google.javascript.jscomp.parsing.IRFactory#int#position2charno#?,int#521	-0.4165865384615385	0.0	-0.20829326923076924		_
com.google.javascript.jscomp.ComposeWarningsGuard#boolean#enables#?,DiagnosticGroup#157	-0.4188701923076923	0.0	-0.20943509615384615		_
com.google.javascript.jscomp.graph.LinkedDirectedGraph#boolean#isConnectedInDirection#?,N,Predicate<E>,N#207	-0.41983173076923075	0.0	-0.20991586538461537		_
com.google.javascript.jscomp.graph.LinkedDirectedGraph#boolean#isConnectedInDirection#?,N,Predicate<E>,N#208	-0.41983173076923075	0.0	-0.20991586538461537		_
com.google.javascript.jscomp.ComposeWarningsGuard#boolean#enables#?,DiagnosticGroup#152	-0.4230769230769231	0.0	-0.21153846153846154		_
com.google.javascript.jscomp.DiagnosticGroupWarningsGuard#boolean#enables#?,DiagnosticGroup#54	-0.4230769230769231	0.0	-0.21153846153846154		_
com.google.javascript.jscomp.SyntacticScopeCreator#void#scanRoot#?,Node#97	-0.4271634615384615	0.0	-0.21358173076923076		_
com.google.javascript.jscomp.SyntacticScopeCreator#void#scanRoot#?,Node#94	-0.4271634615384615	0.0	-0.21358173076923076		_
com.google.javascript.jscomp.SyntacticScopeCreator#void#scanRoot#?,Node#96	-0.4271634615384615	0.0	-0.21358173076923076		_
com.google.javascript.jscomp.PrepareAst#void#process#?,Node,Node#64	-0.43317307692307694	0.0	-0.21658653846153847		_
com.google.javascript.jscomp.parsing.IRFactory#Node#transform#?,AstNode#371	-0.44483173076923077	0.0	-0.22241586538461539		_
com.google.javascript.jscomp.parsing.IRFactory#Node#transform#?,AstNode#370	-0.44483173076923077	0.0	-0.22241586538461539		_
com.google.javascript.jscomp.parsing.IRFactory#JSDocInfo#handleJsDoc#?,AstNode,Node#287	-0.4472355769230769	0.0	-0.22361778846153846		_
com.google.javascript.jscomp.parsing.IRFactory#JSDocInfo#handleJsDoc#?,AstNode,Node#289	-0.44771634615384615	0.0	-0.22385817307692307		_
com.google.javascript.jscomp.parsing.IRFactory#JSDocInfo#handleJsDoc#?,AstNode,Node#286	-0.44771634615384615	0.0	-0.22385817307692307		_
com.google.javascript.jscomp.parsing.IRFactory#JSDocInfo#handleJsDoc#?,AstNode,Node#285	-0.44771634615384615	0.0	-0.22385817307692307		_
com.google.javascript.jscomp.parsing.IRFactory#JSDocInfo#handleJsDoc#?,AstNode,Node#282	-0.44795673076923076	0.0	-0.22397836538461538		_
com.google.javascript.jscomp.parsing.IRFactory#JSDocInfo#handleJsDoc#?,AstNode,Node#283	-0.44795673076923076	0.0	-0.22397836538461538		_
com.google.javascript.jscomp.parsing.IRFactory#JSDocInfo#handleJsDoc#?,AstNode,Node#284	-0.44795673076923076	0.0	-0.22397836538461538		_
com.google.javascript.jscomp.NodeUtil#JSDocInfo#getBestJSDocInfo#?,Node#3114	-0.4484375	0.0	-0.22421875		_
com.google.javascript.jscomp.parsing.IRFactory#Node#transformTree#?,AstRoot,StaticSourceFile,String,Config,ErrorReporter#200	-0.4497596153846154	0.0	-0.2248798076923077		_
com.google.javascript.jscomp.parsing.IRFactory#Node#transformTree#?,AstRoot,StaticSourceFile,String,Config,ErrorReporter#196	-0.45072115384615385	0.0	-0.22536057692307693		_
com.google.javascript.jscomp.parsing.IRFactory#Node#transformTree#?,AstRoot,StaticSourceFile,String,Config,ErrorReporter#197	-0.45072115384615385	0.0	-0.22536057692307693		_
com.google.javascript.jscomp.parsing.IRFactory$TransformDispatcher#Node#processFunctionNode#?,FunctionNode#825	-0.47716346153846156	0.0	-0.23858173076923078		_
com.google.javascript.jscomp.parsing.IRFactory$TransformDispatcher#Node#processFunctionNode#?,FunctionNode#824	-0.47728365384615384	0.0	-0.23864182692307692		_
com.google.javascript.jscomp.parsing.IRFactory$TransformDispatcher#Node#processFunctionNode#?,FunctionNode#820	-0.47728365384615384	0.0	-0.23864182692307692		_
com.google.javascript.jscomp.parsing.IRFactory$TransformDispatcher#Node#processFunctionNode#?,FunctionNode#819	-0.47728365384615384	0.0	-0.23864182692307692		_
com.google.javascript.rhino.Node#String#checkTreeEquals#?,Node#1436	-0.4798076923076923	0.0	-0.23990384615384616		_
com.google.javascript.rhino.Node#NodeMismatch#checkTreeEqualsImpl#?,Node#1462	-0.4799278846153846	0.0	-0.2399639423076923		_
com.google.javascript.jscomp.SyntacticScopeCreator#void#scanVars#?,Node#134	-0.4991586538461538	0.0	-0.2495793269230769		_
com.google.javascript.jscomp.SyntacticScopeCreator#void#scanVars#?,Node#135	-0.4991586538461538	0.0	-0.2495793269230769		_
com.google.javascript.jscomp.SyntacticScopeCreator#void#scanVars#?,Node#130	-0.4991586538461538	0.0	-0.2495793269230769		_
com.google.javascript.jscomp.SyntacticScopeCreator#void#scanVars#?,Node#125	-0.4991586538461538	0.0	-0.2495793269230769		_
com.google.javascript.jscomp.SyntacticScopeCreator#void#scanVars#?,Node#129	-0.4991586538461538	0.0	-0.2495793269230769		_
com.google.javascript.jscomp.parsing.IRFactory$TransformDispatcher#Node#processVariableInitializer#?,VariableInitializer#1257	-0.5126201923076923	0.0	-0.25631009615384615		_
com.google.javascript.jscomp.parsing.IRFactory$TransformDispatcher#Node#processVariableInitializer#?,VariableInitializer#1256	-0.5126201923076923	0.0	-0.25631009615384615		_
com.google.javascript.jscomp.parsing.IRFactory$TransformDispatcher#Node#processFunctionNode#?,FunctionNode#811	-0.5872596153846154	0.0	-0.2936298076923077		_
com.google.javascript.jscomp.NodeTraversal#void#traverseFunction#?,Node,Node#554	-0.6133413461538462	0.0	-0.3066706730769231		_
com.google.javascript.jscomp.NodeUtil#boolean#isStatementParent#?,Node#1794	-0.6296875	0.0	-0.31484375		_
com.google.javascript.jscomp.parsing.IRFactory$TransformDispatcher#boolean#isDirective#?,Node#628	-0.7193509615384616	0.0	-0.3596754807692308		_
