line	original_score	max_predicate_score	total	predicate	label
com.google.javascript.rhino.Node$FileLevelJsDocBuilder#void#append#?,String#1849	0.4444444444444444	0.4444444444444444	0.4444444444444444	jsDocInfo == null	_
com.google.javascript.jscomp.parsing.JsDocInfoParser#ExtractionInfo#extractMultilineTextualBlock#?,JsDocToken,WhitespaceOption#1421	0.36363636363636365	0.5	0.3269230769230769	!(option != WhitespaceOption.PRESERVE)	GT
com.google.javascript.rhino.JSDocInfo#String#getLicense#?#1196	0.4444444444444444	0.0	0.2222222222222222		_
com.google.javascript.rhino.JSDocInfo#void#setLicense#?,String#1207	0.4444444444444444	0.0	0.2222222222222222		_
com.google.javascript.jscomp.Compiler$CodeBuilder#CodeBuilder#append#?,String#1753	0.16666666666666663	0.19999999999999996	0.1833333333333333	colCount != lastIndex	_
com.google.javascript.jscomp.Compiler#Node#parseInputs#?#1340	0.1428571428571429	0.1428571428571429	0.1428571428571429	!(info.isNoCompile())	_
com.google.javascript.jscomp.parsing.IRFactory#void#setFileOverviewJsDoc#?,Node#196	0.25	0.25	0.12507816163826796	rootNodeJsDoc != null	_
com.google.javascript.jscomp.parsing.JsDocInfoParser#String#toString#?,JsDocToken#1226	0.09523809523809523	0.0	0.047619047619047616		_
com.google.javascript.rhino.JSDocInfoBuilder#void#markText#?,String,int,int,int,int#169	0.021739130434782594	0.040000000000000036	0.030869565217391315	!(currentMarker != null)	_
com.google.javascript.jscomp.ReplaceIdGenerators$GatherGenerators#void#visit#?,NodeTraversal,Node,Node#84	0.02083333333333337	0.02083333333333337	0.019188596491228116	!doc.isConsistentIdGenerator() && !doc.isIdGenerator()	_
com.google.javascript.jscomp.parsing.IRFactory#Node#transformTree#?,AstRoot,StaticSourceFile,String,Config,ErrorReporter#177	0.0357142857142857	0.0357142857142857	0.01801108374384236	comment.getCommentType() == CommentType.JSDOC && !irFactory.parsedComments.contains(comment)	_
com.google.javascript.jscomp.parsing.IRFactory#void#handlePossibleFileOverviewJsDoc#?,Comment,Node#256	0.0357142857142857	0.0	0.01785714285714285		_
com.google.javascript.jscomp.parsing.JsDocTokenStream#int#getCharIgnoreLineEnd#?#396	0.015625	0.015625	0.015625	!(charno == -1)	_
com.google.javascript.jscomp.parsing.JsDocTokenStream#int#peekChar#?#333	0.015625	0.015625	0.015625	(c)!= 0	_
com.google.javascript.jscomp.parsing.JsDocTokenStream#String#getRemainingJSDocLine#?#207	0.0182648401826484	0.015625	0.015625	!(peekChar() != '/')	_
com.google.javascript.rhino.JSDocInfoBuilder#JSDocInfo#build#?,Node#125	0.018292682926829285	0.018292682926829285	0.009691895200457767	!(populated)	_
com.google.javascript.rhino.JSDocInfo#boolean#isConsistentIdGenerator#?#434	0.01754385964912286	0.0	0.00877192982456143		_
com.google.javascript.rhino.JSDocInfo#boolean#isIdGenerator#?#547	0.01754385964912286	0.0	0.00877192982456143		_
com.google.javascript.jscomp.DefaultPassConfig#List<PassFactory>#getCodeRemovingPasses#?#716	0.007874015748031482	0.008474576271186418	0.008069239278974405	!(options.inlineConstantVars)	_
com.google.javascript.jscomp.parsing.JsDocTokenStream#void#update#?#327	0.016000000000000014	0.0	0.008000000000000007		_
com.google.javascript.jscomp.CreateSyntheticBlocks$Callback#void#visit#?,NodeTraversal,Node,Node#171	0.00694444444444442	0.00694444444444442	0.00694444444444442	!n.isCall() || !n.getFirstChild().isName()	_
com.google.javascript.jscomp.parsing.JsDocInfoParser$ExtractionInfo#?#ExtractionInfo#?,String,JsDocToken#1252	0.013605442176870763	0.0	0.006802721088435382		_
com.google.javascript.jscomp.DefaultPassConfig#List<PassFactory>#getOptimizations#?#436	0.006756756756756799	0.008928571428571397	0.006789867109634529	!(options.closurePass)	_
com.google.javascript.jscomp.ReplaceIdGenerators#void#process#?,Node,Node#122	0.006329113924050667	0.006756756756756799	0.006542935340403733	!(!nameGenerators.isEmpty() || !this.consistNameGenerators.isEmpty())	_
com.google.javascript.jscomp.ReplaceIdGenerators#?#ReplaceIdGenerators#?,AbstractCompiler,Set<String>#66	0.006329113924050667	0.006329113924050667	0.006329113924050667	idGens != null	_
com.google.javascript.jscomp.Compiler#Result#compileModules#?,List<T>,List<JSModule>,CompilerOptions#569	0.006329113924050667	0.006329113924050667	0.006329113924050667	!(hasErrors())	_
com.google.javascript.jscomp.DefaultPassConfig#List<PassFactory>#getMainOptimizationLoop#?#692	0.0046511627906976605	0.007692307692307665	0.006171735241502663	!(options.removeUnusedVars || options.removeUnusedLocalVars)	_
com.google.javascript.rhino.Node$ObjectPropListItem#PropListItem#chain#?,PropListItem#325	0.012048192771084376	0.0	0.006024096385542188		_
com.google.javascript.jscomp.LoggerErrorManager#void#printSummary#?#69	0.0050000000000000044	0.005586592178770999	0.005293296089385502	!(getErrorCount() + getWarningCount() > 0)	_
com.google.javascript.jscomp.CheckSideEffects$StripProtection#void#visit#?,NodeTraversal,Node,Node#219	0.004739336492891044	0.004739336492891044	0.004739336492891044	!(n.isCall())	_
com.google.javascript.jscomp.Compiler#void#optimize#?#1805	0.004672897196261627	0.004761904761904745	0.004717400979083186	!(hasErrors())	_
com.google.javascript.jscomp.AstValidator#void#process#?,Node,Node#62	0.0046948356807511304	0.0046948356807511304	0.0046948356807511304	root != null	_
com.google.javascript.jscomp.MakeDeclaredNamesUnique$ContextualRenameInverter#void#visit#?,NodeTraversal,Node,Node#393	0.00462962962962965	0.00462962962962965	0.00462962962962965	t.inGlobalScope()	_
com.google.javascript.jscomp.MakeDeclaredNamesUnique$ContextualRenameInverter#void#exitScope#?,NodeTraversal#315	0.00462962962962965	0.00462962962962965	0.00462962962962965	t.inGlobalScope()	_
com.google.javascript.jscomp.MakeDeclaredNamesUnique$ContextualRenameInverter#void#enterScope#?,NodeTraversal#301	0.00462962962962965	0.00462962962962965	0.00462962962962965	t.inGlobalScope()	_
com.google.javascript.jscomp.parsing.JsDocTokenStream#int#getLineno#?#226	0.0011071132023249275	0.007894736842105288	0.004500925022215108	(lineno)== 0	_
com.google.javascript.jscomp.PhaseOptimizer#void#process#?,Node,Node#184	0.002808988764044895	0.0060240963855421326	0.004416542574793514	progress < progressStep	_
com.google.javascript.jscomp.Denormalize#void#maybeCollapseIntoForStatements#?,Node,Node#73	0.004310344827586188	0.004310344827586188	0.004310344827586188	!n.isExprResult() && !n.isVar()	_
com.google.javascript.jscomp.parsing.JsDocTokenStream#?#JsDocTokenStream#?,String,int,int#50	0.0010973936899862924	0.007389162561576401	0.004243278125781347	this.cursor >= lineno	_
com.google.javascript.jscomp.Compiler#void#maybeSanityCheck#?#818	0.00421940928270037	0.00421940928270037	0.00421940928270037	!(options.devMode == DevMode.EVERY_PASS)	_
com.google.javascript.jscomp.DefaultPassConfig#Map<String,Node>#getAdditionalReplacements#?,CompilerOptions#2212	0.002941176470588225	0.005291005291005346	0.0041160908807967855	!(options.markAsCompiled || options.closurePass)	_
com.google.javascript.jscomp.Compiler#String#toSource#?#1515	0.008064516129032251	0.0	0.0040322580645161255		_
com.google.javascript.jscomp.DefaultPassConfig#List<PassFactory>#getChecks#?#193	0.0028169014084507005	0.005076142131979711	0.0039465217702152056	!(options.closurePass)	_
com.google.javascript.jscomp.BasicErrorManager#double#getTypedPercent#?#101	0.0032467532467532756	0.0045045045045044585	0.003875628875628867	(typedPercent)== 0	_
com.google.javascript.jscomp.parsing.JsDocTokenStream#int#getCharno#?#229	0.0011071132023249275	0.006525285481239762	0.0038161993417823448	(lineno == initLineno ? initCharno + charno : charno)== 0	_
com.google.javascript.jscomp.Compiler#void#compileInternal#?#692	0.0046511627906976605	0.0046511627906976605	0.0037961696306429427	!options.ideMode	_
com.google.javascript.jscomp.Compiler#void#toSource#?,CodeBuilder,int,Node#1631	0.007575757575757569	0.0	0.0037878787878787845		_
com.google.javascript.jscomp.Compiler$CodeBuilder#String#toString#?#1762	0.007518796992481258	0.0	0.003759398496240629		_
com.google.javascript.jscomp.parsing.JsDocInfoParser#JsDocToken#parseModifiesTag#?,JsDocToken#1052	0.003731343283582045	0.0037453183520599342	0.0037383308178209895	!(!jsdocBuilder.recordModifies(modifies))	_
com.google.javascript.rhino.JSDocInfoBuilder#boolean#recordModifies#?,Set<String>#419	0.0037453183520599342	0.0037453183520599342	0.0037383308178209895	!hasAnySingletonSideEffectTags() && currentInfo.setModifies(modifies)	_
com.google.javascript.rhino.JSDocInfo#boolean#setModifies#?,Set<String>#723	0.003731343283582045	0.003731343283582045	0.003731343283582045	!(info.modifies != null)	_
com.google.javascript.jscomp.parsing.JsDocTokenStream#?#JsDocTokenStream#?,String,int#42	0.007389162561576401	0.0	0.0036945812807882006		_
com.google.javascript.jscomp.VarCheck$NameRefInExternsCheck#void#visit#?,NodeTraversal,Node,Node#246	0.0036363636363636598	0.003731343283582045	0.0036838534599728523	!(var == null)	_
com.google.javascript.jscomp.CreateSyntheticBlocks#?#CreateSyntheticBlocks#?,AbstractCompiler,String,String#71	0.00694444444444442	0.0	0.00347222222222221		_
com.google.javascript.jscomp.CreateSyntheticBlocks#void#process#?,Node,Node#79	0.00694444444444442	0.0	0.00347222222222221		_
com.google.javascript.jscomp.ReplaceIdGenerators#String#getIdGeneratorMap#?#194	0.006756756756756799	0.0	0.0033783783783783994		_
com.google.javascript.jscomp.VarCheck#void#process#?,Node,Node#98	0.0024937655860348684	0.004273504273504258	0.0033682792303482145	!(!sanityCheck)	_
com.google.javascript.rhino.jstype.SimpleSourceFile#String#getName#?#57	0.00666666666666671	0.0	0.003333333333333355		_
com.google.javascript.jscomp.CheckSideEffects#void#process#?,Node,Node#73	0.0027700831024930483	0.0037453183520599342	0.0032577007272764913	!(protectSideEffectFreeCode)	_
com.google.javascript.jscomp.testing.TestErrorReporter#boolean#hasEncounteredAllWarnings#?#78	0.0063157894736841635	0.0	0.0031578947368420818		_
com.google.javascript.rhino.jstype.SimpleSourceFile#?#SimpleSourceFile#?,String,boolean#52	0.006237006237006182	0.0	0.003118503118503091		_
com.google.javascript.jscomp.ProcessDefines#void#process#?,Node,Node#117	0.0035842293906810374	0.0035842293906810374	0.0031079041690247333	namespace == null	_
com.google.javascript.jscomp.Compiler#void#check#?#772	0.002941176470588225	0.002941176470588225	0.002941176470588225	!(options.nameAnonymousFunctionsOnly)	_
com.google.javascript.jscomp.VarCheck#void#visit#?,NodeTraversal,Node,Node#129	0.0032051282051281937	0.0032051282051281937	0.002855696934644325	varName.isEmpty()	_
com.google.javascript.jscomp.testing.TestErrorReporter#?#TestErrorReporter#?,String[],String[]#45	0.005692599620493399	0.0	0.0028462998102466996		_
com.google.javascript.jscomp.Compiler#void#runCustomPasses#?,CustomPassExecutionTime#859	0.0028169014084507005	0.0028248587570621764	0.0028208800827564384	!(options.customPasses != null)	_
com.google.javascript.jscomp.Compiler#double#getProgress#?#2294	0.0028169014084507005	0.0028169014084507005	0.0028169014084507005	(progress)> 0	_
com.google.javascript.jscomp.PhaseOptimizer$ProgressRange#?#ProgressRange#?,double,double#414	0.002808988764044895	0.002808988764044895	0.002808988764044895	this.initialValue != maxValue	_
com.google.javascript.jscomp.PhaseOptimizer#void#consume#?,List<PassFactory>#143	0.0027932960893854997	0.002808988764044895	0.0028011424267151974	!(isCurrentLoopPopulated)	_
com.google.javascript.jscomp.CheckSideEffects#void#visit#?,NodeTraversal,Node,Node#127	0.0027700831024930483	0.0027700831024930483	0.0027700831024930483	!(pt != Token.EXPR_RESULT && pt != Token.BLOCK)	_
com.google.javascript.jscomp.PhaseOptimizer#Tracer#newTracer#?,String#246	0.0027100271002710175	0.002808988764044895	0.0027595079321579563	!(tracker != null)	_
com.google.javascript.jscomp.PhaseOptimizer#void#stopTracer#?,Tracer,String#254	0.0027100271002710175	0.002808988764044895	0.0027595079321579563	!(tracker != null)	_
com.google.javascript.jscomp.Compiler#PassConfig#getPassConfig#?#712	0.0027100271002710175	0.0027932960893854997	0.0027516615948282586	!(passes == null)	_
com.google.javascript.jscomp.ProcessDefines#void#overrideDefines#?,Map<String,DefineInfo>#141	0.0026315789473684292	0.002849002849002802	0.0027402908981856156	!(changed)	_
com.google.javascript.jscomp.Compiler#void#setProgress#?,double#2299	0.002732240437158473	0.002732240437158473	0.002732240437158473	!(newProgress > 1.0)	_
com.google.javascript.jscomp.PhaseOptimizer#void#maybeSanityCheck#?,Node,Node#231	0.0027100271002710175	0.0027173913043477826	0.0027137092023094	!(sanityCheck != null)	_
com.google.javascript.jscomp.Compiler#T#runCallable#?,Callable<T>,boolean,boolean#653	0.0027173913043477826	0.0027173913043477826	0.0027137092023094	!(exception[0] != null)	_
com.google.javascript.jscomp.ProcessDefines$CollectDefines#void#visit#?,NodeTraversal,Node,Node#350	0.0026315789473684292	0.0026315789473684292	0.0026315789473684292	!(n.isCall())	_
com.google.javascript.jscomp.MakeDeclaredNamesUnique$ContextualRenamer#void#addDeclaredName#?,String#463	6.134969325153339E-4	0.004273504273504258	0.0024420024420024333	!(!name.equals(ARGUMENTS))	_
com.google.javascript.jscomp.CheckSideEffects$StripProtection#?#StripProtection#?,AbstractCompiler#209	0.004739336492891044	0.0	0.002369668246445522		_
com.google.javascript.jscomp.CheckSideEffects$StripProtection#void#process#?,Node,Node#214	0.004739336492891044	0.0	0.002369668246445522		_
com.google.javascript.jscomp.Compiler#void#normalize#?#1849	0.0046511627906976605	0.0	0.0023255813953488302		_
com.google.javascript.jscomp.MakeDeclaredNamesUnique$ContextualRenameInverter#?#ContextualRenameInverter#?,AbstractCompiler#275	0.00462962962962965	0.0	0.002314814814814825		_
com.google.javascript.jscomp.MakeDeclaredNamesUnique$ContextualRenameInverter#boolean#shouldTraverse#?,NodeTraversal,Node,Node#388	0.00462962962962965	0.0	0.002314814814814825		_
com.google.javascript.jscomp.MakeDeclaredNamesUnique$ContextualRenameInverter#void#process#?,Node,Node#280	0.00462962962962965	0.0	0.002314814814814825		_
com.google.javascript.jscomp.MakeDeclaredNamesUnique#CompilerPass#getContextualRenameInverter#?,AbstractCompiler#72	0.00462962962962965	0.0	0.002314814814814825		_
com.google.javascript.jscomp.Denormalize#void#process#?,Node,Node#48	0.004366812227074246	0.0	0.002183406113537123		_
com.google.javascript.jscomp.Denormalize#?#Denormalize#?,AbstractCompiler#43	0.004310344827586188	0.0	0.002155172413793094		_
com.google.javascript.jscomp.Denormalize#boolean#shouldTraverse#?,NodeTraversal,Node,Node#53	0.004310344827586188	0.0	0.002155172413793094		_
com.google.javascript.jscomp.Denormalize#void#visit#?,NodeTraversal,Node,Node#58	0.004310344827586188	0.0	0.002155172413793094		_
com.google.javascript.jscomp.Compiler#void#process#?,CompilerPass#806	0.00421940928270037	0.0	0.002109704641350185		_
com.google.javascript.jscomp.Compiler#void#startPass#?,String#880	0.00421940928270037	0.0	0.002109704641350185		_
com.google.javascript.jscomp.Compiler#void#endPass#?#889	0.00421940928270037	0.0	0.002109704641350185		_
com.google.javascript.rhino.JSDocInfoBuilder#boolean#recordNoSideEffects#?#882	0.0019493177387914784	0.0019493177387914784	0.0019474215153101326	!hasAnySingletonSideEffectTags() && !currentInfo.isNoSideEffects()	_
com.google.javascript.jscomp.Compiler#Node#getRoot#?#950	0.003816793893129722	0.0	0.001908396946564861		_
com.google.javascript.jscomp.NodeUtil#boolean#checkForStateChangeHelper#?,Node,boolean,AbstractCompiler#872	0.0019193857965451588	0.0019193857965451588	0.0018873366830592375	!(isAssignmentOp(n))	_
com.google.javascript.jscomp.parsing.JsDocTokenStream#int#getChar#?#365	0.0016181229773463146	0.0019314340898116678	0.0017744513756781655	lineStart > c	_
com.google.javascript.rhino.JSDocInfo#void#lazyInitInfo#?#622	0.0015754233950374674	0.0015754233950374674	0.0015754233950374674	info == null	_
com.google.javascript.jscomp.GlobalNamespace#void#process#?#211	0.0014903129657227732	0.0015625000000000222	0.0015264064828613977	!(externsRoot != null)	_
com.google.javascript.jscomp.GlobalNamespace$BuildGlobalNamespace#void#collect#?,NodeTraversal,Node,Node#309	0.0014903129657227732	0.0014903129657227732	0.0014903129657227732	!(externsRoot != null && n == externsRoot)	_
com.google.javascript.jscomp.GlobalNamespace#void#ensureGenerated#?#142	0.0014903129657227732	0.0014903129657227732	0.0014903129657227732	!generated	_
com.google.javascript.jscomp.CompilerOptions$TweakProcessing#boolean#shouldStrip#?#1959	0.002941176470588225	0.0	0.0014705882352941124		_
com.google.javascript.jscomp.CompilerOptions#boolean#isExternExportsEnabled#?#1334	0.002941176470588225	0.0	0.0014705882352941124		_
com.google.javascript.jscomp.DefaultPassConfig#CompilerPass#runInSerial#?,Collection<CompilerPass>#2198	0.002941176470588225	0.0	0.0014705882352941124		_
com.google.javascript.jscomp.DefaultPassConfig#CompilerPass#runInSerial#?,CompilerPass#2192	0.002941176470588225	0.0	0.0014705882352941124		_
com.google.javascript.jscomp.CompilerOptions#Map<String,Node>#getDefineReplacements#?#918	0.0029325513196480912	0.0	0.0014662756598240456		_
com.google.javascript.jscomp.CompilerOptions#Map<String,Node>#getReplacementsHelper#?,Map<String,Object>#948	0.0029325513196480912	0.0	0.0014662756598240456		_
com.google.javascript.jscomp.JSError#?#JSError#?,String,Node,int,int,DiagnosticType,CheckLevel,String#148	5.485463521667233E-4	0.0022988505747126853	0.0014236984634397043	this.lineNumber == charno	_
com.google.javascript.jscomp.DefaultPassConfig#void#assertAllOneTimePasses#?,List<PassFactory>#803	0.0028169014084507005	0.0	0.0014084507042253502		_
com.google.javascript.jscomp.CompilerOptions#TweakProcessing#getTweakProcessing#?#1352	0.0028169014084507005	0.0	0.0014084507042253502		_
com.google.javascript.jscomp.DefaultPassConfig#PassFactory#createEmptyPass#?,String#2159	0.0028169014084507005	0.0	0.0014084507042253502		_
com.google.javascript.jscomp.CompilerOptions$TweakProcessing#boolean#isOn#?#1955	0.0028169014084507005	0.0	0.0014084507042253502		_
com.google.javascript.jscomp.PhaseOptimizer#?#PhaseOptimizer#?,AbstractCompiler,PerformanceTracker,ProgressRange#86	0.002808988764044895	0.0	0.0014044943820224476		_
com.google.javascript.jscomp.parsing.JsDocTokenStream#JsDocToken#getJsDocToken#?#179	0.0016174686615446632	0.0016174686615446632	0.0013971365532621793	isJSDocString(c2)	_
com.google.javascript.jscomp.Compiler#boolean#precheck#?#752	0.0027932960893854997	0.0	0.0013966480446927498		_
com.google.javascript.jscomp.PassFactory#boolean#isOneTimePass#?#58	0.0027932960893854997	0.0	0.0013966480446927498		_
com.google.javascript.jscomp.CheckSideEffects#?#CheckSideEffects#?,AbstractCompiler,CheckLevel,boolean#59	0.0027700831024930483	0.0	0.0013850415512465242		_
com.google.javascript.jscomp.PhaseOptimizer#void#addOneTimePass#?,PassFactory#153	0.0027548209366391463	0.0	0.0013774104683195731		_
com.google.javascript.jscomp.VarCheck#?#VarCheck#?,AbstractCompiler#83	0.0027472527472527375	0.0	0.0013736263736263687		_
com.google.javascript.jscomp.DefaultPassConfig#State#getIntermediateState#?#148	0.002739726027397249	0.0	0.0013698630136986245		_
com.google.javascript.jscomp.Compiler#Result#getResult#?#921	0.002739726027397249	0.0	0.0013698630136986245		_
com.google.javascript.jscomp.Result#?#Result#?,JSError[],JSError[],String,VariableMap,VariableMap,VariableMap,VariableMap,FunctionInformationMap,SourceMap,String,Map<String,Integer>,String#58	0.002739726027397249	0.0	0.0013698630136986245		_
com.google.javascript.jscomp.PassConfig$State#?#State#?,Map<String,Integer>,Set<String>,CrossModuleMethodMotion.IdGenerator,VariableMap,VariableMap,VariableMap,VariableMap,FunctionNames,String#303	0.002739726027397249	0.0	0.0013698630136986245		_
com.google.javascript.jscomp.BasicErrorManager#void#generateReport#?#60	0.002732240437158473	0.0	0.0013661202185792365		_
com.google.javascript.jscomp.Compiler#Result#compile#?#581	0.002732240437158473	0.0	0.0013661202185792365		_
com.google.javascript.jscomp.Compiler#void#parse#?#708	0.0027247956403270157	0.0	0.0013623978201635079		_
com.google.javascript.jscomp.PhaseOptimizer#void#endPass#?,Node,Node#217	0.0027100271002710175	0.0	0.0013550135501355087		_
com.google.javascript.jscomp.Compiler#T#runInCompilerThread#?,Callable<T>#599	0.0027100271002710175	0.0	0.0013550135501355087		_
com.google.javascript.jscomp.PhaseOptimizer$PassFactoryDelegate#void#processInternal#?,Node,Node#296	0.0027100271002710175	0.0	0.0013550135501355087		_
com.google.javascript.jscomp.Compiler#PassConfig#createPassConfigInternal#?#723	0.0027100271002710175	0.0	0.0013550135501355087		_
com.google.javascript.jscomp.PhaseOptimizer#void#startPass#?,String#203	0.0027100271002710175	0.0	0.0013550135501355087		_
com.google.javascript.jscomp.PhaseOptimizer#boolean#hasHaltingErrors#?#237	0.0027100271002710175	0.0	0.0013550135501355087		_
com.google.javascript.jscomp.PhaseOptimizer$NamedPass#void#process#?,Node,Node#271	0.0027100271002710175	0.0	0.0013550135501355087		_
com.google.javascript.jscomp.PassFactory#String#getName#?#51	0.002702702702702675	0.0	0.0013513513513513375		_
com.google.javascript.jscomp.PhaseOptimizer$PassFactoryDelegate#?#PassFactoryDelegate#?,AbstractCompiler,PassFactory#289	0.002702702702702675	0.0	0.0013513513513513375		_
com.google.javascript.jscomp.PhaseOptimizer$NamedPass#?#NamedPass#?,String#266	0.002702702702702675	0.0	0.0013513513513513375		_
com.google.javascript.jscomp.ProcessDefines$CollectDefines#Map<String,DefineInfo>#getAllDefines#?#272	0.0026315789473684292	0.0	0.0013157894736842146		_
com.google.javascript.jscomp.ProcessDefines$CollectDefines#boolean#shouldTraverse#?,NodeTraversal,Node,Node#283	0.0026315789473684292	0.0	0.0013157894736842146		_
com.google.javascript.jscomp.ProcessDefines#Map<String,DefineInfo>#collectDefines#?,Node,GlobalNamespace#175	0.0026315789473684292	0.0	0.0013157894736842146		_
com.google.javascript.jscomp.ProcessDefines$CollectDefines#void#updateAssignAllowedStack#?,Node,boolean#381	0.0026315789473684292	0.0	0.0013157894736842146		_
com.google.javascript.jscomp.ProcessDefines#?#ProcessDefines#?,AbstractCompiler,Map<String,Node>#101	0.0026315789473684292	0.0	0.0013157894736842146		_
com.google.javascript.jscomp.ProcessDefines$CollectDefines#?#CollectDefines#?,AbstractCompiler,List<Name>#239	0.0026315789473684292	0.0	0.0013157894736842146		_
com.google.javascript.jscomp.ProcessDefines#ProcessDefines#injectNamespace#?,GlobalNamespace#112	0.0026315789473684292	0.0	0.0013157894736842146		_
com.google.javascript.jscomp.SuppressDocWarningsGuard#CheckLevel#level#?,JSError#54	5.56792873051215E-4	0.0020661157024793875	0.0013105273295970776	!(node != null)	_
com.google.javascript.jscomp.DefaultPassConfig#?#DefaultPassConfig#?,CompilerOptions#143	0.0025706940874036244	0.0	0.0012853470437018122		_
com.google.javascript.jscomp.PassFactory#CompilerPass#create#?,AbstractCompiler#89	0.002564102564102555	0.0	0.0012820512820512775		_
com.google.javascript.jscomp.PassConfig#?#PassConfig#?,CompilerOptions#56	0.002557544757033292	0.0	0.001278772378516646		_
com.google.javascript.jscomp.DefaultPassConfig$HotSwapPassFactory#?#HotSwapPassFactory#?,String,boolean#2283	0.002557544757033292	0.0	0.001278772378516646		_
com.google.javascript.jscomp.VarCheck#?#VarCheck#?,AbstractCompiler,boolean#90	0.0024630541871921707	0.0	0.0012315270935960854		_
com.google.javascript.jscomp.Compiler#CheckLevel#getErrorLevel#?,JSError#2000	0.0024630541871921707	0.0	0.0012315270935960854		_
com.google.javascript.jscomp.parsing.JsDocInfoParser#boolean#parse#?#203	0.0011617775196050006	0.001171989452094957	0.0011668834858499788	!(token != JsDocToken.ANNOTATION && token != JsDocToken.EOC)	_
com.google.javascript.jscomp.Tracer#ThreadTrace#getThreadTrace#?#960	0.002024291497975672	0.002024291497975672	0.0011418137987803667	t == null	_
com.google.javascript.rhino.JSDocInfo#Marker#addMarker#?#648	0.0011627906976744429	0.0011627906976744429	0.0011361803696416373	!lazyInitDocumentation()	_
com.google.javascript.rhino.JSDocInfoBuilder#void#markAnnotation#?,String,int,int#151	0.0011095700416088317	0.0011627906976744429	0.0011361803696416373	!(marker != null)	_
com.google.javascript.rhino.JSDocInfoBuilder#void#recordOriginalCommentString#?,String#79	0.001105583195135429	0.0011617775196050006	0.0011336803573702148	!(parseDocumentation)	_
com.google.javascript.rhino.JSDocInfo#boolean#lazyInitDocumentation#?#632	0.0011617775196050006	0.0011617775196050006	0.0011335276103137115	!includeDocumentation	_
com.google.javascript.jscomp.parsing.JsDocTokenStream#boolean#matchChar#?,int#262	0.0011004126547454751	0.0011191941801902416	0.0011098034174678584	tokenEnd < c	_
com.google.javascript.jscomp.parsing.JsDocTokenStream#boolean#isAlpha#?,int#272	0.001105583195135429	0.001105583195135429	0.0011054304480789257	c <= 'Z'	_
com.google.javascript.jscomp.parsing.JsDocInfoParser#?#JsDocInfoParser#?,JsDocTokenStream,Comment,Node,Config,ErrorReporter#138	0.001105583195135429	0.001105583195135429	0.0011046679772586665	commentNode != null	_
com.google.javascript.jscomp.parsing.JsDocInfoParser#JsDocToken#next#?#2273	0.001104057410985404	0.001104057410985404	0.001103905085183654	!(unreadToken == NO_UNREAD_TOKEN)	_
com.google.javascript.jscomp.parsing.JsDocTokenStream#void#addToString#?,int#249	0.001098901098901095	0.001098901098901095	0.001098901098901095	stringBufferTop >= N	_
com.google.javascript.jscomp.parsing.JsDocTokenStream#void#ungetChar#?,int#255	0.001098901098901095	0.001098901098901095	0.001098901098901095	ungetBuffer[ungetCursor++] <= c	_
com.google.javascript.jscomp.parsing.JsDocTokenStream#boolean#isJSSpace#?,int#310	0.001097694840834218	0.001097694840834218	0.001097694840834218	c <= 127	_
com.google.javascript.jscomp.parsing.JsDocTokenStream#int#getOffset#?#447	0.0010973936899862924	0.001097694840834218	0.0010975442654102552	(sourceCursor - lineStart - ungetCursor- 1)== 0	_
com.google.javascript.jscomp.JSError#JSError#make#?,String,int,int,DiagnosticType,String#88	0.002159827213822907	0.0	0.0010799136069114534		_
com.google.javascript.jscomp.Normalize$PropagateConstantAnnotationsOverVars#void#visit#?,NodeTraversal,Node,Node#241	0.0013793103448276334	0.0013793103448276334	9.996365735297497E-4	n.getString().isEmpty()	_
com.google.javascript.jscomp.Compiler#void#initOptions#?,CompilerOptions#261	9.970089730807485E-4	9.970089730807485E-4	9.820634807376494E-4	!options.checkTypes	_
com.google.javascript.rhino.JSDocInfo#void#setNoSideEffects#?,boolean#406	0.0019493177387914784	0.0	9.746588693957392E-4		_
com.google.javascript.rhino.JSDocInfoBuilder#boolean#hasAnySingletonSideEffectTags#?#991	0.0019157088122605526	0.0	9.578544061302763E-4		_
com.google.javascript.rhino.JSDocInfo#boolean#hasModifies#?#1491	0.0019157088122605526	0.0	9.578544061302763E-4		_
com.google.javascript.rhino.JSDocInfo#boolean#isNoSideEffects#?#563	0.0019047619047618536	0.0	9.523809523809268E-4		_
com.google.javascript.jscomp.DiagnosticGroup#DiagnosticGroup#forType#?,DiagnosticType#71	9.157509157509125E-4	9.433962264151496E-4	9.295735710830311E-4	!(!singletons.containsKey(type))	_
com.google.javascript.jscomp.DiagnosticGroup#boolean#isSubGroup#?,DiagnosticGroup#118	8.992805755395628E-4	8.992805755395628E-4	8.992805755395628E-4	!matches(type)	_
com.google.javascript.jscomp.GoogleCodingConvention#boolean#isConstantKey#?,String#91	0.0010964912280702066	0.0010964912280702066	8.829176354541168E-4	!(name.isEmpty() || !Character.isUpperCase(name.charAt(0)))	_
com.google.javascript.jscomp.parsing.JsDocTokenStream#void#ungetCharIgnoreLineEnd#?,int#439	8.097165991902688E-4	8.097165991902688E-4	8.097165991902688E-4	ungetBuffer[ungetCursor++] == c	_
com.google.javascript.jscomp.parsing.JsDocInfoParser#void#skipEOLs#?#2294	4.873294346978696E-4	0.0011049723756906271	7.952046344472663E-4	!(match(JsDocToken.EOL))	_
com.google.javascript.jscomp.NodeUtil#JSDocInfo#getFunctionJSDocInfo#?,Node#2821	9.514747859181716E-4	9.514747859181716E-4	7.896105881882165E-4	parent.isName()	_
com.google.javascript.jscomp.GlobalNamespace#Map<String,Name>#getNameIndex#?#162	0.0015748031496063408	0.0	7.874015748031704E-4		_
com.google.javascript.jscomp.GlobalNamespace#?#GlobalNamespace#?,AbstractCompiler,Node#79	0.0015625000000000222	0.0	7.812500000000111E-4		_
com.google.javascript.jscomp.NodeUtil#boolean#isConstantByConvention#?,CodingConvention,Node,Node#2799	9.32835820895539E-4	9.32835820895539E-4	7.690813487044035E-4	parent.isGetProp() && node == parent.getLastChild()	_
com.google.javascript.jscomp.MakeDeclaredNamesUnique#void#findDeclaredNames#?,Node,Node,Renamer#220	9.233610341643494E-4	9.233610341643494E-4	7.605448326828967E-4	NodeUtil.isFunctionDeclaration(n)	_
com.google.javascript.jscomp.GlobalNamespace$BuildGlobalNamespace#?#BuildGlobalNamespace#?,Predicate<Node>#289	0.0014903129657227732	0.0	7.451564828613866E-4		_
com.google.javascript.jscomp.GlobalNamespace$BuildGlobalNamespace#boolean#shouldTraverse#?,NodeTraversal,Node,Node#298	0.0014903129657227732	0.0	7.451564828613866E-4		_
com.google.javascript.jscomp.GlobalNamespace$BuildGlobalNamespace#?#BuildGlobalNamespace#?#281	0.0014903129657227732	0.0	7.451564828613866E-4		_
com.google.javascript.jscomp.GlobalNamespace#?#GlobalNamespace#?,AbstractCompiler,Node,Node#96	0.0014903129657227732	0.0	7.451564828613866E-4		_
com.google.javascript.jscomp.Normalize$NormalizeStatements#void#normalizeFunctionDeclaration#?,Node#456	7.446016381236209E-4	7.446016381236209E-4	7.446016381236209E-4	!(!NodeUtil.isFunctionExpression(n) && !NodeUtil.isHoistedFunctionDeclaration(n))	_
com.google.javascript.jscomp.MakeDeclaredNamesUnique#boolean#shouldTraverse#?,NodeTraversal,Node,Node#117	7.347538574578039E-4	7.434944237918462E-4	7.39124140624825E-4	!(name != null && !name.isEmpty() && parent != null && !NodeUtil.isFunctionDeclaration(n))	_
com.google.javascript.jscomp.NodeUtil#boolean#isSimpleOperatorType#?,int#739	0.0014326647564469885	0.0	7.163323782234943E-4		_
com.google.javascript.jscomp.parsing.JsDocTokenStream#boolean#isJSDocString#?,int#298	0.0014154281670205604	0.0	7.077140835102802E-4		_
com.google.javascript.jscomp.GoogleCodingConvention#boolean#isConstant#?,String#79	6.958942240778976E-4	7.10732054015617E-4	7.016264148194673E-4	!(pos >= 0)	_
com.google.javascript.jscomp.Normalize$NormalizeStatements#void#doStatementNormalizations#?,NodeTraversal,Node,Node#516	7.446016381236209E-4	7.446016381236209E-4	6.745982797631278E-4	n.isFunction()	_
com.google.javascript.jscomp.Normalize$NormalizeStatements#void#splitVarDeclarations#?,Node#621	6.729475100941684E-4	6.729475100941684E-4	6.729475100941684E-4	!(assertOnChange && !c.hasChildren())	_
com.google.javascript.jscomp.MakeDeclaredNamesUnique#void#exitScope#?,NodeTraversal#100	7.347538574578039E-4	7.347538574578039E-4	6.66241244329624E-4	!t.inGlobalScope()	_
com.google.javascript.jscomp.MakeDeclaredNamesUnique#void#enterScope#?,NodeTraversal#79	7.347538574578039E-4	7.347538574578039E-4	6.66241244329624E-4	!(nameStack.isEmpty())	_
com.google.javascript.jscomp.Normalize#void#process#?,Node,Node#150	6.19962802231866E-4	6.203473945409765E-4	6.199630405170908E-4	!(!findExposeAnnotations.exposedProperties.isEmpty())	_
com.google.javascript.jscomp.Normalize$FindExposeAnnotations#void#visit#?,NodeTraversal,Node,Node#174	6.195786864932051E-4	6.195786864932051E-4	6.195786864932051E-4	!(NodeUtil.isObjectLitKey(n,parent) && n.isString() && isMarkedExpose(n))	_
com.google.javascript.jscomp.parsing.JsDocInfoParser#void#setFileLevelJsDocBuilder#?,Node.FileLevelJsDocBuilder#108	0.0012334258402713072	0.0	6.167129201356536E-4		_
com.google.javascript.jscomp.Normalize$NormalizeStatements#void#annotateConstantsByConvention#?,Node,Node#431	6.05326876513268E-4	6.116207951070152E-4	6.084738358101416E-4	!(!isMarkedConstant && NodeUtil.isConstantByConvention(compiler.getCodingConvention(),n,parent))	_
com.google.javascript.rhino.Node#void#setJSDocInfo#?,JSDocInfo#1876	0.001210653753026647	0.0	6.053268765133235E-4		_
com.google.javascript.jscomp.Normalize$NormalizeStatements#void#visit#?,NodeTraversal,Node,Node#405	7.446016381236209E-4	6.05326876513268E-4	6.05326876513268E-4	!compiler.getLifeCycleStage().isNormalizedObfuscated()	_
com.google.javascript.jscomp.Normalize$NormalizeStatements#void#extractForInitializer#?,Node,Node,Node#563	6.045949214026347E-4	6.045949214026347E-4	6.045949214026347E-4	c != null	_
com.google.javascript.rhino.Node#Object#getProp#?,int#815	6.183335909722976E-4	6.183335909722976E-4	6.02164158509888E-4	item == null	_
com.google.javascript.jscomp.MakeDeclaredNamesUnique#void#visit#?,NodeTraversal,Node,Node#163	7.347538574578039E-4	5.984440454817053E-4	5.982650849418181E-4	!(newName != null)	_
com.google.javascript.jscomp.MakeDeclaredNamesUnique#String#getReplacementName#?,String#201	5.984440454817053E-4	5.984440454817053E-4	5.982650849418181E-4	!(newName != null)	_
com.google.javascript.rhino.Node#PropListItem#removeProp#?,PropListItem,int#801	5.89448865310982E-4	5.89448865310982E-4	5.89448865310982E-4	!(result != item.getNext())	_
com.google.javascript.rhino.Node#void#putProp#?,int,Object#853	5.903187721369996E-4	5.903187721369996E-4	5.887589163092732E-4	value != null	_
com.google.javascript.jscomp.parsing.Config#Map<String,Annotation>#buildAnnotationNames#?,Set<String>#94	5.884083553986397E-4	5.884083553986397E-4	5.884083553986397E-4	!(!Annotation.recognizedAnnotations.containsKey(unrecognizedAnnotation))	_
com.google.javascript.rhino.Node$AbstractPropListItem#int#getType#?#284	5.830053927998735E-4	5.830053927998735E-4	5.830053927998735E-4	(propType)!= 0	_
com.google.javascript.rhino.Node$AbstractPropListItem#?#AbstractPropListItem#?,int,PropListItem#278	5.823263939438439E-4	5.823263939438439E-4	5.823263939438439E-4	this.propType >= propType	_
com.google.javascript.rhino.Node#void#removeProp#?,int#783	5.818181818181278E-4	5.818181818181278E-4	5.818181818181278E-4	!(result != propListHead)	_
com.google.javascript.rhino.Node#?#Node#?,int#362	5.733123118818462E-4	5.733123118818462E-4	5.733123118818462E-4	type >= nodeType	_
com.google.javascript.jscomp.Compiler#Config#getParserConfig#?#1941	0.0011123470522803602	1.781261132881573E-4	5.561735261401801E-4		_
com.google.javascript.jscomp.ComposeWarningsGuard#CheckLevel#level#?,JSError#114	5.844535359439407E-4	5.56792873051215E-4	5.555582990533492E-4	!(newLevel != null)	_
com.google.javascript.rhino.JSDocInfoBuilder#boolean#isPopulatedWithFileOverview#?#102	0.0011058888581697568	0.0	5.529444290848784E-4		_
com.google.javascript.jscomp.parsing.JsDocInfoParser#boolean#hasParsedFileOverviewDocInfo#?#2307	0.0011058888581697568	0.0	5.529444290848784E-4		_
com.google.javascript.rhino.JSDocInfoBuilder#boolean#isPopulated#?#93	0.0011058888581697568	0.0	5.529444290848784E-4		_
com.google.javascript.jscomp.parsing.JsDocInfoParser#JSDocInfo#retrieveAndResetParsedJSDocInfo#?#2315	0.0011058888581697568	0.0	5.529444290848784E-4		_
com.google.javascript.rhino.JSDocInfoBuilder#boolean#shouldParseDocumentation#?#85	0.001105583195135429	0.0	5.527915975677145E-4		_
com.google.javascript.jscomp.parsing.JsDocInfoParser#JsDocToken#current#?#2286	0.001104057410985404	0.0	5.52028705492702E-4		_
com.google.javascript.jscomp.parsing.JsDocInfoParser#boolean#match#?,JsDocToken#2256	0.001104057410985404	0.0	5.52028705492702E-4		_
com.google.javascript.jscomp.parsing.JsDocInfoParser#Node#createTemplateNode#?#2195	0.001103752759381904	0.0	5.51876379690952E-4		_
com.google.javascript.jscomp.parsing.JsDocTokenStream#String#getString#?#232	0.0010995052226497881	0.0	5.497526113248941E-4		_
com.google.javascript.jscomp.parsing.JsDocTokenStream#String#getStringFromBuffer#?#237	0.001098901098901095	0.0	5.494505494505475E-4		_
com.google.javascript.rhino.JSDocInfoBuilder#?#JSDocInfoBuilder#?,boolean#70	0.0010890280424721288	0.0	5.445140212360644E-4		_
com.google.javascript.rhino.JSDocInfo#?#JSDocInfo#?,boolean#334	0.0010845986984815426	0.0	5.422993492407713E-4		_
com.google.javascript.jscomp.NodeTraversal#Compiler#getCompiler#?#401	0.00108108108108107	0.0	5.40540540540535E-4		_
com.google.javascript.jscomp.DiagnosticType#int#hashCode#?#121	4.4150110375273943E-4	6.385696040868138E-4	5.400353539197766E-4	(key.hashCode())<= 0	_
com.google.javascript.rhino.IR#Node#script#?,Node#118	0.0010796221322537658	0.0	5.398110661268829E-4		_
com.google.javascript.jscomp.DiagnosticGroupWarningsGuard#boolean#enables#?,DiagnosticGroup#50	3.436426116838476E-4	8.992805755395628E-4	5.323259170074146E-4	!(level.isOn())	_
com.google.javascript.jscomp.SyntacticScopeCreator#void#scanVars#?,Node,Node#137	5.211047420531356E-4	5.211047420531356E-4	5.211047420531356E-4	!(NodeUtil.isFunctionExpression(n))	_
com.google.javascript.jscomp.parsing.IRFactory#?#IRFactory#?,String,StaticSourceFile,Config,ErrorReporter#144	9.803921568627416E-4	0.0	4.901960784313708E-4		_
com.google.javascript.jscomp.CompilerOptions#boolean#disables#?,DiagnosticGroup#1035	9.157509157509125E-4	0.0	4.5787545787545625E-4		_
com.google.javascript.jscomp.AstValidator#void#validateVar#?,Node#398	4.1425020712515526E-4	5.656108597285048E-4	4.565371880296265E-4	!(c.hasChildren())	_
com.google.javascript.rhino.JSDocInfoBuilder#boolean#recordReturnType#?,JSTypeExpression#482	4.4682752457547714E-4	4.4682752457547714E-4	4.4662804800205125E-4	jsType != null && currentInfo.getReturnType() == null && !hasAnySingletonTypeTags()	_
com.google.javascript.jscomp.NodeUtil#boolean#mayHaveSideEffects#?,Node,AbstractCompiler#775	8.88888888888939E-4	0.0	4.444444444444695E-4		_
com.google.javascript.jscomp.SyntacticScopeCreator#void#scanRoot#?,Node,Scope#100	4.315925766076312E-4	4.3630017452012115E-4	4.3394637556387616E-4	!(!fnName.isEmpty() && NodeUtil.isFunctionExpression(n))	_
com.google.javascript.rhino.JSDocInfo#JSTypeExpression#getType#?,int#1102	4.4345898004438666E-4	4.4345898004438666E-4	4.2006348446882447E-4	!((MASK_TYPEFIELD & bitset) == typefield)	_
com.google.javascript.rhino.JSDocInfoBuilder#boolean#recordType#?,JSTypeExpression#435	4.1305245766209975E-4	4.1305245766209975E-4	4.1262680591264145E-4	type != null && !hasAnyTypeRelatedTags()	_
com.google.javascript.rhino.JSDocInfo#int#getExtendedInterfacesCount#?#1299	4.0128410914930246E-4	4.0128410914930246E-4	4.0128410914930246E-4	(0)>= 0	_
com.google.javascript.jscomp.parsing.JsDocInfoParser#Node#parseTypeExpressionAnnotation#?,JsDocToken#1536	3.9635354736422546E-4	3.9635354736422546E-4	3.958833770826842E-4	!(!match(JsDocToken.RC))	_
com.google.javascript.jscomp.parsing.JsDocInfoParser#boolean#lookAheadForTypeAnnotation#?#2340	3.971405877680745E-4	3.971405877680745E-4	3.9312282306691593E-4	c == '{'	_
com.google.javascript.rhino.JSDocInfo#void#setType#?,JSTypeExpression,int#1023	3.8699690402477227E-4	3.89711613406063E-4	3.883542587154176E-4	this.bitset <= mask	_
com.google.javascript.jscomp.SyntacticScopeCreator#Scope#createScope#?,Node,Scope#70	4.374453193350947E-4	4.374453193350947E-4	3.86114691806827E-4	!(parent == null)	_
com.google.javascript.jscomp.parsing.JsDocInfoParser#Node#parseAndRecordTypeNode#?,JsDocToken,int,int,boolean,boolean#1148	3.8565368299270375E-4	3.8565368299270375E-4	3.7960308355838857E-4	!(onlyParseSimpleNames)	_
com.google.javascript.jscomp.parsing.JsDocInfoParser#Node#parseTopLevelTypeExpression#?,JsDocToken#1627	3.7636432066234793E-4	3.7893141341416303E-4	3.7666151352100385E-4	!(match(JsDocToken.PIPE))	_
com.google.javascript.rhino.JSDocInfo#int#getParameterCount#?#996	3.7608123354648804E-4	3.7608123354648804E-4	3.7608123354648804E-4	(0)<= 0	_
com.google.javascript.jscomp.parsing.IRFactory#int#position2charno#?,int#372	3.595828838547366E-4	3.89711613406063E-4	3.746472486303998E-4	(position - lineIndex - 1)== 0	_
com.google.javascript.jscomp.parsing.JsDocInfoParser#Node#parseBasicTypeExpression#?,JsDocToken#1736	3.7299515106303804E-4	3.7299515106303804E-4	3.7264798506242425E-4	!("null".equals(string) || "undefined".equals(string))	_
com.google.javascript.jscomp.parsing.JsDocInfoParser#Node#parseTypeExpression#?,JsDocToken#1705	3.7230081906181045E-4	3.724394785847851E-4	3.723701488232978E-4	!(match(JsDocToken.BANG))	_
com.google.javascript.jscomp.Normalize$NormalizeStatements#void#moveNamedFunctions#?,Node#644	7.446016381236209E-4	0.0	3.7230081906181045E-4		_
com.google.javascript.jscomp.MakeDeclaredNamesUnique$ContextualRenamer#?#ContextualRenamer#?,Multiset<String>#446	7.396449704142327E-4	0.0	3.6982248520711636E-4		_
com.google.javascript.jscomp.MakeDeclaredNamesUnique$ContextualRenamer#Renamer#forChildScope#?#455	7.396449704142327E-4	0.0	3.6982248520711636E-4		_
com.google.javascript.rhino.Node#PropListItem#lookupProperty#?,int#761	5.811419439197829E-4	5.811419439197829E-4	3.6922442484649265E-4	!(x != null && propType != x.getType())	_
com.google.javascript.rhino.JSDocInfoBuilder#void#markTypeNode#?,Node,int,int,int,int,boolean#183	3.6023054755041084E-4	3.7693177534869893E-4	3.685811614495549E-4	!(currentMarker != null)	_
com.google.javascript.rhino.Node#?#Node#?,int,int,int#448	3.495281370150538E-4	3.831417624521327E-4	3.6633494973359326E-4	sourcePosition > charno	_
com.google.javascript.rhino.JSDocInfoBuilder#boolean#recordConstructor#?#702	3.664345914253797E-4	3.664345914253797E-4	3.6623340112995617E-4	!hasAnySingletonTypeTags() && !currentInfo.isConstructor() && !currentInfo.isInterface()	_
com.google.javascript.jscomp.parsing.JsDocInfoParser#Node#parseTypeName#?,JsDocToken#1771	3.619254433586683E-4	3.620564808110016E-4	3.6199096208483494E-4	!(match(JsDocToken.LT))	_
com.google.javascript.rhino.Node$StringNode#?#StringNode#?,int,String,int,int#206	3.5739814152968563E-4	3.5739814152968563E-4	3.5739814152968563E-4	!(null == str)	_
com.google.javascript.jscomp.Scope#?#Scope#?,Scope,Node#397	4.6794571829666953E-4	4.6794571829666953E-4	3.4920678401584304E-4	!(nodeType != null && nodeType.isFunctionType())	_
com.google.javascript.jscomp.parsing.JsDocInfoParser#JsDocToken#eatTokensUntilEOL#?,JsDocToken#2226	4.1017227235440323E-4	4.1017227235440323E-4	3.483526118219227E-4	!(token == JsDocToken.EOL || token == JsDocToken.EOC || token == JsDocToken.EOF)	_
com.google.javascript.jscomp.SyntacticScopeCreator#void#declareVar#?,Node#238	3.4818941504177747E-4	3.4818941504177747E-4	3.4818941504177747E-4	!(scope.isDeclared(name,false) || (scope.isLocal() && name.equals(ARGUMENTS)))	_
com.google.javascript.jscomp.ComposeWarningsGuard#boolean#enables#?,DiagnosticGroup#153	3.5919540229889524E-4	3.42348510783963E-4	3.42348510783963E-4	!(guard.disables(group))	_
com.google.javascript.jscomp.parsing.IRFactory$TransformDispatcher#Node#processVariableInitializer#?,VariableInitializer#1066	2.605523710266233E-4	4.5829514207151867E-4	3.3901353456028405E-4	!(initializerNode.getInitializer() != null)	_
com.google.javascript.jscomp.AstValidator#void#validateMaximumChildCount#?,Node,int#809	3.2637075718011666E-4	3.2637075718011666E-4	3.230319259046599E-4	i == 1	_
com.google.javascript.rhino.JSDocInfo#void#setFlag#?,boolean,int#422	3.1715826197276087E-4	3.1715826197276087E-4	3.1715826197276087E-4	value	_
com.google.javascript.rhino.Node#FileLevelJsDocBuilder#getJsDocBuilderForNode#?#1835	6.248047485161168E-4	0.0	3.124023742580584E-4		_
com.google.javascript.jscomp.Normalize$PropagateConstantAnnotationsOverVars#?#PropagateConstantAnnotationsOverVars#?,AbstractCompiler,boolean#229	6.195786864932051E-4	0.0	3.0978934324660257E-4		_
com.google.javascript.jscomp.Normalize$PropagateConstantAnnotationsOverVars#void#process#?,Node,Node#234	6.195786864932051E-4	0.0	3.0978934324660257E-4		_
com.google.javascript.jscomp.Normalize$ScopeTicklingCallback#void#enterScope#?,NodeTraversal#824	6.195786864932051E-4	0.0	3.0978934324660257E-4		_
com.google.javascript.jscomp.Normalize$ScopeTicklingCallback#boolean#shouldTraverse#?,NodeTraversal,Node,Node#835	6.195786864932051E-4	0.0	3.0978934324660257E-4		_
com.google.javascript.jscomp.SyntacticScopeCreator#?#SyntacticScopeCreator#?,AbstractCompiler,RedeclarationHandler#63	6.195786864932051E-4	0.0	3.0978934324660257E-4		_
com.google.javascript.jscomp.Normalize#void#removeDuplicateDeclarations#?,Node,Node#697	6.195786864932051E-4	0.0	3.0978934324660257E-4		_
com.google.javascript.rhino.Node#JSDocInfo#getJSDocInfo#?#1869	6.194827319188079E-4	0.0	3.0974136595940394E-4		_
com.google.javascript.jscomp.Normalize#?#Normalize#?,AbstractCompiler,boolean#81	6.191950464395912E-4	0.0	3.095975232197956E-4		_
com.google.javascript.jscomp.parsing.IRFactory#boolean#handlePossibleFileOverviewJsDoc#?,JsDocInfoParser#247	3.0892801977144835E-4	3.0892801977144835E-4	3.088326421796239E-4	!(jsDocParser.getFileOverviewJSDocInfo() != fileOverviewInfo)	_
com.google.javascript.jscomp.parsing.IRFactory#JSDocInfo#handleJsDoc#?,AstNode,Node#265	3.0892801977144835E-4	3.0892801977144835E-4	3.088326421796239E-4	!handlePossibleFileOverviewJsDoc(jsDocParser)	_
com.google.javascript.jscomp.AbstractCompiler#void#setLifeCycleStage#?,LifeCycleStage#242	6.134969325153339E-4	0.0	3.0674846625766694E-4		_
com.google.javascript.jscomp.MakeDeclaredNamesUnique$ContextualRenamer#void#reserveName#?,String#493	6.134969325153339E-4	0.0	3.0674846625766694E-4		_
com.google.javascript.jscomp.AstValidator#void#validateExpression#?,Node#268	6.134969325153339E-4	0.0	3.0674846625766694E-4		_
com.google.javascript.jscomp.AbstractCompiler$LifeCycleStage#boolean#isNormalizedObfuscated#?#289	6.05326876513268E-4	0.0	3.02663438256634E-4		_
com.google.javascript.jscomp.NodeTraversal#void#traverseRoots#?,Node#285	6.05326876513268E-4	0.0	3.02663438256634E-4		_
com.google.javascript.jscomp.Normalize$NormalizeStatements#?#NormalizeStatements#?,AbstractCompiler,boolean#363	6.045949214026347E-4	0.0	3.0229746070131736E-4		_
com.google.javascript.jscomp.Normalize$NormalizeStatements#boolean#shouldTraverse#?,NodeTraversal,Node,Node#377	6.045949214026347E-4	0.0	3.0229746070131736E-4		_
com.google.javascript.jscomp.MakeDeclaredNamesUnique#?#MakeDeclaredNamesUnique#?#64	6.045949214026347E-4	0.0	3.0229746070131736E-4		_
com.google.javascript.jscomp.MakeDeclaredNamesUnique$ContextualRenamer#String#getReplacementName#?,String#482	6.045949214026347E-4	0.0	3.0229746070131736E-4		_
com.google.javascript.jscomp.MakeDeclaredNamesUnique$ContextualRenamer#?#ContextualRenamer#?#439	6.042296072507058E-4	0.0	3.021148036253529E-4		_
com.google.javascript.rhino.Node#void#setInputId#?,InputId#1117	6.031363088058184E-4	0.0	3.015681544029092E-4		_
com.google.javascript.rhino.InputId#?#InputId#?,String#52	6.019563581640686E-4	0.0	3.009781790820343E-4		_
com.google.javascript.rhino.Node#Node#getChildAtIndex#?,int#568	3.002101471030194E-4	3.002101471030194E-4	3.002101471030194E-4	i > 0	_
com.google.javascript.rhino.Node#StaticSourceFile#getStaticSourceFile#?#1110	5.999700014999165E-4	0.0	2.9998500074995826E-4		_
com.google.javascript.rhino.Node$ObjectPropListItem#Object#getObjectValue#?#315	5.991611743558778E-4	0.0	2.995805871779389E-4		_
com.google.javascript.jscomp.AstValidator#void#validateOptionalName#?,Node#346	5.980861244019309E-4	0.0	2.9904306220096544E-4		_
com.google.javascript.jscomp.AstValidator#void#validateFunctionExpression#?,Node#359	5.980861244019309E-4	0.0	2.9904306220096544E-4		_
com.google.javascript.jscomp.MakeDeclaredNamesUnique#?#MakeDeclaredNamesUnique#?,Renamer#68	5.97728631201444E-4	0.0	2.98864315600722E-4		_
com.google.javascript.rhino.Node#PropListItem#createProp#?,int,Object,PropListItem#870	5.903187721369996E-4	0.0	2.951593860684998E-4		_
com.google.javascript.rhino.Node$ObjectPropListItem#?#ObjectPropListItem#?,int,Object,PropListItem#305	5.903187721369996E-4	0.0	2.951593860684998E-4		_
com.google.javascript.rhino.Node#void#setStaticSourceFile#?,StaticSourceFile#1095	5.887547836326279E-4	0.0	2.9437739181631395E-4		_
com.google.javascript.jscomp.AstValidator#void#validateMinimumChildCount#?,Node,int#792	2.952465308532215E-4	2.952465308532215E-4	2.9407903578398953E-4	i == 1	_
com.google.javascript.jscomp.parsing.Config#?#Config#?,Set<String>,Set<String>,boolean,LanguageMode,boolean#80	5.878894767783471E-4	0.0	2.9394473838917357E-4		_
com.google.javascript.rhino.Node$AbstractPropListItem#PropListItem#getNext#?#289	5.85908891167386E-4	0.0	2.92954445583693E-4		_
com.google.javascript.jscomp.AstValidator#void#validateChildCount#?,Node,int#778	3.02388872089554E-4	3.02388872089554E-4	2.8981378730619234E-4	i == 1	_
com.google.javascript.jscomp.Scope$Var#JSDocInfo#getJSDocInfo#?#273	5.780346820809523E-4	0.0	2.8901734104047616E-4		_
com.google.javascript.jscomp.AbstractCompiler$LifeCycleStage#boolean#isNormalized#?#281	5.770340450086398E-4	0.0	2.885170225043199E-4		_
com.google.javascript.rhino.Node#NodeMismatch#checkTreeEqualsImpl#?,Node#1458	2.844950213370945E-4	2.845759817871052E-4	2.8453550156209984E-4	!(res != null)	_
com.google.javascript.rhino.Node#String#checkTreeEquals#?,Node#1429	2.842524161454918E-4	2.842524161454918E-4	2.842120279079041E-4	!(diff != null)	_
com.google.javascript.rhino.Node#boolean#isEquivalentTo#?,Node,boolean,boolean#1543	2.8105677346823565E-4	2.8409090909087276E-4	2.825738412795542E-4	!(recurse)	_
com.google.javascript.jscomp.AbstractCompiler#LifeCycleStage#getLifeCycleStage#?#177	5.643340857788282E-4	0.0	2.821670428894141E-4		_
com.google.javascript.jscomp.DiagnosticGroup#boolean#matches#?,JSError#103	5.611672278339475E-4	0.0	2.8058361391697373E-4		_
com.google.javascript.jscomp.DiagnosticGroupWarningsGuard#CheckLevel#level#?,JSError#40	5.611672278339475E-4	0.0	2.8058361391697373E-4		_
com.google.javascript.jscomp.JSError#DiagnosticType#getType#?#169	5.611672278339475E-4	0.0	2.8058361391697373E-4		_
com.google.javascript.jscomp.AstValidator#void#validateNonEmptyString#?,Node#327	2.804262478968145E-4	2.804262478968145E-4	2.804262478968145E-4	!(n.getString().isEmpty())	_
com.google.javascript.jscomp.AstValidator#void#validateNonNullString#?,Node#333	2.802690582959233E-4	2.802690582959233E-4	2.802690582959233E-4	!(n.getString() == null)	_
com.google.javascript.jscomp.AstValidator#void#validateCodeRoot#?,Node#78	2.797202797202303E-4	2.797202797202303E-4	2.797202797202303E-4	c != null	_
com.google.javascript.jscomp.CodeGenerator#void#add#?,Node,Context#384	2.7412280701755165E-4	2.8441410693968994E-4	2.792684569786208E-4	!(preferLineBreaks)	_
com.google.javascript.jscomp.CodePrinter$Builder#Builder#setLineLengthThreshold#?,int#613	2.7816411682890507E-4	2.7816411682890507E-4	2.7816411682890507E-4	this.lineLengthThreshold == threshold	_
com.google.javascript.jscomp.AstValidator#void#validateScript#?,Node#88	2.7723870252283067E-4	2.7723870252283067E-4	2.7723870252283067E-4	c != null	_
com.google.javascript.jscomp.AstValidator#void#validateHasInputId#?,Node#307	2.768549280177668E-4	2.770850651150347E-4	2.7696999656640076E-4	!(inputId == null)	_
com.google.javascript.jscomp.AstValidator#void#validateHasSourceName#?,Node#300	2.768549280177668E-4	2.770850651150347E-4	2.7696999656640076E-4	!(sourceName == null || sourceName.isEmpty())	_
com.google.javascript.jscomp.AstValidator#void#validateIsSynthetic#?,Node#293	2.768549280177668E-4	2.770850651150347E-4	2.7696999656640076E-4	!(!n.getBooleanProp(Node.SYNTHETIC_BLOCK_PROP))	_
com.google.javascript.jscomp.AstValidator#void#validateNodeType#?,int,Node#767	2.768549280177668E-4	2.769315978953246E-4	2.768932629565457E-4	!(n.getType() != type)	_
com.google.javascript.rhino.JSDocInfoBuilder#void#populateDefaults#?,JSDocInfo#139	2.773155851358844E-4	2.773155851358844E-4	2.7677933952924283E-4	info.getVisibility() == null	_
com.google.javascript.jscomp.parsing.IRFactory$TransformDispatcher#Node#processFunctionNode#?,FunctionNode#622	2.767017155506091E-4	2.767017155506091E-4	2.767017155506091E-4	!(functionType != FunctionNode.FUNCTION_EXPRESSION)	_
com.google.javascript.jscomp.CodePrinter$CompactCodePrinter#void#endFile#?#516	2.7639579878391274E-4	2.7639579878391274E-4	2.7639579878391274E-4	!preferLineBreakAtEndOfFile	_
com.google.javascript.jscomp.CodePrinter#String#toSource#?,Node,Format,boolean,boolean,int,SourceMap,SourceMap.DetailLevel,Charset,boolean#715	2.7300027300025675E-4	2.768549280177668E-4	2.7492760050901177E-4	!(createSourceMap)	_
com.google.javascript.jscomp.CodePrinter$MappedCodePrinter#void#endSourceMapping#?,Node#114	2.7300027300025675E-4	2.7631942525563336E-4	2.7465984912794505E-4	!(createSrcMap && !mappings.isEmpty() && mappings.peek().node == node)	_
com.google.javascript.jscomp.CodePrinter$MappedCodePrinter#void#startSourceMapping#?,Node#93	2.7300027300025675E-4	2.7631942525563336E-4	2.7465984912794505E-4	!(createSrcMap && node.getSourceFileName() != null && node.getLineno() > 0 && sourceMapDetailLevel.apply(node))	_
com.google.javascript.rhino.Node#int#mergeLineCharNo#?,int,int#1197	2.7457440966505153E-4	2.7457440966505153E-4	2.7457440966505153E-4	(-1)<= 0	_
com.google.javascript.jscomp.CodePrinter$MappedCodePrinter#?#MappedCodePrinter#?,int,boolean,SourceMap.DetailLevel#62	2.7300027300025675E-4	2.730748225013846E-4	2.730375477508207E-4	this.lineLengthThreshold == lineLengthThreshold	_
com.google.javascript.jscomp.CodePrinter$Builder#String#build#?#658	2.7300027300025675E-4	2.7300027300025675E-4	2.7300027300025675E-4	!(root == null)	_
com.google.javascript.jscomp.CodeGenerator#?#CodeGenerator#?,CodeConsumer,Charset#51	2.7300027300025675E-4	2.7300027300025675E-4	2.7300027300025675E-4	outputCharset == null || outputCharset == Charsets.US_ASCII	_
com.google.javascript.jscomp.BasicErrorManager#int#getWarningCount#?#81	2.5987525987525295E-4	2.783964365256075E-4	2.6913584820043024E-4	(warningCount)== 0	_
com.google.javascript.jscomp.Compiler#Tracer#newTracer#?,String#903	2.6028110359188616E-4	2.6028110359188616E-4	2.6028110359188616E-4	!(options.tracer.isOn())	_
com.google.javascript.jscomp.Compiler#void#stopTracer#?,Tracer,String#911	2.6028110359188616E-4	2.6028110359188616E-4	2.6028110359188616E-4	!(options.tracer.isOn())	_
com.google.javascript.jscomp.Tracer#long#stop#?#441	2.593360995850613E-4	2.593360995850613E-4	2.593360995850613E-4	(stop(-1))== 0	_
com.google.javascript.jscomp.Tracer#long#stop#?,int#412	2.593360995850613E-4	2.593360995850613E-4	2.593360995850613E-4	!trace.isInitialized()	_
com.google.javascript.jscomp.Tracer#?#Tracer#?,String,String#253	2.593360995850613E-4	2.593360995850613E-4	2.593360995850613E-4	!trace.isInitialized()	_
com.google.javascript.jscomp.NodeUtil#boolean#isExprAssign#?,Node#1542	5.165289256198191E-4	0.0	2.5826446280990956E-4		_
com.google.javascript.rhino.jstype.JSTypeRegistry#FunctionType#createFunctionType#?,JSType,boolean,JSType#1238	2.5759917568268786E-4	2.5759917568268786E-4	2.574997165414872E-4	lastVarArgs	_
com.google.javascript.rhino.jstype.JSTypeRegistry#Node#createParameters#?,boolean,JSType#1220	2.5673940949932916E-4	2.5673940949932916E-4	2.561162555927976E-4	!(lastVarArgs && i == max)	_
com.google.javascript.jscomp.ComposeWarningsGuard$GuardComparator#int#compare#?,WarningsGuard,WarningsGuard#70	1.6498927569708055E-4	3.438789546079679E-4	2.541357620319262E-4	(orderOfAddition.get(b).intValue() - orderOfAddition.get(a).intValue())< 0	_
com.google.javascript.rhino.Node#boolean#isLabel#?#2287	5.015045135405849E-4	0.0	2.5075225677029245E-4		_
com.google.javascript.jscomp.Compiler#void#initCompilerOptionsIfTesting#?#1477	2.399808015358662E-4	2.58799171842683E-4	2.493899866892746E-4	!(options == null)	_
com.google.javascript.rhino.jstype.FunctionType#void#setPrototypeBasedOn#?,ObjectType,Node#359	2.4648755237866027E-4	2.4648755237866027E-4	2.460335600792951E-4	baseType.hasReferenceName() || isNativeObjectType() || baseType.isFunctionPrototypeType()	_
com.google.javascript.jscomp.NodeUtil#JSDocInfo#getBestJSDocInfo#?,Node#3019	2.7181299266110237E-4	2.7181299266110237E-4	2.4235742245359848E-4	parent.isVar() && parent.hasOneChild()	_
com.google.javascript.jscomp.NodeUtil#boolean#isVarDeclaration#?,Node#1515	4.7915668423570423E-4	0.0	2.3957834211785212E-4		_
com.google.javascript.jscomp.parsing.IRFactory#Node#transform#?,AstNode#275	3.11138767890462E-4	3.11138767890462E-4	2.3373102221319053E-4	jsDocInfo != null	_
com.google.javascript.jscomp.NodeTraversal#void#traverseRoots#?,List<Node>#289	2.333722287047868E-4	2.3326335432705125E-4	2.3326335432705125E-4	!(roots.isEmpty())	_
com.google.javascript.rhino.jstype.InstanceObjectType#String#toStringHelper#?,boolean#97	2.3185717597962174E-4	2.3185717597962174E-4	2.3185717597962174E-4	constructor.hasReferenceName()	_
com.google.javascript.jscomp.parsing.IRFactory#int#transformTokenType#?,int#1232	2.3174971031281189E-4	2.3174971031281189E-4	2.3174971031281189E-4	(Token.ASSIGN)!= 0	_
com.google.javascript.jscomp.NodeTraversal#void#traverseFunction#?,Node,Node#527	2.708559046586956E-4	2.708559046586956E-4	2.31655819919796E-4	isFunctionExpression	_
com.google.javascript.jscomp.NodeTraversal#Node#getScopeRoot#?#624	2.3663038334120756E-4	2.3663038334120756E-4	2.3159113186088653E-4	!(scopeRoots.isEmpty())	_
com.google.javascript.jscomp.AstValidator#void#validateStatement#?,Node#103	4.610419548178868E-4	0.0	2.305209774089434E-4		_
com.google.javascript.jscomp.AstValidator#void#validateFunctionStatement#?,Node#354	4.610419548178868E-4	0.0	2.305209774089434E-4		_
com.google.javascript.jscomp.parsing.IRFactory$TransformDispatcher#Node#processAssignment#?,Assignment#432	2.303086135421184E-4	2.3036166781842393E-4	2.3033514068027117E-4	!(!validAssignmentTarget(target))	_
com.google.javascript.jscomp.parsing.IRFactory#Node#transformNameAsString#?,Name#285	2.2629554197783897E-4	2.2686025408347188E-4	2.2657789803065542E-4	!(jsDocInfo != null)	_
com.google.javascript.jscomp.parsing.IRFactory$TransformDispatcher#Node#transformAsString#?,AstNode#401	2.2629554197783897E-4	2.2629554197783897E-4	2.2560840976532104E-4	n instanceof Name	_
com.google.javascript.jscomp.AstValidator#void#validateAssignmentExpression#?,Node#601	4.496402877698369E-4	0.0	2.2482014388491844E-4		_
com.google.javascript.jscomp.AstValidator#void#validateGetProp#?,Node#622	4.496402877698369E-4	0.0	2.2482014388491844E-4		_
com.google.javascript.jscomp.AstValidator#void#validateAssignmentTarget#?,Node#611	4.4622936189198104E-4	0.0	2.2311468094599052E-4		_
com.google.javascript.rhino.JSDocInfo#void#setReturnType#?,JSTypeExpression#1006	4.458314757022075E-4	0.0	2.2291573785110375E-4		_
com.google.javascript.rhino.JSDocInfo#JSTypeExpression#getReturnType#?#1084	4.4345898004438666E-4	0.0	2.2172949002219333E-4		_
com.google.javascript.jscomp.parsing.IRFactory$TransformDispatcher#Node#processVariableDeclaration#?,VariableDeclaration#1051	2.1973192704904942E-4	2.197802197801968E-4	2.197560734146231E-4	!(!config.acceptConstKeyword && declarationNode.getType() == com.google.javascript.rhino.head.Token.CONST)	_
com.google.javascript.jscomp.parsing.TypeSafeDispatcher#T#process#?,AstNode#271	2.3041474654372784E-4	2.1973192704904942E-4	2.1973192704904942E-4	node instanceof VariableInitializer	_
com.google.javascript.rhino.jstype.FunctionParamBuilder#boolean#addVarArgs#?,JSType#104	1.7882689556514286E-4	2.578648788035265E-4	2.1834588718433467E-4	!(!type.isEmptyType())	_
com.google.javascript.rhino.Node#void#setLineno#?,int#1169	1.5629884338852484E-4	2.767017155506091E-4	2.1650027946956696E-4	sourcePosition <= lineno	_
com.google.javascript.rhino.Node#void#setCharno#?,int#1173	1.5632327653591904E-4	2.7578599007171967E-4	2.1605463330381935E-4	sourcePosition <= charno	_
com.google.javascript.jscomp.Compiler#JSTypeRegistry#getTypeRegistry#?#1140	2.589331952356222E-4	2.589331952356222E-4	2.1555475188778095E-4	typeRegistry == null	_
com.google.javascript.rhino.jstype.FunctionType#boolean#setPrototype#?,ObjectType,Node#399	1.7140898183065634E-4	2.5542784163479215E-4	2.1338904076256826E-4	!(superClass != null)	_
com.google.javascript.jscomp.Scope#Var#getVar#?,String#541	2.137208805300661E-4	2.137208805300661E-4	2.1201291134809175E-4	var != null	_
com.google.javascript.jscomp.JsAst#Node#getAstRoot#?,AbstractCompiler#51	1.5946420028700725E-4	2.605523710266233E-4	2.1000828565681529E-4	!(root == null)	_
com.google.javascript.rhino.jstype.FunctionType#void#addSubType#?,FunctionType#1051	2.460024600245969E-4	2.460024600245969E-4	2.0870572092762663E-4	subTypes == null	_
com.google.javascript.jscomp.NodeTraversal#Scope#getScope#?#597	2.1276595744679216E-4	2.1276595744679216E-4	2.0716911055163045E-4	scopeRoots.isEmpty()	_
com.google.javascript.rhino.JSDocInfo#boolean#isJavaDispatch#?#579	4.1425020712515526E-4	0.0	2.0712510356257763E-4		_
com.google.javascript.jscomp.NodeTraversal#int#getScopeDepth#?#639	2.0691082143597939E-4	2.0691082143597939E-4	2.0691082143597939E-4	(scopes.size() + scopeRoots.size())> 0	_
com.google.javascript.rhino.JSDocInfo#void#setType#?,JSTypeExpression#1002	4.1220115416318315E-4	0.0	2.0610057708159157E-4		_
com.google.javascript.rhino.jstype.InstanceObjectType#int#hashCode#?#176	1.743375174337869E-4	2.346316283434735E-4	2.044845728886302E-4	(getReferenceName().hashCode())< 0	_
com.google.javascript.jscomp.Scope#boolean#isDeclared#?,String,boolean#568	2.0408163265306367E-4	2.0408163265306367E-4	2.0408163265306367E-4	!(scope.parent != null && recurse)	_
com.google.javascript.rhino.JSDocInfo#String#getLendsName#?#1184	4.0128410914930246E-4	0.0	2.0064205457465123E-4		_
com.google.javascript.rhino.JSDocInfoBuilder#boolean#hasAnyTypeRelatedTags#?#963	4.0080160320643543E-4	0.0	2.0040080160321772E-4		_
com.google.javascript.jscomp.Scope$Var#?#Var#?,boolean,String,Node,JSType,Scope,int,CompilerInput,boolean,JSDocInfo#137	2.000400080015563E-4	2.000400080015563E-4	2.000400080015563E-4	this.index >= index	_
com.google.javascript.rhino.Node#boolean#isEmpty#?#2235	3.990422984836428E-4	0.0	1.995211492418214E-4		_
com.google.javascript.rhino.Node#int#getChildCount#?#1410	1.6092693916958112E-4	2.3479690068095582E-4	1.9750098158044516E-4	(c)== 0	_
com.google.javascript.jscomp.parsing.JsDocInfoParser#Node#parseAndRecordTypeNode#?,JsDocToken,boolean#1081	3.8565368299270375E-4	0.0	1.9282684149635188E-4		_
com.google.javascript.jscomp.parsing.JsDocInfoParser#Node#parseAndRecordTypeNode#?,JsDocToken#1069	3.8565368299270375E-4	0.0	1.9282684149635188E-4		_
com.google.javascript.jscomp.PrepareAst$PrepareAnnotations#void#annotateDispatchers#?,Node,Node#187	1.9245573518089643E-4	1.9249278152067006E-4	1.9247425835078324E-4	!(parent.getJSDocInfo() != null && parent.getJSDocInfo().isJavaDispatch())	_
com.google.javascript.jscomp.parsing.IRFactory$TransformDispatcher#Node#processName#?,Name,boolean#764	2.2629554197783897E-4	2.2629554197783897E-4	1.9202456543598867E-4	asString	_
com.google.javascript.rhino.Node#?#Node#?,int,Node,Node#390	1.865671641790856E-4	1.865671641790856E-4	1.865671641790856E-4	type >= nodeType	_
com.google.javascript.jscomp.NodeTraversal#void#popScope#?#583	2.1358393848780466E-4	2.1358393848780466E-4	1.8627058949505226E-4	scopeCallback != null	_
com.google.javascript.jscomp.NodeTraversal#void#pushScope#?,Node#566	2.1358393848780466E-4	2.1358393848780466E-4	1.8627058949505226E-4	scopeCallback != null	_
com.google.javascript.jscomp.NodeTraversal#?#NodeTraversal#?,AbstractCompiler,Callback,ScopeCreator#232	2.1358393848780466E-4	2.1358393848780466E-4	1.8625795780080612E-4	cb instanceof ScopedCallback	_
com.google.javascript.jscomp.WarningsGuard#boolean#disables#?,DiagnosticGroup#95	3.706449221645425E-4	0.0	1.8532246108227124E-4		_
com.google.javascript.jscomp.WarningsGuard#boolean#enables#?,DiagnosticGroup#106	3.706449221645425E-4	0.0	1.8532246108227124E-4		_
com.google.javascript.rhino.Node#int#getIntProp#?,int#832	1.8389113644723398E-4	1.8389113644723398E-4	1.8389113644723398E-4	(0)>= 0	_
com.google.javascript.rhino.JSDocInfo#void#setConstructor#?,boolean#349	3.6616623947272053E-4	0.0	1.8308311973636027E-4		_
com.google.javascript.jscomp.Compiler#void#initBasedOnOptions#?#382	1.8034265103694658E-4	1.820167455406363E-4	1.8117969828879144E-4	!(options.sourceMapOutputPath != null)	_
com.google.javascript.jscomp.Compiler#void#initInputsByIdMap#?#487	1.8092998009766603E-4	1.8092998009766603E-4	1.8092998009766603E-4	!(previous != null)	_
com.google.javascript.jscomp.Compiler#void#initModules#?,List<T>,List<JSModule>,CompilerOptions#357	1.8063583815031148E-4	1.8063583815031148E-4	1.8048924459362903E-4	!(modules.size() > 1)	_
com.google.javascript.jscomp.Compiler#void#fillEmptyModules#?,List<JSModule>#433	1.8034265103694658E-4	1.8040772145044848E-4	1.8037518624369753E-4	!(module.getInputs().isEmpty())	_
com.google.javascript.jscomp.Compiler#void#checkFirstModule#?,List<JSModule>#412	1.8034265103694658E-4	1.8034265103694658E-4	1.8034265103694658E-4	!(modules.get(0).getInputs().isEmpty() && modules.size() > 1)	_
com.google.javascript.rhino.Node$IntPropListItem#int#getIntValue#?#342	1.802776275464657E-4	1.802776275464657E-4	1.802776275464657E-4	(intValue)>= 0	_
com.google.javascript.rhino.jstype.FunctionParamBuilder#boolean#addOptionalParams#?,JSType#80	1.7969451931720837E-4	1.7969451931720837E-4	1.7969451931720837E-4	!(hasVarArgs())	_
com.google.javascript.jscomp.parsing.JsDocInfoParser#Node#newStringNode#?,String,int,int#2187	3.581661891117749E-4	0.0	1.7908309455588745E-4		_
com.google.javascript.rhino.Node#Node#newString#?,String,int,int#521	3.5790980672867345E-4	0.0	1.7895490336433673E-4		_
com.google.javascript.rhino.jstype.JSTypeRegistry#JSType#createOptionalType#?,JSType#956	1.7911517105495545E-4	1.7911517105495545E-4	1.7865238239134218E-4	type instanceof UnknownType || type.isAllType()	_
com.google.javascript.rhino.JSDocInfo#boolean#isConstant#?#442	3.57015351660106E-4	0.0	1.78507675830053E-4		_
com.google.javascript.rhino.JSTypeExpression#?#JSTypeExpression#?,Node,String#66	3.557452863749422E-4	0.0	1.778726431874711E-4		_
com.google.javascript.rhino.JSDocInfo#boolean#hasBaseType#?#1221	3.5448422545192315E-4	0.0	1.7724211272596158E-4		_
com.google.javascript.jscomp.parsing.JsDocInfoParser#JSTypeExpression#createJSTypeExpression#?,Node#1238	3.5448422545192315E-4	0.0	1.7724211272596158E-4		_
com.google.javascript.rhino.jstype.UnionTypeBuilder#UnionTypeBuilder#addAlternate#?,JSType#202	1.7721070352649804E-4	1.7721070352649804E-4	1.7721070352649804E-4	functionTypePosition <= currentIndex	_
com.google.javascript.rhino.jstype.FunctionParamBuilder#boolean#addRequiredParams#?,JSType#63	1.7677214071065706E-4	1.7677214071065706E-4	1.7677214071065706E-4	!(hasOptionalOrVarArgs())	_
com.google.javascript.jscomp.AstValidator#void#validateParameters#?,Node#367	3.534817956875047E-4	0.0	1.7674089784375235E-4		_
com.google.javascript.rhino.JSDocInfo#boolean#hasReturnType#?#1066	3.531073446327859E-4	0.0	1.7655367231639296E-4		_
com.google.javascript.rhino.JSDocInfo#JSTypeExpression#getBaseType#?#1140	3.529827038475375E-4	0.0	1.7649135192376875E-4		_
com.google.javascript.rhino.InputId#int#hashCode#?#61	1.6023073225446272E-4	1.9171779141102796E-4	1.7597426183274534E-4	(id.hashCode())> 0	_
com.google.javascript.rhino.jstype.JSTypeRegistry#void#addReferenceTypeIndexedByProperty#?,String,JSType#636	1.7583963425360505E-4	1.7583963425360505E-4	1.758241771830371E-4	typeSet == null	_
com.google.javascript.rhino.JSDocInfo#boolean#hasThisType#?#1128	3.5161744022504937E-4	0.0	1.7580872011252469E-4		_
com.google.javascript.rhino.jstype.FunctionType#?#FunctionType#?,JSTypeRegistry,String,Node,ArrowType,ObjectType,String,boolean,boolean#143	1.7815784785324418E-4	1.7815784785324418E-4	1.7506344671253116E-4	isConstructor	_
com.google.javascript.rhino.jstype.JSTypeRegistry#void#registerPropertyOnType#?,String,JSType#619	1.751927119831853E-4	1.751927119831853E-4	1.7505481322438454E-4	typeSet == null	_
com.google.javascript.rhino.jstype.FunctionType#FunctionType#getSuperClassConstructor#?#767	1.7780938833567017E-4	1.7780938833567017E-4	1.7457981411300727E-4	maybeSuperInstanceType == null	_
com.google.javascript.jscomp.parsing.JsDocInfoParser#String#getSourceName#?#149	3.473428273705892E-4	0.0	1.736714136852946E-4		_
com.google.javascript.jscomp.NodeUtil#InputId#getInputId#?,Node#2860	1.7277125086390122E-4	1.7277125086390122E-4	1.7277125086390122E-4	n != null && !n.isScript()	_
com.google.javascript.rhino.Node#int#extractCharno#?,int#1225	1.697216564833237E-4	1.7491691446558377E-4	1.7231928547445374E-4	(lineCharNo & COLUMN_MASK)> 0	_
com.google.javascript.jscomp.parsing.IRFactory$TransformDispatcher#boolean#isDirective#?,Node#478	1.565680288084792E-4	1.8789928598272887E-4	1.7211128125932396E-4	n == null	_
com.google.javascript.jscomp.DiagnosticGroupWarningsGuard#boolean#disables#?,DiagnosticGroup#45	3.436426116838476E-4	0.0	1.718213058419238E-4		_
com.google.javascript.rhino.jstype.PrototypeObjectType#?#PrototypeObjectType#?,JSTypeRegistry,String,ObjectType,boolean#119	1.7473353136465697E-4	1.7473353136465697E-4	1.716695813963609E-4	!(nativeType || implicitPrototype != null)	_
com.google.javascript.rhino.jstype.ObjectType#boolean#isImplicitPrototype#?,ObjectType#471	1.71644352900735E-4	1.71644352900735E-4	1.7158546976081546E-4	!(current != null)	_
com.google.javascript.rhino.jstype.PrototypeObjectType#boolean#implicitPrototypeChainIsUnknown#?#495	1.7152658662089593E-4	1.7152658662089593E-4	1.7152658662089593E-4	p != null	_
com.google.javascript.rhino.jstype.PrototypeObjectType#boolean#isSubtype#?,JSType#484	1.7152658662089593E-4	1.7152658662089593E-4	1.7152658662089593E-4	!(isUnknownType() || implicitPrototypeChainIsUnknown())	_
com.google.javascript.rhino.jstype.FunctionType#ObjectType#getPrototype#?#312	1.7143836790678435E-4	1.7143836790678435E-4	1.7143836790678435E-4	!(refName == null)	_
com.google.javascript.rhino.jstype.InstanceObjectType#boolean#isEquivalentTo#?,JSType#162	1.7129153819805953E-4	1.7129153819805953E-4	1.7108664401360718E-4	!(thatObj != null && thatObj.isNominalType())	_
com.google.javascript.rhino.jstype.ObjectType#boolean#isUnknownType#?#495	1.688048615799964E-4	1.688048615799964E-4	1.6873368395242672E-4	implicitProto == null || implicitProto.isNativeObjectType()	_
com.google.javascript.rhino.Node#void#setLength#?,int#1137	3.364737550470842E-4	0.0	1.682368775235421E-4		_
com.google.javascript.jscomp.AstValidator#void#validateBlock#?,Node#278	3.3636057854014023E-4	0.0	1.6818028927007012E-4		_
com.google.javascript.rhino.jstype.PrototypeObjectType#String#getReferenceName#?#429	1.677852348993536E-4	1.677852348993536E-4	1.6777116131816427E-4	className != null	_
com.google.javascript.rhino.jstype.JSType#int#hashCode#?#432	1.6677785190122307E-4	1.6677785190122307E-4	1.6677785190122307E-4	(System.identityHashCode(this))>= 0	_
com.google.javascript.jscomp.NodeUtil#boolean#isAssignmentOp#?,Node#1452	3.3344448149386086E-4	0.0	1.6672224074693043E-4		_
com.google.javascript.rhino.jstype.UnionTypeBuilder#JSType#reduceAlternatesWithoutUnion#?#232	1.6686133822796378E-4	1.6686133822796378E-4	1.6658383724971193E-4	size > 1	_
com.google.javascript.rhino.jstype.UnionTypeBuilder#JSType#build#?#250	1.6686133822796378E-4	1.6686133822796378E-4	1.663631620646977E-4	result == null	_
com.google.javascript.rhino.jstype.JSType#boolean#isSubtypeHelper#?,JSType,JSType#1037	1.6572754391774858E-4	1.6572754391774858E-4	1.6572754391774858E-4	!(thatType instanceof ProxyObjectType)	_
com.google.javascript.rhino.jstype.UnionTypeBuilder#?#UnionTypeBuilder#?,JSTypeRegistry,int#106	1.6539861065167916E-4	1.6539861065167916E-4	1.6539861065167916E-4	this.maxUnionSize <= maxUnionSize	_
com.google.javascript.jscomp.WarningsGuard#int#getPriority#?#84	1.6493485073398872E-4	1.6493485073398872E-4	1.6493485073398872E-4	(Priority.DEFAULT.value)!= 0	_
com.google.javascript.jscomp.ComposeWarningsGuard#void#addGuard#?,WarningsGuard#90	1.6444663706627338E-4	1.644736842105754E-4	1.644601606384244E-4	!(composeGuard.demoteErrors)	_
com.google.javascript.jscomp.SuppressDocWarningsGuard#int#getPriority#?#99	1.6444663706627338E-4	1.6444663706627338E-4	1.6444663706627338E-4	(WarningsGuard.Priority.SUPPRESS_DOC.value)> 0	_
com.google.javascript.rhino.Node#int#getCharno#?#1145	1.5246226558929266E-4	1.7497812773403787E-4	1.6372019666166526E-4	(extractCharno(sourcePosition))> 0	_
com.google.javascript.rhino.jstype.JSType#boolean#isEquivalentTo#?,JSType#409	1.6350555918898113E-4	1.6350555918898113E-4	1.6330554423321653E-4	!(jsType instanceof ProxyObjectType)	_
com.google.javascript.rhino.JSDocInfo#boolean#isDefine#?#459	3.2552083333337034E-4	0.0	1.6276041666668517E-4		_
com.google.javascript.jscomp.Compiler#int#getErrorCount#?#2025	1.6244314489932687E-4	1.6270745200130943E-4	1.6257529845031815E-4	(errorManager.getErrorCount())== 0	_
com.google.javascript.jscomp.CompilerInput#Node#getAstRoot#?,AbstractCompiler#118	1.6074586079406483E-4	1.6074586079406483E-4	1.6074586079406483E-4	root != null	_
com.google.javascript.jscomp.CompilerInput#?#CompilerInput#?,SourceAst,InputId,boolean#78	1.603592046183211E-4	1.603592046183211E-4	1.603463491425816E-4	ast != null && ast.getSourceFile() != null	_
com.google.javascript.rhino.JSDocInfo#boolean#isInterface#?#515	3.2041012495998E-4	0.0	1.6020506247999E-4		_
com.google.javascript.rhino.JSDocInfo#boolean#isConstructor#?#450	3.201024327784685E-4	0.0	1.6005121638923425E-4		_
com.google.javascript.jscomp.PrepareAst$PrepareAnnotations#boolean#shouldTraverse#?,NodeTraversal,Node,Node#131	1.5976993129895867E-4	1.5976993129895867E-4	1.5976993129895867E-4	!(n.isObjectLit())	_
com.google.javascript.jscomp.PrepareAst#void#process#?,Node,Node#69	1.5976993129895867E-4	1.5976993129895867E-4	1.5976993129895867E-4	root != null	_
com.google.javascript.jscomp.JsAst#void#parse#?,AbstractCompiler#95	1.5976993129895867E-4	1.5976993129895867E-4	1.5961706579298296E-4	!(root == null || compiler.hasHaltingErrors())	_
com.google.javascript.jscomp.parsing.IRFactory#void#maybeSetLengthFrom#?,Node,AstNode#361	1.5632327653591904E-4	1.6283992835042227E-4	1.5958160244317066E-4	!(config.isIdeMode)	_
com.google.javascript.jscomp.Scope#Var#declare#?,String,Node,JSType,CompilerInput#485	3.1897926634771867E-4	0.0	1.5948963317385934E-4		_
com.google.javascript.jscomp.NodeTraversal#void#traverseBranch#?,Node,Node#479	1.9245573518089643E-4	1.594133588395108E-4	1.5918529967090533E-4	type == Token.SCRIPT	_
com.google.javascript.jscomp.BasicErrorManager#int#getErrorCount#?#76	1.58856235107252E-4	1.5943877551016783E-4	1.591475053087099E-4	(errorCount)<= 0	_
com.google.javascript.jscomp.parsing.IRFactory#void#setSourceInfo#?,Node,AstNode#314	1.5632327653591904E-4	1.6033349366684213E-4	1.583283851013806E-4	!(irNode.getLineno() == -1)	_
com.google.javascript.jscomp.SourceFile#?#SourceFile#?,String#87	1.5792798483893478E-4	1.5792798483893478E-4	1.5792798483893478E-4	!(fileName == null || fileName.isEmpty())	_
com.google.javascript.jscomp.parsing.ParserRunner#Node#parse#?,StaticSourceFile,String,Config,ErrorReporter,Logger#142	1.576044129235621E-4	1.576044129235621E-4	1.573321263612648E-4	astRoot != null	_
com.google.javascript.rhino.JSDocInfoBuilder#boolean#hasAnySingletonTypeTags#?#980	3.128911138923218E-4	0.0	1.564455569461609E-4		_
com.google.javascript.jscomp.parsing.IRFactory$TransformDispatcher#void#parseDirectives#?,Node#472	1.5632327653591904E-4	1.5632327653591904E-4	1.5632327653591904E-4	!(directives != null)	_
com.google.javascript.jscomp.parsing.ParserRunner#void#initResourceConfig#?#77	1.566170712608006E-4	1.566170712608006E-4	1.5620228855139917E-4	annotationNames != null	_
com.google.javascript.rhino.Node#int#extractLineno#?,int#1211	1.5598190609888984E-4	1.5598190609888984E-4	1.5598190609888984E-4	(-1)!= 0	_
com.google.javascript.jscomp.AstValidator#void#validateExprStmt#?,Node#475	3.1162355874103653E-4	0.0	1.5581177937051827E-4		_
com.google.javascript.jscomp.parsing.ParserRunner#Config#createConfig#?,boolean,LanguageMode,boolean,Set<String>#66	1.5581177937051827E-4	1.5581177937051827E-4	1.55799642606258E-4	extraAnnotationNames == null	_
com.google.javascript.rhino.JSDocInfo#boolean#hasTypedefType#?#1058	3.095017022594071E-4	0.0	1.5475085112970355E-4		_
com.google.javascript.rhino.JSDocInfo#boolean#hasEnumParameterType#?#1050	3.095017022594071E-4	0.0	1.5475085112970355E-4		_
com.google.javascript.jscomp.parsing.JsDocInfoParser#void#setFileOverviewJSDocInfo#?,JSDocInfo#116	3.087372645877995E-4	0.0	1.5436863229389974E-4		_
com.google.javascript.jscomp.parsing.IRFactory#JsDocInfoParser#createJsDocInfoParser#?,Comment,Node#338	3.087372645877995E-4	0.0	1.5436863229389974E-4		_
com.google.javascript.rhino.Node#int#getLineno#?#1141	1.5243902439021628E-4	1.5600624024958432E-4	1.542226323199003E-4	(extractLineno(sourcePosition))< 0	_
com.google.javascript.rhino.JSDocInfo#boolean#hasType#?#1042	3.083564600678823E-4	0.0	1.5417823003394115E-4		_
com.google.javascript.jscomp.parsing.JsDocInfoParser#JSDocInfo#getFileOverviewJSDocInfo#?#2322	3.079765937789025E-4	0.0	1.5398829688945126E-4		_
com.google.javascript.rhino.JSDocInfo#boolean#hasType#?,int#1070	3.0740854595756595E-4	0.0	1.5370427297878297E-4		_
com.google.javascript.rhino.Node#void#addChildToBack#?,Node#613	1.551109042965404E-4	1.551109042965404E-4	1.5326714203317549E-4	!(last == null)	_
com.google.javascript.rhino.Node$StringNode#?#StringNode#?,int,String#198	1.5297537096525815E-4	1.5297537096525815E-4	1.5297537096525815E-4	!(null == str)	_
com.google.javascript.rhino.Node#int#getType#?#529	1.4945449110748132E-4	1.4945449110748132E-4	1.4945449110748132E-4	(type)>= 0	_
com.google.javascript.jscomp.parsing.JsDocInfoParser#JsDocToken#eatTokensUntilEOL#?#2217	2.975304968759751E-4	0.0	1.4876524843798755E-4		_
com.google.javascript.rhino.Node$IntPropListItem#?#IntPropListItem#?,int,int,PropListItem#337	1.4869888475832482E-4	1.4869888475832482E-4	1.4869888475832482E-4	this.intValue >= intValue	_
com.google.javascript.rhino.Node#void#putIntProp#?,int,int#864	1.4869888475832482E-4	1.4869888475832482E-4	1.4868783072291558E-4	value != 0	_
com.google.javascript.jscomp.Compiler#String#toSource#?,Node#1698	2.8835063437138153E-4	0.0	1.4417531718569077E-4		_
com.google.javascript.jscomp.AstValidator#void#validateName#?,Node#339	2.872737719046281E-4	0.0	1.4363688595231405E-4		_
com.google.javascript.jscomp.CodePrinter$Builder#Builder#setOutputCharset#?,Charset#643	2.8312570781430235E-4	0.0	1.4156285390715118E-4		_
com.google.javascript.jscomp.Compiler#String#toSource#?,Node,SourceMap,boolean#1706	2.8312570781430235E-4	0.0	1.4156285390715118E-4		_
com.google.javascript.jscomp.CompilerOptions#LanguageMode#getLanguageOut#?#1368	2.8312570781430235E-4	0.0	1.4156285390715118E-4		_
com.google.javascript.jscomp.CodePrinter$Builder#Builder#setSourceMapDetailLevel#?,SourceMap.DetailLevel#634	2.8312570781430235E-4	0.0	1.4156285390715118E-4		_
com.google.javascript.jscomp.CodePrinter$Builder#Builder#setTagAsStrict#?,boolean#651	2.830455703368706E-4	0.0	1.415227851684353E-4		_
com.google.javascript.jscomp.CodePrinter$Builder#Builder#setPreferLineBreakAtEndOfFile#?,boolean#593	2.830455703368706E-4	0.0	1.415227851684353E-4		_
com.google.javascript.rhino.JSDocInfo#boolean#isNoCompile#?#587	2.814522938362485E-4	0.0	1.4072614691812424E-4		_
com.google.javascript.rhino.JSDocInfo#boolean#isExterns#?#571	2.812148481440291E-4	0.0	1.4060742407201454E-4		_
com.google.javascript.rhino.JSDocInfo#boolean#hasFileOverview#?#1390	2.808199943835632E-4	0.0	1.404099971917816E-4		_
com.google.javascript.jscomp.CodePrinter$Builder#Builder#setSourceMap#?,SourceMap#625	2.795638803466671E-4	0.0	1.3978194017333356E-4		_
com.google.javascript.jscomp.GoogleCodingConvention#?#GoogleCodingConvention#?#44	2.795638803466671E-4	0.0	1.3978194017333356E-4		_
com.google.javascript.jscomp.GoogleCodingConvention#?#GoogleCodingConvention#?,CodingConvention#49	2.795638803466671E-4	0.0	1.3978194017333356E-4		_
com.google.javascript.jscomp.CodePrinter$Builder#Builder#setLineBreak#?,boolean#583	2.774694783573839E-4	0.0	1.3873473917869195E-4		_
com.google.javascript.jscomp.AstValidator#?#AstValidator#?#48	2.773155851358844E-4	0.0	1.386577925679422E-4		_
com.google.javascript.jscomp.CodePrinter$CompactCodePrinter#?#CompactCodePrinter#?,boolean,boolean,int,boolean,SourceMap.DetailLevel#436	2.7639579878391274E-4	0.0	1.3819789939195637E-4		_
com.google.javascript.rhino.JSDocInfo#void#setAssociatedNode#?,Node#1412	2.7624309392260127E-4	0.0	1.3812154696130063E-4		_
com.google.javascript.rhino.JSDocInfo#void#setVisibility#?,Visibility#618	2.76090557702946E-4	0.0	1.38045278851473E-4		_
com.google.javascript.rhino.JSDocInfo#Visibility#getVisibility#?#941	2.7570995312931057E-4	0.0	1.3785497656465528E-4		_
com.google.javascript.rhino.JSDocInfo#boolean#getFlag#?,int#613	2.7464982147762385E-4	0.0	1.3732491073881192E-4		_
com.google.javascript.jscomp.CodePrinter$Builder#Builder#setPrettyPrint#?,boolean#574	2.735978112174964E-4	0.0	1.367989056087482E-4		_
com.google.javascript.jscomp.NodeUtil#boolean#isObjectLitKey#?,Node,Node#2045	2.733734281027411E-4	0.0	1.3668671405137056E-4		_
com.google.javascript.jscomp.NodeUtil#String#opToStr#?,int#2166	2.7300027300025675E-4	0.0	1.3650013650012838E-4		_
com.google.javascript.jscomp.CodeGenerator#void#add#?,Node#82	2.7300027300025675E-4	0.0	1.3650013650012838E-4		_
com.google.javascript.jscomp.CodePrinter$MappedCodePrinter#String#getCode#?#202	2.7300027300025675E-4	0.0	1.3650013650012838E-4		_
com.google.javascript.jscomp.CodeConsumer#boolean#continueProcessing#?#53	2.7300027300025675E-4	0.0	1.3650013650012838E-4		_
com.google.javascript.jscomp.CodePrinter$Builder#?#Builder#?,Node#565	2.7300027300025675E-4	0.0	1.3650013650012838E-4		_
com.google.javascript.jscomp.CompilerOptions#void#setCodingConvention#?,CodingConvention#1266	2.7262813522355156E-4	0.0	1.3631406761177578E-4		_
com.google.javascript.jscomp.NodeUtil#boolean#isHoistedFunctionDeclaration#?,Node#1874	2.710761724044053E-4	0.0	1.3553808620220265E-4		_
com.google.javascript.jscomp.Compiler#boolean#hasErrors#?#2050	2.6028110359188616E-4	0.0	1.3014055179594308E-4		_
com.google.javascript.rhino.IR#Node#block#?,Node#108	2.6028110359188616E-4	0.0	1.3014055179594308E-4		_
com.google.javascript.jscomp.DependencyOptions#boolean#needsManagement#?#120	2.6028110359188616E-4	0.0	1.3014055179594308E-4		_
com.google.javascript.jscomp.CompilerOptions$TracerMode#boolean#isOn#?#1945	2.6028110359188616E-4	0.0	1.3014055179594308E-4		_
com.google.javascript.rhino.Node#boolean#isCall#?#2195	2.5980774227074566E-4	0.0	1.2990387113537283E-4		_
com.google.javascript.rhino.IR#boolean#mayBeStatement#?,Node#467	2.596728122565839E-4	0.0	1.2983640612829195E-4		_
com.google.javascript.jscomp.CodeChangeHandler$RecentChange#boolean#hasCodeChanged#?#44	2.593360995850613E-4	0.0	1.2966804979253066E-4		_
com.google.javascript.jscomp.Tracer$ThreadTrace#boolean#isInitialized#?#746	2.593360995850613E-4	0.0	1.2966804979253066E-4		_
com.google.javascript.rhino.jstype.UnknownType#?#UnknownType#?,JSTypeRegistry,boolean#60	2.578648788035265E-4	0.0	1.2893243940176324E-4		_
com.google.javascript.rhino.jstype.BooleanType#?#BooleanType#?,JSTypeRegistry#53	2.578648788035265E-4	0.0	1.2893243940176324E-4		_
com.google.javascript.rhino.jstype.NumberType#?#NumberType#?,JSTypeRegistry#53	2.578648788035265E-4	0.0	1.2893243940176324E-4		_
com.google.javascript.rhino.jstype.StringType#?#StringType#?,JSTypeRegistry#53	2.578648788035265E-4	0.0	1.2893243940176324E-4		_
com.google.javascript.rhino.jstype.JSTypeRegistry#void#initializeBuiltInTypes#?#280	2.578648788035265E-4	0.0	1.2893243940176324E-4		_
com.google.javascript.rhino.jstype.FunctionType#void#setInstanceType#?,ObjectType#1005	2.578648788035265E-4	0.0	1.2893243940176324E-4		_
com.google.javascript.rhino.jstype.NullType#?#NullType#?,JSTypeRegistry#54	2.578648788035265E-4	0.0	1.2893243940176324E-4		_
com.google.javascript.rhino.jstype.VoidType#?#VoidType#?,JSTypeRegistry#54	2.578648788035265E-4	0.0	1.2893243940176324E-4		_
com.google.javascript.rhino.jstype.JSTypeRegistry#void#registerNativeType#?,JSTypeNative,JSType#602	2.578648788035265E-4	0.0	1.2893243940176324E-4		_
com.google.javascript.rhino.jstype.JSTypeRegistry#?#JSTypeRegistry#?,ErrorReporter,boolean#210	2.578648788035265E-4	0.0	1.2893243940176324E-4		_
com.google.javascript.rhino.jstype.FunctionType#ArrowType#getInternalArrowType#?#275	2.578648788035265E-4	0.0	1.2893243940176324E-4		_
com.google.javascript.rhino.jstype.AllType#?#AllType#?,JSTypeRegistry#53	2.578648788035265E-4	0.0	1.2893243940176324E-4		_
com.google.javascript.rhino.jstype.ValueType#?#ValueType#?,JSTypeRegistry#49	2.578648788035265E-4	0.0	1.2893243940176324E-4		_
com.google.javascript.rhino.jstype.JSTypeRegistry#void#initializeRegistry#?#581	2.578648788035265E-4	0.0	1.2893243940176324E-4		_
com.google.javascript.rhino.jstype.JSTypeRegistry#void#resetForTypeCheck#?#238	2.578648788035265E-4	0.0	1.2893243940176324E-4		_
com.google.javascript.rhino.jstype.JSTypeRegistry#ArrowType#createArrowType#?,Node#1040	2.578648788035265E-4	0.0	1.2893243940176324E-4		_
com.google.javascript.rhino.jstype.NoResolvedType#?#NoResolvedType#?,JSTypeRegistry#59	2.578648788035265E-4	0.0	1.2893243940176324E-4		_
com.google.javascript.rhino.jstype.NoType#?#NoType#?,JSTypeRegistry#65	2.578648788035265E-4	0.0	1.2893243940176324E-4		_
com.google.javascript.rhino.jstype.JSTypeRegistry#void#register#?,JSType#588	2.578648788035265E-4	0.0	1.2893243940176324E-4		_
com.google.javascript.rhino.jstype.NoObjectType#?#NoObjectType#?,JSTypeRegistry#70	2.578648788035265E-4	0.0	1.2893243940176324E-4		_
com.google.javascript.rhino.jstype.ErrorFunctionType#?#ErrorFunctionType#?,JSTypeRegistry,String#73	2.578648788035265E-4	0.0	1.2893243940176324E-4		_
com.google.javascript.rhino.jstype.JSTypeRegistry#Node#createOptionalParameters#?,JSType#1202	2.577984016498558E-4	0.0	1.288992008249279E-4		_
com.google.javascript.rhino.jstype.JSTypeRegistry#FunctionType#createFunctionTypeWithVarArgs#?,JSType,JSType#1087	2.5759917568268786E-4	0.0	1.2879958784134393E-4		_
com.google.javascript.rhino.jstype.JSTypeRegistry#FunctionType#createFunctionType#?,JSType,Node#1281	2.5706940874037354E-4	0.0	1.2853470437018677E-4		_
com.google.javascript.jscomp.Scope#Scope#getParent#?#452	2.5634452704437205E-4	0.0	1.2817226352218603E-4		_
com.google.javascript.rhino.jstype.JSTypeRegistry#Node#createParametersWithVarArgs#?,JSType#1193	2.56213169356867E-4	0.0	1.281065846784335E-4		_
com.google.javascript.rhino.IR#Node#block#?#92	2.541942043721157E-4	0.0	1.2709710218605785E-4		_
com.google.javascript.rhino.jstype.NullType#String#toStringHelper#?,boolean#104	2.49190132070809E-4	0.0	1.245950660354045E-4		_
com.google.javascript.rhino.jstype.NullType#String#getDisplayName#?#109	2.49190132070809E-4	0.0	1.245950660354045E-4		_
com.google.javascript.rhino.jstype.BooleanType#String#toStringHelper#?,boolean#103	2.4838549428718437E-4	0.0	1.2419274714359219E-4		_
com.google.javascript.rhino.jstype.BooleanType#String#getDisplayName#?#108	2.4838549428718437E-4	0.0	1.2419274714359219E-4		_
com.google.javascript.rhino.jstype.FunctionBuilder#FunctionBuilder#withReturnType#?,JSType#96	2.482621648460803E-4	0.0	1.2413108242304016E-4		_
com.google.javascript.rhino.jstype.FunctionType#void#setPrototypeBasedOn#?,ObjectType#338	2.4715768660410475E-4	0.0	1.2357884330205238E-4		_
com.google.javascript.rhino.jstype.VoidType#String#toStringHelper#?,boolean#96	2.454590083456054E-4	0.0	1.227295041728027E-4		_
com.google.javascript.rhino.jstype.VoidType#String#getDisplayName#?#101	2.454590083456054E-4	0.0	1.227295041728027E-4		_
com.google.javascript.jscomp.NodeUtil#boolean#isStatementParent#?,Node#1717	2.413709872073344E-4	0.0	1.206854936036672E-4		_
com.google.javascript.jscomp.NodeTraversal#void#traverseRoots#?,AbstractCompiler,List<Node>,Callback#464	2.3963575365448797E-4	0.0	1.1981787682724399E-4		_
com.google.javascript.rhino.jstype.StringType#String#getDisplayName#?#97	2.338634237605275E-4	0.0	1.1693171188026374E-4		_
com.google.javascript.rhino.jstype.StringType#String#toStringHelper#?,boolean#92	2.338634237605275E-4	0.0	1.1693171188026374E-4		_
com.google.javascript.jscomp.LoggerErrorManager#?#LoggerErrorManager#?,MessageFormatter,Logger#39	2.327746741154213E-4	0.0	1.1638733705771065E-4		_
com.google.javascript.jscomp.Compiler#?#Compiler#?#198	2.326663564448106E-4	0.0	1.163331782224053E-4		_
com.google.javascript.jscomp.parsing.IRFactory$TransformDispatcher#Node#processPropertyGet#?,PropertyGet#857	2.3041474654372784E-4	0.0	1.1520737327186392E-4		_
com.google.javascript.jscomp.ComposeWarningsGuard#?#ComposeWarningsGuard#?,WarningsGuard#84	2.3014959723821615E-4	0.0	1.1507479861910808E-4		_
com.google.javascript.jscomp.CompilerOptions#?#CompilerOptions#?#821	2.3014959723821615E-4	0.0	1.1507479861910808E-4		_
com.google.javascript.rhino.Node#boolean#hasMoreThanOneChild#?#1402	2.2946305644788723E-4	0.0	1.1473152822394361E-4		_
com.google.javascript.jscomp.CompilerOptions#void#setWarningLevel#?,DiagnosticGroup,CheckLevel#1042	2.293577981651307E-4	0.0	1.1467889908256534E-4		_
com.google.javascript.jscomp.CompilerOptions#void#addWarningsGuard#?,WarningsGuard#1068	2.2925263640527493E-4	0.0	1.1462631820263747E-4		_
com.google.javascript.jscomp.Compiler#MessageFormatter#createMessageFormatter#?#235	2.2794620469568372E-4	0.0	1.1397310234784186E-4		_
com.google.javascript.jscomp.AbstractMessageFormatter#void#setColorize#?,boolean#37	2.2794620469568372E-4	0.0	1.1397310234784186E-4		_
com.google.javascript.jscomp.CompilerOptions#boolean#shouldColorizeErrorOutput#?#1229	2.2794620469568372E-4	0.0	1.1397310234784186E-4		_
com.google.javascript.jscomp.Compiler#void#setErrorManager#?,ErrorManager#224	2.2784233310546576E-4	0.0	1.1392116655273288E-4		_
com.google.javascript.jscomp.LightweightMessageFormatter#?#LightweightMessageFormatter#?,SourceExcerptProvider,SourceExcerpt#51	2.2773855613755778E-4	0.0	1.1386927806877889E-4		_
com.google.javascript.jscomp.RhinoErrorReporter#?#RhinoErrorReporter#?,AbstractCompiler#74	2.2773855613755778E-4	0.0	1.1386927806877889E-4		_
com.google.javascript.jscomp.Compiler#?#Compiler#?,PrintStream#206	2.2773855613755778E-4	0.0	1.1386927806877889E-4		_
com.google.javascript.jscomp.RhinoErrorReporter$NewRhinoErrorReporter#?#NewRhinoErrorReporter#?,AbstractCompiler#151	2.2773855613755778E-4	0.0	1.1386927806877889E-4		_
com.google.javascript.jscomp.RhinoErrorReporter#Pattern#replacePlaceHolders#?,String#68	2.2773855613755778E-4	0.0	1.1386927806877889E-4		_
com.google.javascript.jscomp.AbstractMessageFormatter#?#AbstractMessageFormatter#?,SourceExcerptProvider#33	2.2773855613755778E-4	0.0	1.1386927806877889E-4		_
com.google.javascript.jscomp.RhinoErrorReporter#ErrorReporter#forOldRhino#?,AbstractCompiler#108	2.2773855613755778E-4	0.0	1.1386927806877889E-4		_
com.google.javascript.jscomp.Compiler#void#addChangeHandler#?,CodeChangeHandler#1884	2.2773855613755778E-4	0.0	1.1386927806877889E-4		_
com.google.javascript.jscomp.LightweightMessageFormatter#?#LightweightMessageFormatter#?,SourceExcerptProvider#45	2.2773855613755778E-4	0.0	1.1386927806877889E-4		_
com.google.javascript.jscomp.RhinoErrorReporter$OldRhinoErrorReporter#?#OldRhinoErrorReporter#?,AbstractCompiler#143	2.2773855613755778E-4	0.0	1.1386927806877889E-4		_
com.google.javascript.jscomp.RhinoErrorReporter#com.google.javascript.rhino.head.ErrorReporter#forNewRhino#?,AbstractCompiler#104	2.2773855613755778E-4	0.0	1.1386927806877889E-4		_
com.google.javascript.jscomp.PassFactory#?#PassFactory#?,String,boolean#43	2.2691173133648768E-4	0.0	1.1345586566824384E-4		_
com.google.javascript.jscomp.NodeTraversal#CompilerInput#getInput#?#433	2.2660321776568626E-4	0.0	1.1330160888284313E-4		_
com.google.javascript.jscomp.ClosureCodingConvention#?#ClosureCodingConvention#?,CodingConvention#50	2.2644927536230597E-4	0.0	1.1322463768115298E-4		_
com.google.javascript.jscomp.ClosureCodingConvention#?#ClosureCodingConvention#?#46	2.2644927536230597E-4	0.0	1.1322463768115298E-4		_
com.google.javascript.jscomp.CodingConventions$Proxy#?#Proxy#?,CodingConvention#58	2.2644927536230597E-4	0.0	1.1322463768115298E-4		_
com.google.javascript.jscomp.CodingConventions#CodingConvention#getDefault#?#40	2.2629554197783897E-4	0.0	1.1314777098891948E-4		_
com.google.javascript.jscomp.parsing.IRFactory$TransformDispatcher#boolean#validAssignmentTarget#?,Node#1044	2.262443438914019E-4	0.0	1.1312217194570096E-4		_
com.google.javascript.jscomp.NodeUtil#boolean#isFunctionDeclaration#?,Node#1865	2.2436616558219047E-4	0.0	1.1218308279109523E-4		_
com.google.javascript.rhino.Node#boolean#isComma#?#2207	2.2361359570666206E-4	0.0	1.1180679785333103E-4		_
com.google.javascript.rhino.jstype.NumberType#String#getDisplayName#?#102	2.2326412145567964E-4	0.0	1.1163206072783982E-4		_
com.google.javascript.rhino.jstype.NumberType#String#toStringHelper#?,boolean#97	2.2326412145567964E-4	0.0	1.1163206072783982E-4		_
com.google.javascript.rhino.ScriptRuntime#String#getMessage0#?,String#367	2.2123893805314765E-4	0.0	1.1061946902657382E-4		_
com.google.javascript.rhino.ScriptRuntime#String#getMessage#?,String,Object[]#403	2.2089684117521102E-4	0.0	1.1044842058760551E-4		_
com.google.javascript.rhino.Node#JSType#getJSType#?#1827	2.196836555360404E-4	0.0	1.098418277680202E-4		_
com.google.javascript.rhino.Node#boolean#isParamList#?#2327	2.1445421402532805E-4	0.0	1.0722710701266402E-4		_
com.google.javascript.rhino.jstype.PrototypeObjectType#?#PrototypeObjectType#?,JSTypeRegistry,String,ObjectType#106	2.1431633090440716E-4	0.0	1.0715816545220358E-4		_
com.google.javascript.jscomp.parsing.IRFactory$TransformDispatcher#Node#processInfixExpression#?,InfixExpression#719	2.1381227282446513E-4	0.0	1.0690613641223257E-4		_
com.google.javascript.rhino.Node#boolean#isExprResult#?#2239	2.1057064645191303E-4	0.0	1.0528532322595652E-4		_
com.google.javascript.jscomp.NodeTraversal#boolean#inGlobalScope#?#635	2.0695364238410008E-4	0.0	1.0347682119205004E-4		_
com.google.javascript.rhino.jstype.JSType#String#toString#?#1149	2.0454080589082935E-4	0.0	1.0227040294541467E-4		_
com.google.javascript.jscomp.Scope#boolean#isLocal#?#621	2.0202020202020332E-4	0.0	1.0101010101010166E-4		_
com.google.javascript.jscomp.Scope#boolean#isGlobal#?#614	2.0181634712412855E-4	0.0	1.0090817356206427E-4		_
com.google.javascript.jscomp.Scope#Var#declare#?,String,Node,JSType,CompilerInput,boolean#513	2.000400080015563E-4	0.0	1.0002000400077815E-4		_
com.google.javascript.jscomp.Compiler#CompilerInput#getInput#?,InputId#1000	1.9716088328081138E-4	0.0	9.858044164040569E-5		_
com.google.javascript.jscomp.Scope#?#Scope#?,Node,AbstractCompiler#416	1.962708537782687E-4	0.0	9.813542688913435E-5		_
com.google.javascript.jscomp.NodeUtil#boolean#isControlStructure#?,Node#1618	1.9554165037150018E-4	0.0	9.777082518575009E-5		_
com.google.javascript.jscomp.PrepareAst$PrepareAnnotations#void#annotateFunctions#?,Node,Node#224	1.9245573518089643E-4	0.0	9.622786759044821E-5		_
com.google.javascript.jscomp.PrepareAst$PrepareAnnotations#void#visit#?,NodeTraversal,Node,Node#146	1.9245573518089643E-4	0.0	9.622786759044821E-5		_
com.google.javascript.jscomp.NodeTraversal$AbstractPostOrderCallback#boolean#shouldTraverse#?,NodeTraversal,Node,Node#133	1.9204916458614996E-4	0.0	9.602458229307498E-5		_
com.google.javascript.jscomp.NodeUtil#boolean#isFunctionExpression#?,Node#1903	1.9186492709133418E-4	0.0	9.593246354566709E-5		_
com.google.javascript.jscomp.NodeUtil#boolean#isStatementBlock#?,Node#1696	1.9146084625698556E-4	0.0	9.573042312849278E-5		_
com.google.javascript.rhino.Node#boolean#isString#?#2347	1.90912562046619E-4	0.0	9.54562810233095E-5		_
com.google.javascript.jscomp.parsing.IRFactory$TransformDispatcher#Node#processBlock#?,Block#488	1.9004180919801605E-4	0.0	9.502090459900803E-5		_
com.google.javascript.rhino.Node#boolean#hasChildren#?#537	1.8921475875122162E-4	0.0	9.460737937561081E-5		_
com.google.javascript.jscomp.parsing.IRFactory#Node#newNode#?,int,Node,Node#1328	1.8867924528298552E-4	0.0	9.433962264149276E-5		_
com.google.javascript.jscomp.NodeUtil#boolean#isStatement#?,Node#1703	1.880759826969891E-4	0.0	9.403799134849455E-5		_
com.google.javascript.jscomp.parsing.IRFactory$TransformDispatcher#Node#processGeneric#?,com.google.javascript.rhino.head.Node#383	1.8594272963923242E-4	0.0	9.297136481961621E-5		_
com.google.javascript.jscomp.BasicErrorManager#JSError[]#getWarnings#?#91	1.822489520685311E-4	0.0	9.112447603426554E-5		_
com.google.javascript.jscomp.Compiler#JSError[]#getWarnings#?#945	1.822489520685311E-4	0.0	9.112447603426554E-5		_
com.google.javascript.jscomp.Compiler#void#init#?,List<T1>,List<T2>,CompilerOptions#325	1.8135654697137849E-4	0.0	9.067827348568924E-5		_
com.google.javascript.jscomp.Compiler#List<CompilerInput>#makeCompilerInput#?,List<T>,boolean#392	1.8092998009766603E-4	0.0	9.046499004883302E-5		_
com.google.javascript.jscomp.Compiler#List<CompilerInput>#getAllInputsFromModules#?,List<JSModule>#469	1.8034265103694658E-4	0.0	9.017132551847329E-5		_
com.google.javascript.jscomp.JSModule#?#JSModule#?,String#64	1.8031013342945101E-4	0.0	9.015506671472551E-5		_
com.google.javascript.jscomp.JSModule#void#add#?,SourceFile#94	1.8021265092804661E-4	0.0	9.010632546402331E-5		_
com.google.javascript.jscomp.CompilerInput#void#setModule#?,JSModule#325	1.801477211312852E-4	0.0	9.00738605656426E-5		_
com.google.javascript.jscomp.JSModule#void#add#?,CompilerInput#104	1.801477211312852E-4	0.0	9.00738605656426E-5		_
com.google.javascript.jscomp.JSModule#List<CompilerInput>#getInputs#?#205	1.8011527377526093E-4	0.0	9.005763688763047E-5		_
com.google.javascript.jscomp.CompilerInput#String#getName#?#100	1.7988846914918089E-4	0.0	8.994423457459044E-5		_
com.google.javascript.rhino.Node#void#setOptionalArg#?,boolean#1903	1.7962996227771644E-4	0.0	8.981498113885822E-5		_
com.google.javascript.rhino.InputId#String#getIdName#?#56	1.7924359204157803E-4	0.0	8.962179602078901E-5		_
com.google.javascript.rhino.Node#void#setVarArgs#?,boolean#1885	1.787629603146046E-4	0.0	8.93814801573023E-5		_
com.google.javascript.rhino.jstype.FunctionParamBuilder#boolean#hasVarArgs#?#153	1.7873100983023527E-4	0.0	8.936550491511763E-5		_
com.google.javascript.rhino.Node#boolean#isGetProp#?#2263	1.783166904422151E-4	0.0	8.915834522110755E-5		_
com.google.javascript.rhino.jstype.JSTypeRegistry#void#register#?,JSType,String#592	1.7825311942953892E-4	0.0	8.912655971476946E-5		_
com.google.javascript.rhino.jstype.JSTypeRegistry#ArrowType#createArrowType#?,Node,JSType#1030	1.7822135091782876E-4	0.0	8.911067545891438E-5		_
com.google.javascript.rhino.jstype.ArrowType#?#ArrowType#?,JSTypeRegistry,Node,JSType#64	1.7790428749331344E-4	0.0	8.895214374665672E-5		_
com.google.javascript.rhino.jstype.InstanceObjectType#?#InstanceObjectType#?,JSTypeRegistry,FunctionType,boolean#61	1.778726431874711E-4	0.0	8.893632159373555E-5		_
com.google.javascript.rhino.jstype.AllType#boolean#isAllType#?#58	1.778726431874711E-4	0.0	8.893632159373555E-5		_
com.google.javascript.rhino.Node#boolean#isAssign#?#2179	1.7752529735481914E-4	0.0	8.876264867740957E-5		_
com.google.javascript.rhino.Node#boolean#hasOneChild#?#1392	1.7677214071065706E-4	0.0	8.838607035532853E-5		_
com.google.javascript.rhino.jstype.FunctionParamBuilder#boolean#hasOptionalOrVarArgs#?#146	1.7677214071065706E-4	0.0	8.838607035532853E-5		_
com.google.javascript.rhino.jstype.FunctionParamBuilder#Node#newParameter#?,JSType#135	1.7605633802819654E-4	0.0	8.802816901409827E-5		_
com.google.javascript.jscomp.parsing.IRFactory$TransformDispatcher#Node#processExpressionStatement#?,ExpressionStatement#570	1.749475157453162E-4	0.0	8.74737578726581E-5		_
com.google.javascript.rhino.jstype.JSType#boolean#isEmptyType#?#157	1.7397355601944664E-4	0.0	8.698677800972332E-5		_
com.google.javascript.rhino.jstype.FunctionBuilder#FunctionBuilder#withParamsNode#?,Node#91	1.7388280299079906E-4	0.0	8.694140149539953E-5		_
com.google.javascript.rhino.jstype.NoType#boolean#isNoType#?#75	1.731901627987087E-4	0.0	8.659508139935435E-5		_
com.google.javascript.rhino.jstype.JSType#JSType#getNativeType#?,JSTypeNative#111	1.7304031839415757E-4	0.0	8.652015919707878E-5		_
com.google.javascript.rhino.jstype.FunctionBuilder#?#FunctionBuilder#?,JSTypeRegistry#65	1.7289073305670755E-4	0.0	8.644536652835377E-5		_
com.google.javascript.rhino.jstype.FunctionBuilder#FunctionType#build#?#159	1.7289073305670755E-4	0.0	8.644536652835377E-5		_
com.google.javascript.rhino.jstype.FunctionParamBuilder#Node#build#?#142	1.720282126268513E-4	0.0	8.601410631342565E-5		_
com.google.javascript.rhino.jstype.FunctionParamBuilder#?#FunctionParamBuilder#?,JSTypeRegistry#55	1.720282126268513E-4	0.0	8.601410631342565E-5		_
com.google.javascript.jscomp.Compiler#JSError[]#getErrors#?#938	1.7196904557181814E-4	0.0	8.598452278590907E-5		_
com.google.javascript.jscomp.BasicErrorManager#JSError[]#getErrors#?#86	1.7193947730398396E-4	0.0	8.596973865199198E-5		_
com.google.javascript.rhino.jstype.FunctionType#boolean#hasCachedValues#?#1089	1.717917883524711E-4	0.0	8.589589417623555E-5		_
com.google.javascript.rhino.jstype.ArrowType#?#ArrowType#?,JSTypeRegistry,Node,JSType,boolean#69	1.717917883524711E-4	0.0	8.589589417623555E-5		_
com.google.javascript.rhino.jstype.JSType#boolean#isNoObjectType#?#153	1.717032967033516E-4	0.0	8.58516483516758E-5		_
com.google.javascript.jscomp.BasicErrorManager#JSError[]#toArray#?,CheckLevel#105	1.715560130383098E-4	0.0	8.57780065191549E-5		_
com.google.javascript.rhino.jstype.JSType#RecordType#toMaybeRecordType#?#326	1.7135023989034437E-4	0.0	8.567511994517218E-5		_
com.google.javascript.rhino.jstype.PrototypeObjectType#void#setOwnerFunction#?,FunctionType#517	1.7135023989034437E-4	0.0	8.567511994517218E-5		_
com.google.javascript.rhino.jstype.PrototypeObjectType#Iterable<ObjectType>#getCtorExtendedInterfaces#?#534	1.7129153819805953E-4	0.0	8.564576909902977E-5		_
com.google.javascript.rhino.jstype.PrototypeObjectType#FunctionType#getOwnerFunction#?#522	1.7129153819805953E-4	0.0	8.564576909902977E-5		_
com.google.javascript.rhino.jstype.ObjectType#boolean#isFunctionPrototypeType#?#547	1.7126220243190993E-4	0.0	8.563110121595496E-5		_
com.google.javascript.rhino.jstype.JSType#boolean#isRecordType#?#318	1.7105713308240844E-4	0.0	8.552856654120422E-5		_
com.google.javascript.rhino.jstype.InstanceObjectType#boolean#isNominalType#?#153	1.708525542456485E-4	0.0	8.542627712282425E-5		_
com.google.javascript.rhino.jstype.FunctionType#boolean#hasInstanceType#?#1012	1.7064846416381396E-4	0.0	8.532423208190698E-5		_
com.google.javascript.rhino.jstype.FunctionType#ObjectType#getInstanceType#?#997	1.7064846416381396E-4	0.0	8.532423208190698E-5		_
com.google.javascript.rhino.jstype.JSTypeRegistry#FunctionType#getNativeFunctionType#?,JSTypeNative#883	1.7059024223808894E-4	0.0	8.529512111904447E-5		_
com.google.javascript.rhino.jstype.FunctionType#FunctionType#toMaybeFunctionType#?#199	1.703867779859758E-4	0.0	8.51933889929879E-5		_
com.google.javascript.rhino.jstype.ObjectType$Property#?#Property#?,String,JSType,boolean,Node#607	1.7027073046138597E-4	0.0	8.513536523069298E-5		_
com.google.javascript.rhino.jstype.PrototypeObjectType#void#setPrettyPrint#?,boolean#399	1.7015484090521227E-4	0.0	8.507742045260613E-5		_
com.google.javascript.rhino.jstype.InstanceObjectType#Iterable<ObjectType>#getCtorExtendedInterfaces#?#189	1.6995241332429245E-4	0.0	8.497620666214623E-5		_
com.google.javascript.rhino.jstype.InstanceObjectType#boolean#hasReferenceName#?#72	1.6969285593071426E-4	0.0	8.484642796535713E-5		_
com.google.javascript.rhino.jstype.FunctionType#Iterable<ObjectType>#getExtendedInterfaces#?#505	1.694053870913148E-4	0.0	8.47026935456574E-5		_
com.google.javascript.rhino.jstype.FunctionType#boolean#isConstructor#?#184	1.694053870913148E-4	0.0	8.47026935456574E-5		_
com.google.javascript.rhino.jstype.PrototypeObjectType#boolean#hasReferenceName#?#440	1.6894745734075123E-4	0.0	8.447372867037561E-5		_
com.google.javascript.rhino.jstype.ObjectType#ObjectType#cast#?,JSType#542	1.688333614722204E-4	0.0	8.44166807361102E-5		_
com.google.javascript.rhino.jstype.JSType#ObjectType#toObjectType#?#555	1.6871941960516779E-4	0.0	8.435970980258389E-5		_
com.google.javascript.rhino.jstype.InstanceObjectType#String#getReferenceName#?#67	1.686909581646301E-4	0.0	8.434547908231504E-5		_
com.google.javascript.rhino.Node#boolean#isBlock#?#2187	1.6866250632485702E-4	0.0	8.433125316242851E-5		_
com.google.javascript.rhino.jstype.ObjectType#boolean#hasCachedValues#?#522	1.6860563142806484E-4	0.0	8.430281571403242E-5		_
com.google.javascript.rhino.jstype.PrototypeObjectType#boolean#hasCachedValues#?#506	1.6860563142806484E-4	0.0	8.430281571403242E-5		_
com.google.javascript.rhino.jstype.PrototypeObjectType#void#setImplicitPrototype#?,ObjectType#424	1.6860563142806484E-4	0.0	8.430281571403242E-5		_
com.google.javascript.rhino.jstype.PrototypeObjectType#boolean#isNativeObjectType#?#512	1.6854879487615548E-4	0.0	8.427439743807774E-5		_
com.google.javascript.rhino.jstype.JSTypeRegistry#JSType#createUnionType#?,JSType#996	1.679543164259112E-4	0.0	8.39771582129556E-5		_
com.google.javascript.rhino.jstype.FunctionType#boolean#isInterface#?#189	1.677289500168211E-4	0.0	8.386447500841054E-5		_
com.google.javascript.rhino.jstype.InstanceObjectType#ObjectType#getImplicitPrototype#?#77	1.6756032171583168E-4	0.0	8.378016085791584E-5		_
com.google.javascript.rhino.Node#boolean#getBooleanProp#?,int#822	1.6744809109181524E-4	0.0	8.372404554590762E-5		_
com.google.javascript.rhino.Node#boolean#isVar#?#2375	1.6742005692282902E-4	0.0	8.371002846141451E-5		_
com.google.javascript.rhino.jstype.ObjectType$Property#JSType#getType#?#637	1.6728002676480447E-4	0.0	8.364001338240223E-5		_
com.google.javascript.rhino.jstype.PrototypeObjectType#ObjectType#getImplicitPrototype#?#413	1.6719612104998394E-4	0.0	8.359806052499197E-5		_
com.google.javascript.rhino.jstype.InstanceObjectType#FunctionType#getConstructor#?#82	1.6716817118023197E-4	0.0	8.358408559011599E-5		_
com.google.javascript.rhino.jstype.ObjectType#?#ObjectType#?,JSTypeRegistry#89	1.6714023065356187E-4	0.0	8.357011532678094E-5		_
com.google.javascript.rhino.jstype.UnionTypeBuilder#Collection<JSType>#getAlternateListCopy#?#258	1.6686133822796378E-4	0.0	8.343066911398189E-5		_
com.google.javascript.rhino.jstype.UnionType#?#UnionType#?,JSTypeRegistry,Collection<JSType>#82	1.6686133822796378E-4	0.0	8.343066911398189E-5		_
com.google.javascript.rhino.jstype.JSType#boolean#isSubtype#?,JSType#990	1.6680567139282232E-4	0.0	8.340283569641116E-5		_
com.google.javascript.rhino.jstype.JSTypeRegistry#ObjectType#getNativeObjectType#?,JSTypeNative#879	1.6650016650021637E-4	0.0	8.325008325010819E-5		_
com.google.javascript.rhino.jstype.UnionTypeBuilder#?#UnionTypeBuilder#?,JSTypeRegistry#101	1.6592002654725047E-4	0.0	8.296001327362523E-5		_
com.google.javascript.rhino.Node#void#setJSType#?,JSType#1831	1.6589250165888192E-4	0.0	8.294625082944096E-5		_
com.google.javascript.rhino.jstype.JSType#boolean#isUnknownType#?#238	1.6580998176085604E-4	0.0	8.290499088042802E-5		_
com.google.javascript.rhino.Node#boolean#isName#?#2295	1.6556291390723565E-4	0.0	8.278145695361783E-5		_
com.google.javascript.rhino.jstype.JSType#boolean#isNoResolvedType#?#149	1.6539861065167916E-4	0.0	8.269930532583958E-5		_
com.google.javascript.rhino.jstype.JSType#FunctionType#toMaybeFunctionType#?#281	1.6507098052165325E-4	0.0	8.253549026082663E-5		_
com.google.javascript.rhino.jstype.JSType#boolean#isFunctionType#?#265	1.646361540994512E-4	0.0	8.23180770497256E-5		_
com.google.javascript.jscomp.DiagnosticGroup#Iterable<DiagnosticType>#getTypes#?#129	1.6444663706627338E-4	0.0	8.222331853313669E-5		_
com.google.javascript.jscomp.DiagnosticGroups#Map<String,DiagnosticGroup>#getRegisteredGroups#?#58	1.6444663706627338E-4	0.0	8.222331853313669E-5		_
com.google.javascript.jscomp.SuppressDocWarningsGuard#?#SuppressDocWarningsGuard#?,Map<String,DiagnosticGroup>#42	1.6444663706627338E-4	0.0	8.222331853313669E-5		_
com.google.javascript.rhino.jstype.JSType#boolean#isAllType#?#234	1.6444663706627338E-4	0.0	8.222331853313669E-5		_
com.google.javascript.jscomp.CompilerOptions#WarningsGuard#getWarningsGuard#?#1046	1.6444663706627338E-4	0.0	8.222331853313669E-5		_
com.google.javascript.jscomp.ComposeWarningsGuard#void#addGuards#?,Iterable<WarningsGuard>#105	1.6444663706627338E-4	0.0	8.222331853313669E-5		_
com.google.javascript.jscomp.CompilerOptions#boolean#enables#?,DiagnosticGroup#1027	1.6444663706627338E-4	0.0	8.222331853313669E-5		_
com.google.javascript.rhino.jstype.JSType#boolean#isNoType#?#145	1.6441959881619006E-4	0.0	8.220979940809503E-5		_
com.google.javascript.jscomp.DiagnosticGroupWarningsGuard#?#DiagnosticGroupWarningsGuard#?,DiagnosticGroup,CheckLevel#34	1.6439256945588454E-4	0.0	8.219628472794227E-5		_
com.google.javascript.jscomp.Compiler#DiagnosticGroups#getDiagnosticGroups#?#1977	1.6439256945588454E-4	0.0	8.219628472794227E-5		_
com.google.javascript.rhino.jstype.JSType#boolean#isUnionType#?#246	1.643385373870654E-4	0.0	8.21692686935327E-5		_
com.google.javascript.jscomp.ComposeWarningsGuard#?#ComposeWarningsGuard#?,List<WarningsGuard>#80	1.643385373870654E-4	0.0	8.21692686935327E-5		_
com.google.javascript.jscomp.ComposeWarningsGuard$GuardComparator#?#GuardComparator#?,Map<WarningsGuard,Integer>#58	1.643385373870654E-4	0.0	8.21692686935327E-5		_
com.google.javascript.rhino.jstype.JSType#UnionType#toMaybeUnionType#?#255	1.643385373870654E-4	0.0	8.21692686935327E-5		_
com.google.javascript.rhino.jstype.JSType#?#JSType#?,JSTypeRegistry#104	1.6404199475061887E-4	0.0	8.202099737530943E-5		_
com.google.javascript.jscomp.DiagnosticType#boolean#equals#?,Object#115	1.637733377005679E-4	0.0	8.188666885028395E-5		_
com.google.javascript.jscomp.DiagnosticGroup#boolean#matches#?,DiagnosticType#110	1.637465203864208E-4	0.0	8.18732601932104E-5		_
com.google.javascript.rhino.jstype.JSTypeRegistry#JSType#getNativeType#?,JSTypeNative#875	1.6331863465623986E-4	0.0	8.165931732811993E-5		_
com.google.javascript.rhino.Node#boolean#isFunction#?#2251	1.6236402013314333E-4	0.0	8.118201006657166E-5		_
com.google.javascript.jscomp.Compiler#CompilerInput#putCompilerInput#?,InputId,CompilerInput#1035	1.60487883164806E-4	0.0	8.0243941582403E-5		_
com.google.javascript.jscomp.CompilerInput#InputId#getInputId#?#94	1.6043638697260665E-4	0.0	8.021819348630332E-5		_
com.google.javascript.jscomp.CompilerInput#void#setCompiler#?,AbstractCompiler#147	1.603592046183211E-4	0.0	8.017960230916055E-5		_
com.google.javascript.jscomp.JsAst#InputId#getInputId#?#69	1.603592046183211E-4	0.0	8.017960230916055E-5		_
com.google.javascript.jscomp.SourceFile#void#setIsExtern#?,boolean#194	1.603592046183211E-4	0.0	8.017960230916055E-5		_
com.google.javascript.jscomp.CompilerInput#?#CompilerInput#?,SourceFile,boolean#88	1.603592046183211E-4	0.0	8.017960230916055E-5		_
com.google.javascript.jscomp.CompilerInput#?#CompilerInput#?,SourceAst,boolean#65	1.603592046183211E-4	0.0	8.017960230916055E-5		_
com.google.javascript.jscomp.CompilerInput#?#CompilerInput#?,SourceFile#84	1.603592046183211E-4	0.0	8.017960230916055E-5		_
com.google.javascript.rhino.Node#Node#getParent#?#1324	1.603077909586581E-4	0.0	8.015389547932905E-5		_
com.google.javascript.jscomp.JsAst#SourceFile#getSourceFile#?#74	1.6023073225446272E-4	0.0	8.011536612723136E-5		_
com.google.javascript.jscomp.PrepareAst#?#PrepareAst#?,AbstractCompiler,boolean#46	1.5976993129895867E-4	0.0	7.988496564947933E-5		_
com.google.javascript.jscomp.PrepareAst#?#PrepareAst#?,AbstractCompiler#42	1.5976993129895867E-4	0.0	7.988496564947933E-5		_
com.google.javascript.jscomp.PrepareAst$PrepareAnnotations#?#PrepareAnnotations#?,AbstractCompiler#126	1.5976993129895867E-4	0.0	7.988496564947933E-5		_
com.google.javascript.jscomp.Compiler#void#prepareAst#?,Node#1858	1.5976993129895867E-4	0.0	7.988496564947933E-5		_
com.google.javascript.rhino.Node$IntPropListItem#PropListItem#chain#?,PropListItem#357	1.5974440894572783E-4	0.0	7.987220447286392E-5		_
com.google.javascript.rhino.Node#boolean#isObjectLit#?#2319	1.5969338869370464E-4	0.0	7.984669434685232E-5		_
com.google.javascript.jscomp.Compiler#boolean#acceptConstKeyword#?#1932	1.5946420028700725E-4	0.0	7.973210014350363E-5		_
com.google.javascript.jscomp.Compiler#ErrorReporter#getDefaultErrorReporter#?#1504	1.5946420028700725E-4	0.0	7.973210014350363E-5		_
com.google.javascript.jscomp.NodeTraversal#String#getSourceName#?,Node#654	1.594133588395108E-4	0.0	7.97066794197554E-5		_
com.google.javascript.jscomp.Compiler#boolean#hasHaltingErrors#?#2037	1.593625498007567E-4	0.0	7.968127490037835E-5		_
com.google.javascript.jscomp.JsAst#?#JsAst#?,SourceFile#44	1.5931177313999179E-4	0.0	7.965588656999589E-5		_
com.google.javascript.jscomp.SourceFile#String#getCode#?#140	1.592103168285286E-4	0.0	7.96051584142643E-5		_
com.google.javascript.jscomp.CompilerOptions#CodingConvention#getCodingConvention#?#1270	1.592103168285286E-4	0.0	7.96051584142643E-5		_
com.google.javascript.jscomp.Compiler#CodingConvention#getCodingConvention#?#1908	1.592103168285286E-4	0.0	7.96051584142643E-5		_
com.google.javascript.rhino.Node#String#getSourceFileName#?#1104	1.5918497293854195E-4	0.0	7.959248646927097E-5		_
com.google.javascript.jscomp.CompilerOptions#LanguageMode#getLanguageIn#?#1364	1.591343093571007E-4	0.0	7.956715467855036E-5		_
com.google.javascript.jscomp.Compiler#boolean#isIdeMode#?#1913	1.5908367801464873E-4	0.0	7.954183900732437E-5		_
com.google.javascript.rhino.Node#InputId#getInputId#?#1124	1.5898251192369983E-4	0.0	7.949125596184992E-5		_
com.google.javascript.jscomp.NodeTraversal#void#traverse#?,AbstractCompiler,Node,Callback#454	1.5895724050229987E-4	0.0	7.947862025114993E-5		_
com.google.javascript.jscomp.NodeTraversal#void#traverse#?,Node#278	1.5895724050229987E-4	0.0	7.947862025114993E-5		_
com.google.javascript.jscomp.NodeTraversal#?#NodeTraversal#?,AbstractCompiler,Callback#222	1.5893197711380758E-4	0.0	7.946598855690379E-5		_
com.google.javascript.jscomp.SyntacticScopeCreator#?#SyntacticScopeCreator#?,AbstractCompiler#58	1.588814744201139E-4	0.0	7.944073721005696E-5		_
com.google.javascript.rhino.Node#boolean#isScript#?#2339	1.5855398763275907E-4	0.0	7.927699381637954E-5		_
com.google.javascript.rhino.Node#Node#getLastChild#?#545	1.5827793605571738E-4	0.0	7.913896802785869E-5		_
com.google.javascript.jscomp.SourceFile#String#getName#?#183	1.5797788309634964E-4	0.0	7.898894154817482E-5		_
com.google.javascript.jscomp.SourceFile#void#setCode#?,String#156	1.5795293002685007E-4	0.0	7.897646501342503E-5		_
com.google.javascript.jscomp.SourceFile#void#setOriginalPath#?,String#164	1.5795293002685007E-4	0.0	7.897646501342503E-5		_
com.google.javascript.jscomp.SourceFile#Builder#builder#?#357	1.5795293002685007E-4	0.0	7.897646501342503E-5		_
com.google.javascript.jscomp.SourceFile$Preloaded#?#Preloaded#?,String,String,String#426	1.5795293002685007E-4	0.0	7.897646501342503E-5		_
com.google.javascript.jscomp.SourceFile$Builder#SourceFile#buildFromCode#?,String,String#393	1.5795293002685007E-4	0.0	7.897646501342503E-5		_
com.google.javascript.jscomp.SourceFile#SourceFile#fromCode#?,String,String#325	1.5795293002685007E-4	0.0	7.897646501342503E-5		_
com.google.javascript.jscomp.parsing.IRFactory$TransformDispatcher#boolean#isReservedKeyword#?,String#781	1.57878118092869E-4	0.0	7.89390590464345E-5		_
com.google.javascript.jscomp.parsing.IRFactory$TransformDispatcher#Node#processName#?,Name#760	1.57878118092869E-4	0.0	7.89390590464345E-5		_
com.google.javascript.jscomp.parsing.IRFactory#Node#newStringNode#?,int,String#1340	1.577287066245603E-4	0.0	7.886435331228014E-5		_
com.google.javascript.rhino.Node#void#setIsSyntheticBlock#?,boolean#1920	1.5698587127155328E-4	0.0	7.849293563577664E-5		_
com.google.javascript.jscomp.parsing.IRFactory$TransformDispatcher#Node#processAstRoot#?,AstRoot#444	1.565680288084792E-4	0.0	7.82840144042396E-5		_
com.google.javascript.jscomp.parsing.IRFactory#Node#createTemplateNode#?#163	1.5632327653591904E-4	0.0	7.816163826795952E-5		_
com.google.javascript.jscomp.parsing.IRFactory#Node#justTransform#?,AstNode#377	1.5632327653591904E-4	0.0	7.816163826795952E-5		_
com.google.javascript.jscomp.parsing.IRFactory#Node#newNode#?,int#1320	1.5632327653591904E-4	0.0	7.816163826795952E-5		_
com.google.javascript.rhino.Node$StringNode#String#getString#?#218	1.5561780267658865E-4	0.0	7.780890133829432E-5		_
com.google.javascript.rhino.Node#void#putBooleanProp#?,int,boolean#859	1.548227279765113E-4	0.0	7.741136398825565E-5		_
com.google.javascript.rhino.Node#Node#getNext#?#549	1.5475085112970355E-4	0.0	7.737542556485177E-5		_
com.google.javascript.rhino.Node#Node#newString#?,int,String#517	1.5349194167302294E-4	0.0	7.674597083651147E-5		_
com.google.javascript.rhino.Node#Node#getFirstChild#?#541	1.5015015015018562E-4	0.0	7.507507507509281E-5		_
com.google.javascript.rhino.Node#Node#clonePropsFrom#?,Node#775	1.500150015001367E-4	0.0	7.500750075006835E-5		_
com.google.javascript.rhino.Node#PropListItem#createProp#?,int,int,PropListItem#874	1.4869888475832482E-4	0.0	7.434944237916241E-5		_
com.google.javascript.jscomp.DiagnosticType#DiagnosticType#warning#?,String,String#65	0.0	0.0	0.0		_
com.google.javascript.jscomp.parsing.JsDocInfoParser#void#checkExtendedTypes#?,List<ExtendedTypeInfo>#954	0.0	0.0	0.0		_
com.google.javascript.jscomp.ProcessTweaks$TweakFunction#String#getName#?#165	0.0	0.0	0.0		_
com.google.javascript.jscomp.DiagnosticGroups#DiagnosticGroup#registerGroup#?,String,DiagnosticType#45	0.0	0.0	0.0		_
com.google.javascript.jscomp.DiagnosticType#DiagnosticType#disabled#?,String,String#77	0.0	0.0	0.0		_
com.google.javascript.jscomp.DiagnosticGroup#?#DiagnosticGroup#?,String,DiagnosticGroup#95	0.0	0.0	0.0		_
com.google.javascript.rhino.jstype.ObjectType#String#createDelegateSuffix#?,String#225	0.0	0.0	0.0		_
com.google.javascript.jscomp.parsing.ParserRunner#Set<String>#extractList#?,String#88	0.0	0.0	0.0		_
com.google.javascript.jscomp.DefaultPassConfig#void#assertAllLoopablePasses#?,List<PassFactory>#810	0.0	0.0	0.0		_
com.google.javascript.jscomp.DiagnosticGroup#?#DiagnosticGroup#?,DiagnosticType#54	0.0	0.0	0.0		_
com.google.javascript.jscomp.DiagnosticGroup#?#DiagnosticGroup#?,String,DiagnosticType#47	0.0	0.0	0.0		_
com.google.javascript.jscomp.ProcessTweaks$TweakFunction#?#TweakFunction#?,String,String,int#129	0.0	0.0	0.0		_
com.google.javascript.jscomp.WarningsGuard$Priority#?#Priority#?,int#59	0.0	0.0	0.0		_
com.google.javascript.jscomp.DiagnosticGroups#DiagnosticGroup#registerGroup#?,String,DiagnosticGroup#53	0.0	0.0	0.0		_
com.google.javascript.jscomp.ProcessTweaks$TweakFunction#?#TweakFunction#?,String,String,int,int,TweakFunction#147	0.0	0.0	0.0		_
com.google.javascript.jscomp.ProcessTweaks$TweakFunction#?#TweakFunction#?,String,TweakFunction#138	0.0	0.0	0.0		_
com.google.javascript.jscomp.DiagnosticType#?#DiagnosticType#?,String,CheckLevel,MessageFormat#98	0.0	0.0	0.0		_
com.google.javascript.jscomp.ComposeWarningsGuard#boolean#disables#?,DiagnosticGroup#141	0.0	0.0	0.0		_
com.google.javascript.jscomp.DiagnosticType#DiagnosticType#make#?,String,CheckLevel,String#90	0.0	0.0	0.0		_
com.google.javascript.jscomp.ProcessTweaks$TweakFunction#?#TweakFunction#?,String#124	0.0	0.0	0.0		_
com.google.javascript.jscomp.DiagnosticType#DiagnosticType#error#?,String,String#54	0.0	0.0	0.0		_
com.google.javascript.jscomp.ProcessTweaks$TweakFunction#?#TweakFunction#?,String,String,int,int#134	0.0	0.0	0.0		_
