line	original_score	max_predicate_score	total	predicate	label
com.google.javascript.jscomp.CodeGenerator#void#unrollBinaryOperator#?,Node,int,String,Context,Context,int,int#768	0.741249392318911	0.741249392318911	1.482498784637822	rightPrecedence!=op	_
com.google.javascript.jscomp.ExploitAssigns#boolean#isSafeReplacement#?,Node,Node#206	0.9992707826932425	0.0	0.9992707826932425		GT
com.google.javascript.rhino.Node$NodeMismatch#?#NodeMismatch#?,Node,Node#2192	0.9986631016042781	0.0	0.9986631016042781		_
com.google.javascript.jscomp.ExploitAssigns#boolean#collapseAssignEqualTo#?,Node,Node,Node#109	0.9962323772484201	0.0	0.9962323772484201		_
com.google.javascript.jscomp.ExploitAssigns#boolean#isCollapsibleValue#?,Node,boolean#76	0.995017015070491	0.0	0.995017015070491		_
com.google.javascript.jscomp.ExploitAssigns#void#collapseAssign#?,Node,Node,Node#47	0.995017015070491	0.0	0.995017015070491		_
com.google.javascript.jscomp.NodeUtil#boolean#isAssociative#?,int#1482	0.9865094798249878	0.0	0.9865094798249878		_
com.google.javascript.jscomp.ExploitAssigns#Node#optimizeSubtree#?,Node#32	0.9844433641225085	0.0	0.9844433641225085		_
com.google.javascript.jscomp.AbstractPeepholeOptimization#void#reportCodeChange#?#61	0.9600145843461352	0.0	0.9600145843461352		_
com.google.javascript.jscomp.AbstractPeepholeOptimization#void#beginTraversal#?,AbstractCompiler#91	0.9394749635391346	0.0	0.9394749635391346		_
com.google.javascript.jscomp.AbstractPeepholeOptimization#void#endTraversal#?,AbstractCompiler#99	0.9394749635391346	0.0	0.9394749635391346		_
com.google.javascript.jscomp.PeepholeOptimizationsPass#void#process#?,Node,Node#60	0.9393534273213417	0.0	0.9393534273213417		_
com.google.javascript.jscomp.PeepholeOptimizationsPass#void#beginTraversal#?#104	0.9393534273213417	0.0	0.9393534273213417		_
com.google.javascript.jscomp.PeepholeOptimizationsPass#void#endTraversal#?#110	0.9393534273213417	0.0	0.9393534273213417		_
com.google.javascript.jscomp.PeepholeOptimizationsPass$PeepCallback#void#visit#?,NodeTraversal,Node,Node#81	0.9393534273213417	0.0	0.9393534273213417		_
com.google.javascript.jscomp.PeepholeOptimizationsPass#?#PeepholeOptimizationsPass#?,AbstractCompiler,AbstractPeepholeOptimization#44	0.939110354885756	0.0	0.939110354885756		_
com.google.javascript.jscomp.Compiler#boolean#hasScopeChanged#?,Node#2014	0.9350996596985902	0.0	0.9350996596985902		_
com.google.javascript.jscomp.NodeTraversal$AbstractPreOrderCallback#void#visit#?,NodeTraversal,Node,Node#143	0.9350996596985902	0.0	0.9350996596985902		_
com.google.javascript.jscomp.NodeTraversal#void#traverseChangedFunctions#?,AbstractCompiler,FunctionCallback#472	0.9350996596985902	0.0	0.9350996596985902		_
com.google.javascript.jscomp.Compiler#void#removeChangeHandler#?,CodeChangeHandler#1997	0.9341273699562469	0.0	0.9341273699562469		_
com.google.javascript.jscomp.Compiler#Node#getJsRoot#?#2009	0.9011910549343705	0.0	0.9011910549343705		_
com.google.javascript.jscomp.NodeTraversal$AbstractShallowCallback#boolean#shouldTraverse#?,NodeTraversal,Node,Node#171	0.8607194944093339	0.0	0.8607194944093339		_
com.google.javascript.rhino.Node#void#replaceChild#?,Node,Node#711	0.8164803111327176	0.0	0.8164803111327176		_
com.google.javascript.jscomp.NodeUtil#boolean#isImmutableValue#?,Node#491	0.7954545454545454	0.0	0.7954545454545454		_
com.google.javascript.rhino.Node#Node#copyInformationFrom#?,Node#1739	0.7846378220709771	0.0	0.7846378220709771		_
com.google.javascript.rhino.Node#boolean#isNumber#?#2367	0.783543996110841	0.0	0.783543996110841		_
com.google.javascript.rhino.InputId#String#toString#?#73	0.7507292173067575	0.0	0.7507292173067575		_
com.google.javascript.rhino.Node$IntPropListItem#String#toString#?#346	0.7491492464754497	0.0	0.7491492464754497		_
com.google.javascript.jscomp.SourceFile#String#toString#?#302	0.7489061740398639	0.0	0.7489061740398639		_
com.google.javascript.rhino.Node$ObjectPropListItem#String#toString#?#314	0.7489061740398639	0.0	0.7489061740398639		_
com.google.javascript.rhino.Node#String#propToString#?,int#112	0.7489061740398639	0.0	0.7489061740398639		_
com.google.javascript.rhino.Node#void#appendStringTree#?,Appendable#1020	0.7473262032085561	0.0	0.7473262032085561		_
com.google.javascript.rhino.Node#String#toStringTree#?#1006	0.7473262032085561	0.0	0.7473262032085561		_
com.google.javascript.rhino.Node#String#toStringTreeImpl#?#1010	0.7473262032085561	0.0	0.7473262032085561		_
com.google.javascript.rhino.Node#void#toStringTreeHelper#?,Node,int,Appendable#1025	0.7473262032085561	0.0	0.7473262032085561		_
com.google.javascript.rhino.Node#int[]#getSortedPropTypes#?#868	0.7469615945551775	0.0	0.7469615945551775		_
com.google.javascript.rhino.Node#String#toString#?#931	0.7469615945551775	0.0	0.7469615945551775		_
com.google.javascript.rhino.Node#String#toString#?,boolean,boolean,boolean#938	0.745017015070491	0.0	0.745017015070491		_
com.google.javascript.rhino.Node#void#toString#?,StringBuilder,boolean,boolean,boolean#948	0.745017015070491	0.0	0.745017015070491		_
com.google.javascript.jscomp.NodeUtil#boolean#isExprAssign#?,Node#1620	0.7163344676713661	0.0	0.7163344676713661		_
com.google.javascript.jscomp.AstValidator#void#validateAssignmentExpression#?,Node#601	0.6934856587263004	0.0	0.6934856587263004		_
com.google.javascript.jscomp.AstValidator#void#validateAssignmentTarget#?,Node#607	0.6910549343704424	0.0	0.6910549343704424		_
com.google.javascript.jscomp.AstValidator#void#validateGetProp#?,Node#620	0.6887457462323773	0.0	0.6887457462323773		_
com.google.javascript.rhino.Token#String#name#?,int#181	0.6688138065143412	0.0	0.6688138065143412		_
com.google.javascript.jscomp.Compiler#void#reportCodeChange#?#2044	0.6667476908118619	0.0	0.6667476908118619		_
com.google.javascript.jscomp.RecentChange#void#reportChange#?#27	0.6667476908118619	0.0	0.6667476908118619		_
com.google.javascript.jscomp.CodeConsumer#void#appendOp#?,String,boolean#205	0.6317452600875061	0.0	0.6317452600875061		_
com.google.javascript.jscomp.CodeConsumer#void#addOp#?,String,boolean#209	0.6262761302868255	0.0	0.6262761302868255		_
com.google.javascript.jscomp.CodePrinter$CompactCodePrinter#void#maybeLineBreak#?#465	0.6167963052989791	0.0	0.6167963052989791		_
com.google.javascript.jscomp.CodeConsumer#void#endLine#?#93	0.6135148274185707	0.0	0.6135148274185707		_
com.google.javascript.jscomp.CodeGenerator#Context#getContextForNoInOperator#?,Context#1248	0.6047642197374818	0.0	0.6047642197374818		_
com.google.javascript.rhino.Node#boolean#isQualifiedName#?#1594	0.5909090909090908	0.0	0.5909090909090908		_
com.google.javascript.jscomp.LineNumberCheck#void#process#?,Node,Node#51	0.5713417598444337	0.0	0.5713417598444337		_
com.google.javascript.jscomp.NodeUtil#void#verifyScopeChanges#?,Map<Node,Node>,Node,boolean,AbstractCompiler#3345	0.5666018473505104	0.0	0.5666018473505104		_
com.google.javascript.jscomp.NodeUtil#void#visitPreOrder#?,Node,Visitor,Predicate<Node>#2788	0.5653864851725814	0.0	0.5653864851725814		_
com.google.javascript.jscomp.CodePrinter$CompactCodePrinter#void#maybeCutLine#?#491	0.5630772970345164	0.0	0.5630772970345164		_
com.google.javascript.rhino.testing.BaseJSTypeTestCase#void#addNativeProperties#?,JSTypeRegistry#233	0.5627126883811375	0.0	0.5627126883811375		_
com.google.javascript.rhino.testing.BaseJSTypeTestCase#void#addMethod#?,JSTypeRegistry,ObjectType,String,JSType#390	0.5627126883811375	0.0	0.5627126883811375		_
com.google.javascript.jscomp.AstValidator#void#validateExprStmt#?,Node#474	0.5619834710743802	0.0	0.5619834710743802		_
com.google.javascript.jscomp.LineNumberCheck#void#visit#?,NodeTraversal,Node,Node#68	0.5606465726786583	0.0	0.5606465726786583		_
com.google.javascript.jscomp.LineNumberCheck#?#LineNumberCheck#?,AbstractCompiler#40	0.5606465726786583	0.0	0.5606465726786583		_
com.google.javascript.jscomp.LineNumberCheck#boolean#shouldTraverse#?,NodeTraversal,Node,Node#58	0.5606465726786583	0.0	0.5606465726786583		_
com.google.javascript.rhino.Node#int#getChangeTime#?#1895	0.5604035002430725	0.0	0.5604035002430725		_
com.google.javascript.rhino.Node#Node#detachFromParent#?#1630	0.5495867768595042	0.0	0.5495867768595042		_
com.google.javascript.jscomp.CodeGenerator#void#addExpr#?,Node,int,Context#911	0.5422946037919301	0.0	0.5422946037919301		_
com.google.javascript.jscomp.NodeUtil#int#precedence#?,int#1190	0.5415653864851726	0.0	0.5415653864851726		_
com.google.javascript.jscomp.NodeUtil#int#precedenceWithDefault#?,int#1199	0.5415653864851726	0.0	0.5415653864851726		_
com.google.javascript.jscomp.AstValidator#void#validateRoot#?,Node#68	0.5404715605250365	0.0	0.5404715605250365		_
com.google.javascript.jscomp.NodeUtil#Map<Node,Node>#mapMainToClone#?,Node,Node#3322	0.5402284880894507	0.0	0.5402284880894507		_
com.google.javascript.jscomp.NodeUtil#void#mtocHelper#?,Map<Node,Node>,Node,Node#3330	0.5402284880894507	0.0	0.5402284880894507		_
com.google.javascript.jscomp.CodeConsumer#void#endStatement#?#133	0.534880894506563	0.0	0.534880894506563		_
com.google.javascript.jscomp.CodeGenerator#void#add#?,String#91	0.5336655323286339	0.0	0.5336655323286339		_
com.google.javascript.jscomp.CodeConsumer#void#addIdentifier#?,String#60	0.5336655323286339	0.0	0.5336655323286339		_
com.google.javascript.jscomp.CodeGenerator#void#addIdentifier#?,String#95	0.5333009236752553	0.0	0.5333009236752553		_
com.google.javascript.jscomp.CodeGenerator#String#identifierEscape#?,String#1170	0.5333009236752553	0.0	0.5333009236752553		_
com.google.javascript.rhino.Node#boolean#isEquivalentTo#?,Node#1488	0.5320855614973262	0.0	0.5320855614973262		_
com.google.javascript.rhino.Node#void#removeChild#?,Node#694	0.5319640252795332	0.0	0.5319640252795332		_
com.google.javascript.jscomp.NodeUtil#boolean#isLatin#?,String#2479	0.5317209528439475	0.0	0.5317209528439475		_
com.google.javascript.jscomp.CodePrinter$CompactCodePrinter#void#notePreferredLineBreak#?#510	0.5303840544482256	0.0	0.5303840544482256		_
com.google.javascript.jscomp.Compiler#String#toSource#?,Node#1809	0.5300194457948468	0.0	0.5300194457948468		_
com.google.javascript.jscomp.CodePrinter$CompactCodePrinter#void#append#?,String#444	0.529897909577054	0.0	0.529897909577054		_
com.google.javascript.jscomp.CodeConsumer#void#endStatement#?,boolean#137	0.5296548371414682	0.0	0.5296548371414682		_
com.google.javascript.rhino.Node#Node#getChildBefore#?,Node#547	0.524914924647545	0.0	0.524914924647545		_
com.google.javascript.jscomp.CodePrinter$MappedCodePrinter#char#getLastChar#?#207	0.5240641711229946	0.0	0.5240641711229946		_
com.google.javascript.jscomp.CodeConsumer#boolean#isWordChar#?,char#285	0.5233349538162373	0.0	0.5233349538162373		_
com.google.javascript.jscomp.CodeConsumer#void#add#?,String#180	0.5233349538162373	0.0	0.5233349538162373		_
com.google.javascript.jscomp.CodeConsumer#void#maybeEndStatement#?#151	0.5233349538162373	0.0	0.5233349538162373		_
com.google.javascript.rhino.jstype.JSTypeRegistry#FunctionType#createNativeFunctionType#?,JSType,Node#1386	0.5223626640738941	0.0	0.5223626640738941		_
com.google.javascript.rhino.jstype.UnknownType#?#UnknownType#?,JSTypeRegistry,boolean#56	0.5223626640738941	0.0	0.5223626640738941		_
com.google.javascript.rhino.jstype.StringType#?#StringType#?,JSTypeRegistry#52	0.5223626640738941	0.0	0.5223626640738941		_
com.google.javascript.rhino.jstype.JSTypeRegistry#void#register#?,JSType#639	0.5223626640738941	0.0	0.5223626640738941		_
com.google.javascript.rhino.jstype.JSTypeRegistry#void#registerNativeType#?,JSTypeNative,JSType#656	0.5223626640738941	0.0	0.5223626640738941		_
com.google.javascript.rhino.jstype.ErrorFunctionType#?#ErrorFunctionType#?,JSTypeRegistry,String#50	0.5223626640738941	0.0	0.5223626640738941		_
com.google.javascript.rhino.jstype.FunctionType#ArrowType#getInternalArrowType#?#332	0.5223626640738941	0.0	0.5223626640738941		_
com.google.javascript.rhino.jstype.AllType#?#AllType#?,JSTypeRegistry#52	0.5223626640738941	0.0	0.5223626640738941		_
com.google.javascript.rhino.jstype.FunctionBuilder#FunctionBuilder#forNativeType#?#141	0.5223626640738941	0.0	0.5223626640738941		_
com.google.javascript.rhino.jstype.JSTypeRegistry#void#resetForTypeCheck#?#274	0.5223626640738941	0.0	0.5223626640738941		_
com.google.javascript.rhino.jstype.FunctionType#void#setInstanceType#?,ObjectType#1079	0.5223626640738941	0.0	0.5223626640738941		_
com.google.javascript.rhino.jstype.NumberType#?#NumberType#?,JSTypeRegistry#52	0.5223626640738941	0.0	0.5223626640738941		_
com.google.javascript.rhino.jstype.JSTypeRegistry#ArrowType#createArrowType#?,Node#1123	0.5223626640738941	0.0	0.5223626640738941		_
com.google.javascript.rhino.jstype.JSTypeRegistry#?#JSTypeRegistry#?,ErrorReporter,boolean#224	0.5223626640738941	0.0	0.5223626640738941		_
com.google.javascript.rhino.jstype.JSTypeRegistry#FunctionType#createNativeFunctionTypeWithVarArgs#?,JSType,JSType#1183	0.5223626640738941	0.0	0.5223626640738941		_
com.google.javascript.rhino.jstype.JSTypeRegistry#void#initializeRegistry#?#613	0.5223626640738941	0.0	0.5223626640738941		_
com.google.javascript.rhino.jstype.NoObjectType#?#NoObjectType#?,JSTypeRegistry#66	0.5223626640738941	0.0	0.5223626640738941		_
com.google.javascript.rhino.jstype.BooleanType#?#BooleanType#?,JSTypeRegistry#52	0.5223626640738941	0.0	0.5223626640738941		_
com.google.javascript.rhino.jstype.NoResolvedType#?#NoResolvedType#?,JSTypeRegistry#58	0.5223626640738941	0.0	0.5223626640738941		_
com.google.javascript.rhino.jstype.NullType#?#NullType#?,JSTypeRegistry#53	0.5223626640738941	0.0	0.5223626640738941		_
com.google.javascript.rhino.jstype.NoType#?#NoType#?,JSTypeRegistry#64	0.5223626640738941	0.0	0.5223626640738941		_
com.google.javascript.rhino.jstype.ValueType#?#ValueType#?,JSTypeRegistry#48	0.5223626640738941	0.0	0.5223626640738941		_
com.google.javascript.rhino.jstype.VoidType#?#VoidType#?,JSTypeRegistry#53	0.5223626640738941	0.0	0.5223626640738941		_
com.google.javascript.rhino.jstype.JSTypeRegistry#void#initializeBuiltInTypes#?#283	0.5223626640738941	0.0	0.5223626640738941		_
com.google.javascript.rhino.jstype.JSTypeRegistry#Node#createOptionalParameters#?,JSType#1298	0.5219980554205153	0.0	0.5219980554205153		_
com.google.javascript.jscomp.RecentChange#void#reset#?#35	0.5219980554205153	0.0	0.5219980554205153		_
com.google.javascript.rhino.jstype.JSTypeRegistry#FunctionType#createFunctionTypeWithVarArgs#?,JSType,JSType#1170	0.5218765192027224	0.0	0.5218765192027224		_
com.google.javascript.jscomp.Compiler#String#toSource#?,Node,SourceMap,boolean#1817	0.5216334467671366	0.0	0.5216334467671366		_
com.google.javascript.jscomp.CompilerOptions#LanguageMode#getLanguageOut#?#1546	0.5216334467671366	0.0	0.5216334467671366		_
com.google.javascript.rhino.jstype.JSTypeRegistry#FunctionType#createFunctionType#?,JSType,boolean,JSType#1335	0.5215119105493438	0.0	0.5215119105493438		_
com.google.javascript.jscomp.CodePrinter$Builder#Builder#setTagAsStrict#?,boolean#620	0.5215119105493438	0.0	0.5215119105493438		_
com.google.javascript.rhino.jstype.JSTypeRegistry#FunctionType#createFunctionType#?,JSType,Node#1378	0.5205396208070006	0.0	0.5205396208070006		_
com.google.javascript.rhino.Node#String#checkTreeEquals#?,Node#1425	0.519931939718036	0.0	0.519931939718036		_
com.google.javascript.rhino.Node#NodeMismatch#checkTreeEqualsImpl#?,Node#1442	0.5193242586290714	0.0	0.5193242586290714		_
com.google.javascript.jscomp.AstValidator#void#validateName#?,Node#339	0.5192027224112785	0.0	0.5192027224112785		_
com.google.javascript.rhino.Node#Node#cloneTree#?#1716	0.5178658240155567	0.0	0.5178658240155567		_
com.google.javascript.rhino.Node#Node#cloneNode#?#1697	0.5172581429265921	0.0	0.5172581429265921		_
com.google.javascript.rhino.jstype.JSTypeRegistry#Node#createParametersWithVarArgs#?,JSType#1290	0.5162858531842489	0.0	0.5162858531842489		_
com.google.javascript.jscomp.CodePrinter$Builder#Builder#setSourceMap#?,SourceMap#612	0.516164316966456	0.0	0.516164316966456		_
com.google.javascript.jscomp.CompilerOptions#Object#clone#?#1562	0.5133689839572193	0.0	0.5133689839572193		_
com.google.javascript.jscomp.CodePrinter$Builder#Builder#setCompilerOptions#?,CompilerOptions#565	0.5133689839572193	0.0	0.5133689839572193		_
com.google.javascript.rhino.jstype.JSTypeRegistry#Node#createParameters#?,boolean,JSType#1314	0.5128828390860476	0.0	0.5128828390860476		_
com.google.javascript.jscomp.CodeConsumer#void#endFile#?#311	0.5106951871657754	0.0	0.5106951871657754		_
com.google.javascript.jscomp.CodePrinter$CompactCodePrinter#void#endFile#?#515	0.5106951871657754	0.0	0.5106951871657754		_
com.google.javascript.jscomp.CodePrinter$CompactCodePrinter#?#CompactCodePrinter#?,boolean,boolean,int,boolean,SourceMap.DetailLevel#434	0.5106951871657754	0.0	0.5106951871657754		_
com.google.javascript.jscomp.AstValidator#void#validateExpression#?,Node#155	0.5078998541565387	0.0	0.5078998541565387		_
com.google.javascript.jscomp.GoogleCodingConvention#?#GoogleCodingConvention#?,CodingConvention#48	0.5075352455031599	0.0	0.5075352455031599		_
com.google.javascript.jscomp.GoogleCodingConvention#?#GoogleCodingConvention#?#43	0.5075352455031599	0.0	0.5075352455031599		_
com.google.javascript.jscomp.AstValidator#void#validateNonEmptyString#?,Node#326	0.5064414195430238	0.0	0.5064414195430238		_
com.google.javascript.jscomp.AstValidator#void#validateNonNullString#?,Node#333	0.506198347107438	0.0	0.506198347107438		_
com.google.javascript.rhino.jstype.ObjectType#?#ObjectType#?,JSTypeRegistry#87	0.5058337384540593	0.0	0.5058337384540593		_
com.google.javascript.jscomp.CompilerOptions#void#setLanguageIn#?,LanguageMode#1537	0.504982984929509	0.0	0.504982984929509		_
com.google.javascript.jscomp.AstValidator#void#validateCodeRoot#?,Node#76	0.504861448711716	0.0	0.504861448711716		_
com.google.javascript.jscomp.AstValidator#void#validateIsSynthetic#?,Node#293	0.5046183762761303	0.0	0.5046183762761303		_
com.google.javascript.jscomp.CodePrinter#String#toSource#?,Node,Format,CompilerOptions,JSTypeRegistry,SourceMap,boolean#656	0.5042537676227516	0.0	0.5042537676227516		_
com.google.javascript.jscomp.CodePrinter$MappedCodePrinter#String#getCode#?#202	0.5042537676227516	0.0	0.5042537676227516		_
com.google.javascript.jscomp.CodePrinter$MappedCodePrinter#void#startSourceMapping#?,Node#91	0.5042537676227516	0.0	0.5042537676227516		_
com.google.javascript.jscomp.CodePrinter$Builder#?#Builder#?,Node#558	0.5042537676227516	0.0	0.5042537676227516		_
com.google.javascript.jscomp.CodeGenerator#?#CodeGenerator#?,CodeConsumer,CompilerOptions#67	0.5042537676227516	0.0	0.5042537676227516		_
com.google.javascript.jscomp.CodePrinter$Builder#String#build#?#628	0.5042537676227516	0.0	0.5042537676227516		_
com.google.javascript.jscomp.CodePrinter$MappedCodePrinter#?#MappedCodePrinter#?,int,boolean,SourceMap.DetailLevel#61	0.5042537676227516	0.0	0.5042537676227516		_
com.google.javascript.jscomp.CompilerOptions#Charset#getOutputCharset#?#1519	0.5042537676227516	0.0	0.5042537676227516		_
com.google.javascript.jscomp.CodePrinter$MappedCodePrinter#void#endSourceMapping#?,Node#114	0.5042537676227516	0.0	0.5042537676227516		_
com.google.javascript.jscomp.CodeGenerator#void#add#?,Node#99	0.5041322314049587	0.0	0.5041322314049587		_
com.google.javascript.jscomp.CodeGenerator#void#add#?,Node,Context#103	0.5041322314049587	0.0	0.5041322314049587		_
com.google.javascript.jscomp.CodeConsumer#boolean#continueProcessing#?#51	0.5041322314049587	0.0	0.5041322314049587		_
com.google.javascript.jscomp.NodeUtil#String#opToStr#?,int#2178	0.5029168692270296	0.0	0.5029168692270296		_
com.google.javascript.jscomp.AstValidator#?#AstValidator#?#48	0.5010938259601361	0.0	0.5010938259601361		_
com.google.javascript.jscomp.AstValidator#void#validateStatement#?,Node#93	0.5008507535245503	0.0	0.5008507535245503		_
com.google.javascript.jscomp.AstValidator#void#validateChildCount#?,Node,int#775	0.5004861448711716	0.0	0.5004861448711716		_
com.google.javascript.jscomp.AstValidator#void#validateHasInputId#?,Node#306	0.5003646086533787	0.0	0.5003646086533787		_
com.google.javascript.jscomp.AstValidator#void#validateScript#?,Node#84	0.5003646086533787	0.0	0.5003646086533787		_
com.google.javascript.jscomp.AstValidator#void#validateHasSourceName#?,Node#299	0.5003646086533787	0.0	0.5003646086533787		_
com.google.javascript.jscomp.AstValidator#void#validateNodeType#?,int,Node#767	0.5003646086533787	0.0	0.5003646086533787		_
com.google.javascript.rhino.jstype.FunctionType#void#setPrototypeBasedOn#?,ObjectType#395	0.4989061740398639	0.0	0.4989061740398639		_
com.google.javascript.rhino.jstype.BooleanType#String#toStringHelper#?,boolean#102	0.4984200291686923	0.0	0.4984200291686923		_
com.google.javascript.rhino.jstype.BooleanType#String#getDisplayName#?#107	0.4984200291686923	0.0	0.4984200291686923		_
com.google.javascript.jscomp.CompilerOptions#void#setCodingConvention#?,CodingConvention#1437	0.49623237724842006	0.0	0.49623237724842006		_
com.google.javascript.rhino.jstype.NullType#String#getDisplayName#?#108	0.49623237724842006	0.0	0.49623237724842006		_
com.google.javascript.rhino.jstype.NullType#String#toStringHelper#?,boolean#103	0.49623237724842006	0.0	0.49623237724842006		_
com.google.javascript.rhino.jstype.FunctionType#void#setPrototypeBasedOn#?,ObjectType,Node#399	0.4951385512882839	0.0	0.4951385512882839		_
com.google.javascript.rhino.jstype.FunctionBuilder#FunctionBuilder#withReturnType#?,JSType#96	0.4936801166747691	0.0	0.4936801166747691		_
com.google.javascript.rhino.jstype.VoidType#String#toStringHelper#?,boolean#95	0.4930724355858046	0.0	0.4930724355858046		_
com.google.javascript.rhino.jstype.VoidType#String#getDisplayName#?#100	0.4930724355858046	0.0	0.4930724355858046		_
com.google.javascript.rhino.Node$StringNode#boolean#isEquivalentTo#?,Node,boolean,boolean,boolean#229	0.49282936315021875	0.0	0.49282936315021875		_
com.google.javascript.rhino.Node#boolean#isEquivalentTo#?,Node,boolean,boolean,boolean#1513	0.4867525522605737	0.0	0.4867525522605737		_
com.google.javascript.rhino.jstype.TemplateTypeMap#TemplateTypeMap#addUnknownValues#?#289	0.48432182790471556	0.0	0.48432182790471556		_
com.google.javascript.rhino.jstype.JSType#void#extendTemplateTypeMap#?,TemplateTypeMap#464	0.48432182790471556	0.0	0.48432182790471556		_
com.google.javascript.rhino.jstype.TemplateTypeMap#TemplateTypeMap#extend#?,TemplateTypeMap#262	0.48432182790471556	0.0	0.48432182790471556		_
com.google.javascript.jscomp.CompilerOptions#boolean#isExternExportsEnabled#?#1505	0.48104035002430723	0.0	0.48104035002430723		_
com.google.javascript.jscomp.Compiler#void#hoistNoCompileFiles#?#1465	0.4748420029168692	0.0	0.4748420029168692		_
com.google.javascript.jscomp.Compiler#void#stopTracer#?,Tracer,String#968	0.473869713174526	0.0	0.473869713174526		_
com.google.javascript.jscomp.Compiler#Node#parseInputs#?#1295	0.473869713174526	0.0	0.473869713174526		_
com.google.javascript.jscomp.Compiler#void#hoistExterns#?,Node#1424	0.473869713174526	0.0	0.473869713174526		_
com.google.javascript.jscomp.Compiler#Tracer#newTracer#?,String#959	0.473869713174526	0.0	0.473869713174526		_
com.google.javascript.jscomp.Compiler#boolean#hasErrors#?#2197	0.473869713174526	0.0	0.473869713174526		_
com.google.javascript.jscomp.DependencyOptions#boolean#needsManagement#?#121	0.473869713174526	0.0	0.473869713174526		_
com.google.javascript.jscomp.CompilerOptions$TracerMode#boolean#isOn#?#2223	0.473869713174526	0.0	0.473869713174526		_
com.google.javascript.rhino.IR#Node#block#?,Node#102	0.4737481769567331	0.0	0.4737481769567331		_
com.google.javascript.rhino.IR#boolean#mayBeStatement#?,Node#538	0.47350510452114725	0.0	0.47350510452114725		_
com.google.javascript.rhino.IR#boolean#mayBeStatementNoReturn#?,Node#503	0.4732620320855615	0.0	0.4732620320855615		_
com.google.javascript.jscomp.Tracer#long#stop#?,int#407	0.47253281477880404	0.0	0.47253281477880404		_
com.google.javascript.jscomp.RecentChange#boolean#hasCodeChanged#?#31	0.47253281477880404	0.0	0.47253281477880404		_
com.google.javascript.jscomp.Tracer#long#stop#?#440	0.47253281477880404	0.0	0.47253281477880404		_
com.google.javascript.jscomp.Tracer#ThreadTrace#getThreadTrace#?#958	0.47241127856101117	0.0	0.47241127856101117		_
com.google.javascript.jscomp.Tracer$ThreadTrace#boolean#isInitialized#?#745	0.47241127856101117	0.0	0.47241127856101117		_
com.google.javascript.jscomp.Tracer#?#Tracer#?,String,String#235	0.47241127856101117	0.0	0.47241127856101117		_
com.google.javascript.jscomp.BasicErrorManager#int#getWarningCount#?#79	0.47107438016528924	0.0	0.47107438016528924		_
com.google.javascript.rhino.jstype.StringType#String#getDisplayName#?#96	0.4607438016528925	0.0	0.4607438016528925		_
com.google.javascript.rhino.jstype.StringType#String#toStringHelper#?,boolean#91	0.4607438016528925	0.0	0.4607438016528925		_
com.google.javascript.rhino.Node#String#getQualifiedName#?#1573	0.45855614973262027	0.0	0.45855614973262027		_
com.google.javascript.rhino.jstype.InstanceObjectType#String#toStringHelper#?,boolean#96	0.45430238210986873	0.0	0.45430238210986873		_
com.google.javascript.jscomp.Compiler#void#initCompilerOptionsIfTesting#?#1588	0.43546426835196894	0.0	0.43546426835196894		_
com.google.javascript.rhino.jstype.NumberType#String#toStringHelper#?,boolean#96	0.43048128342245995	0.0	0.43048128342245995		_
com.google.javascript.rhino.jstype.NumberType#String#getDisplayName#?#101	0.43048128342245995	0.0	0.43048128342245995		_
com.google.javascript.jscomp.LoggerErrorManager#?#LoggerErrorManager#?,MessageFormatter,Logger#35	0.4252552260573651	0.0	0.4252552260573651		_
com.google.javascript.jscomp.Compiler#?#Compiler#?#239	0.42489061740398637	0.0	0.42489061740398637		_
com.google.javascript.jscomp.parsing.IRFactory$TransformDispatcher#Node#processAssignment#?,Assignment#572	0.41917841516772003	0.0	0.41917841516772003		_
com.google.javascript.jscomp.ComposeWarningsGuard#?#ComposeWarningsGuard#?,WarningsGuard#82	0.4162615459406903	0.0	0.4162615459406903		_
com.google.javascript.jscomp.CompilerOptions#?#CompilerOptions#?#884	0.4162615459406903	0.0	0.4162615459406903		_
com.google.javascript.jscomp.parsing.IRFactory$TransformDispatcher#Node#processPropertyGet#?,PropertyGet#1010	0.41407389402041805	0.0	0.41407389402041805		_
com.google.javascript.jscomp.AbstractMessageFormatter#void#setColorize#?,boolean#35	0.4114000972289742	0.0	0.4114000972289742		_
com.google.javascript.jscomp.CompilerOptions#boolean#shouldColorizeErrorOutput#?#1396	0.4114000972289742	0.0	0.4114000972289742		_
com.google.javascript.jscomp.Compiler#MessageFormatter#createMessageFormatter#?#274	0.4114000972289742	0.0	0.4114000972289742		_
com.google.javascript.jscomp.Compiler#void#setErrorManager#?,ErrorManager#264	0.41115702479338845	0.0	0.41115702479338845		_
com.google.javascript.jscomp.AbstractMessageFormatter#?#AbstractMessageFormatter#?,SourceExcerptProvider#31	0.4109139523578026	0.0	0.4109139523578026		_
com.google.javascript.jscomp.LightweightMessageFormatter#?#LightweightMessageFormatter#?,SourceExcerptProvider,SourceExcerpt#48	0.4109139523578026	0.0	0.4109139523578026		_
com.google.javascript.jscomp.LightweightMessageFormatter#?#LightweightMessageFormatter#?,SourceExcerptProvider#43	0.4109139523578026	0.0	0.4109139523578026		_
com.google.javascript.jscomp.RhinoErrorReporter$NewRhinoErrorReporter#?#NewRhinoErrorReporter#?,AbstractCompiler#181	0.4107924161400097	0.0	0.4107924161400097		_
com.google.javascript.jscomp.RhinoErrorReporter#ErrorReporter#forOldRhino#?,AbstractCompiler#118	0.4107924161400097	0.0	0.4107924161400097		_
com.google.javascript.jscomp.RhinoErrorReporter#com.google.javascript.rhino.head.ErrorReporter#forNewRhino#?,AbstractCompiler#114	0.4107924161400097	0.0	0.4107924161400097		_
com.google.javascript.jscomp.RhinoErrorReporter$OldRhinoErrorReporter#?#OldRhinoErrorReporter#?,AbstractCompiler#161	0.4107924161400097	0.0	0.4107924161400097		_
com.google.javascript.jscomp.Compiler#?#Compiler#?,PrintStream#246	0.4107924161400097	0.0	0.4107924161400097		_
com.google.javascript.jscomp.RhinoErrorReporter#?#RhinoErrorReporter#?,AbstractCompiler#78	0.4107924161400097	0.0	0.4107924161400097		_
com.google.javascript.jscomp.RhinoErrorReporter#Pattern#replacePlaceHolders#?,String#73	0.4107924161400097	0.0	0.4107924161400097		_
com.google.javascript.jscomp.Compiler#void#addChangeHandler#?,CodeChangeHandler#1992	0.40957705396208066	0.0	0.40957705396208066		_
com.google.javascript.jscomp.parsing.IRFactory$TransformDispatcher#boolean#validAssignmentTarget#?,Node#1193	0.40921244530870204	0.0	0.40921244530870204		_
com.google.javascript.jscomp.PassFactory#?#PassFactory#?,String,boolean#37	0.40909090909090906	0.0	0.40909090909090906		_
com.google.javascript.jscomp.ClosureCodingConvention#?#ClosureCodingConvention#?#49	0.4053232863393291	0.0	0.4053232863393291		_
com.google.javascript.jscomp.ClosureCodingConvention#?#ClosureCodingConvention#?,CodingConvention#53	0.4053232863393291	0.0	0.4053232863393291		_
com.google.javascript.jscomp.CodingConventions$DefaultCodingConvention#Collection<String>#getIndirectlyDeclaredProperties#?#466	0.4053232863393291	0.0	0.4053232863393291		_
com.google.javascript.jscomp.CodingConventions$Proxy#?#Proxy#?,CodingConvention#59	0.4053232863393291	0.0	0.4053232863393291		_
com.google.javascript.jscomp.CodingConventions#CodingConvention#getDefault#?#41	0.4049586776859504	0.0	0.4049586776859504		_
com.google.javascript.jscomp.parsing.IRFactory#Node#transformNameAsString#?,Name#403	0.40374331550802134	0.0	0.40374331550802134		_
com.google.javascript.jscomp.parsing.IRFactory$TransformDispatcher#Node#transformAsString#?,AstNode#542	0.40034030140982013	0.0	0.40034030140982013		_
com.google.javascript.rhino.SimpleErrorReporter#String#getMessage0#?,String#108	0.393048128342246	0.0	0.393048128342246		_
com.google.javascript.rhino.SimpleErrorReporter#String#getMessage#?,String,Object[]#117	0.3919543023821098	0.0	0.3919543023821098		_
com.google.javascript.rhino.jstype.JSTypeRegistry#JSType#createNullableType#?,JSType#1061	0.38441905687894995	0.0	0.38441905687894995		_
com.google.javascript.jscomp.parsing.IRFactory$TransformDispatcher#Node#processInfixExpression#?,InfixExpression#856	0.37202236266407385	0.0	0.37202236266407385		_
com.google.javascript.rhino.jstype.JSType#String#toString#?#1421	0.3614487117160914	0.0	0.3614487117160914		_
com.google.javascript.rhino.Node#boolean#isExprResult#?#2291	0.3588964511424404	0.0	0.3588964511424404		_
com.google.javascript.jscomp.NodeUtil#boolean#isAssignmentOp#?,Node#1515	0.34589207583859993	0.0	0.34589207583859993		_
com.google.javascript.rhino.jstype.ObjectType#boolean#isImplicitPrototype#?,ObjectType#529	0.3114973262032086	0.0	0.3114973262032086		_
com.google.javascript.rhino.jstype.InstanceObjectType#boolean#defineProperty#?,String,JSType,boolean,Node#87	0.3054205153135634	0.0	0.3054205153135634		_
com.google.javascript.rhino.Node#boolean#isAssign#?#2227	0.3029897909577054	0.0	0.3029897909577054		_
com.google.javascript.rhino.jstype.ModificationVisitor#JSType#caseUnknownType#?#175	0.30116674769081186	0.0	0.30116674769081186		_
com.google.javascript.rhino.jstype.UnknownType#T#visit#?,Visitor<T>#107	0.29982984929508993	0.0	0.29982984929508993		_
com.google.javascript.rhino.jstype.ObjectType#boolean#defineDeclaredProperty#?,String,JSType,Node#285	0.2994652406417112	0.0	0.2994652406417112		_
com.google.javascript.rhino.jstype.PrototypeObjectType#FunctionType#getConstructor#?#280	0.29873602333495386	0.0	0.29873602333495386		_
com.google.javascript.rhino.jstype.PrototypeObjectType#boolean#defineProperty#?,String,JSType,boolean,Node#136	0.29824987846378226	0.0	0.29824987846378226		_
com.google.javascript.rhino.jstype.ObjectType#boolean#hasOwnDeclaredProperty#?,String#476	0.29824987846378226	0.0	0.29824987846378226		_
com.google.javascript.rhino.jstype.PropertyMap#void#putProperty#?,String,Property#192	0.29824987846378226	0.0	0.29824987846378226		_
com.google.javascript.rhino.jstype.FunctionParamBuilder#boolean#addVarArgs#?,JSType#94	0.2976421973748177	0.0	0.2976421973748177		_
com.google.javascript.rhino.Node#void#setVarArgs#?,boolean#1904	0.29739912493923193	0.0	0.29739912493923193		_
com.google.javascript.rhino.jstype.ObjectType#boolean#hasOwnProperty#?,String#444	0.29727758872143895	0.0	0.29727758872143895		_
com.google.javascript.rhino.jstype.PropertyMap#Property#getOwnProperty#?,String#147	0.2971560525036461	0.0	0.2971560525036461		_
com.google.javascript.rhino.jstype.ObjectType#Property#getOwnSlot#?,String#120	0.2971560525036461	0.0	0.2971560525036461		_
com.google.javascript.rhino.jstype.FunctionParamBuilder#boolean#addOptionalParams#?,JSType#79	0.29666990763247447	0.0	0.29666990763247447		_
com.google.javascript.rhino.jstype.TemplateType#?#TemplateType#?,JSTypeRegistry,String#53	0.2965483714146816	0.0	0.2965483714146816		_
com.google.javascript.rhino.Node#void#setOptionalArg#?,boolean#1922	0.29630529897909574	0.0	0.29630529897909574		_
com.google.javascript.rhino.jstype.ModificationVisitor#JSType#getNativeType#?,JSTypeNative#227	0.29606222654351	0.0	0.29606222654351		_
com.google.javascript.rhino.Node#boolean#isString#?#2399	0.2955760816723384	0.0	0.2955760816723384		_
com.google.javascript.rhino.jstype.JSTypeRegistry#ArrowType#createArrowType#?,Node,JSType#1113	0.2946037919299951	0.0	0.2946037919299951		_
com.google.javascript.rhino.jstype.AllType#boolean#isAllType#?#57	0.2939961108410306	0.0	0.2939961108410306		_
com.google.javascript.rhino.jstype.ArrowType#?#ArrowType#?,JSTypeRegistry,Node,JSType#63	0.29278074866310155	0.0	0.29278074866310155		_
com.google.javascript.rhino.jstype.InstanceObjectType#?#InstanceObjectType#?,JSTypeRegistry,FunctionType,boolean#59	0.2926592124453087	0.0	0.2926592124453087		_
com.google.javascript.rhino.jstype.FunctionParamBuilder#boolean#hasVarArgs#?#151	0.29229460379192995	0.0	0.29229460379192995		_
com.google.javascript.rhino.jstype.PrototypeObjectType#PropertyMap#getPropertyMap#?#130	0.29192999513855133	0.0	0.29192999513855133		_
com.google.javascript.rhino.jstype.TemplateTypeMap#TemplateTypeMap#addValues#?,ImmutableList<JSType>#273	0.29132231404958675	0.0	0.29132231404958675		_
com.google.javascript.rhino.jstype.TemplateTypeMapReplacer#?#TemplateTypeMapReplacer#?,JSTypeRegistry,TemplateTypeMap#61	0.2912007778317939	0.0	0.2912007778317939		_
com.google.javascript.rhino.jstype.TemplateTypeMap#?#TemplateTypeMap#?,JSTypeRegistry,ImmutableList<TemplateType>,ImmutableList<JSType>#71	0.2912007778317939	0.0	0.2912007778317939		_
com.google.javascript.rhino.jstype.JSTypeRegistry#void#register#?,JSType,String#643	0.29083616917841515	0.0	0.29083616917841515		_
com.google.javascript.rhino.jstype.JSTypeRegistry#JSType#createOptionalType#?,JSType#1033	0.2902284880894507	0.0	0.2902284880894507		_
com.google.javascript.rhino.jstype.ModificationVisitor#?#ModificationVisitor#?,JSTypeRegistry#58	0.28986387943607195	0.0	0.28986387943607195		_
com.google.javascript.jscomp.parsing.IRFactory#Node#newNode#?,int,Node,Node#1482	0.28889158969372875	0.0	0.28889158969372875		_
com.google.javascript.rhino.jstype.FunctionParamBuilder#boolean#addRequiredParams#?,JSType#62	0.28791929995138554	0.0	0.28791929995138554		_
com.google.javascript.rhino.jstype.FunctionParamBuilder#boolean#hasOptionalOrVarArgs#?#145	0.28791929995138554	0.0	0.28791929995138554		_
com.google.javascript.rhino.jstype.TemplateTypeMap#ImmutableList<T>#concatImmutableLists#?,ImmutableList<T>,ImmutableList<T>#308	0.28779776373359256	0.0	0.28779776373359256		_
com.google.javascript.rhino.jstype.ProxyObjectType#?#ProxyObjectType#?,JSTypeRegistry,JSType#62	0.28585318424890616	0.0	0.28585318424890616		_
com.google.javascript.rhino.jstype.FunctionParamBuilder#Node#newParameter#?,JSType#134	0.2841516771998055	0.0	0.2841516771998055		_
com.google.javascript.rhino.jstype.PrototypeObjectType#?#PrototypeObjectType#?,JSTypeRegistry,String,ObjectType#104	0.2840301409820126	0.0	0.2840301409820126		_
com.google.javascript.rhino.Node#boolean#hasChildren#?#531	0.28099173553719003	0.0	0.28099173553719003		_
com.google.javascript.rhino.jstype.ProxyObjectType#?#ProxyObjectType#?,JSTypeRegistry,JSType,TemplateTypeMap#67	0.28087019931939716	0.0	0.28087019931939716		_
com.google.javascript.rhino.jstype.ProxyObjectType#void#setReferencedType#?,JSType#86	0.28087019931939716	0.0	0.28087019931939716		_
com.google.javascript.rhino.Node#?#Node#?,int,Node,Node#376	0.2801409820126398	0.0	0.2801409820126398		_
com.google.javascript.rhino.jstype.JSTypeRegistry#void#addReferenceTypeIndexedByProperty#?,String,JSType#687	0.2792902284880895	0.0	0.2792902284880895		_
com.google.javascript.rhino.jstype.JSTypeRegistry#void#registerPropertyOnType#?,String,JSType#672	0.2792902284880895	0.0	0.2792902284880895		_
com.google.javascript.rhino.jstype.InstanceObjectType#boolean#isNominalType#?#152	0.2751579970831308	0.0	0.2751579970831308		_
com.google.javascript.rhino.jstype.TemplateTypeMap#int#numUnfilledTemplateKeys#?#125	0.2732134175984443	0.0	0.2732134175984443		_
com.google.javascript.rhino.jstype.FunctionBuilder#FunctionBuilder#withParamsNode#?,Node#90	0.2727272727272727	0.0	0.2727272727272727		_
com.google.javascript.rhino.jstype.NoType#boolean#isNoType#?#74	0.27211959163830823	0.0	0.27211959163830823		_
com.google.javascript.jscomp.Compiler#JSTypeRegistry#getTypeRegistry#?#1198	0.27163344676713663	0.0	0.27163344676713663		_
com.google.javascript.rhino.jstype.FunctionBuilder#?#FunctionBuilder#?,JSTypeRegistry#65	0.26859504132231404	0.0	0.26859504132231404		_
com.google.javascript.rhino.jstype.FunctionBuilder#FunctionType#build#?#160	0.26859504132231404	0.0	0.26859504132231404		_
com.google.javascript.rhino.jstype.InstanceObjectType#Iterable<ObjectType>#getCtorExtendedInterfaces#?#175	0.2677442877977637	0.0	0.2677442877977637		_
com.google.javascript.rhino.jstype.JSType#JSType#getNativeType#?,JSTypeNative#122	0.26507049100631985	0.0	0.26507049100631985		_
com.google.javascript.rhino.jstype.FunctionParamBuilder#?#FunctionParamBuilder#?,JSTypeRegistry#54	0.26409820126397665	0.0	0.26409820126397665		_
com.google.javascript.rhino.jstype.FunctionParamBuilder#Node#build#?#141	0.26409820126397665	0.0	0.26409820126397665		_
com.google.javascript.rhino.jstype.FunctionType#?#FunctionType#?,JSTypeRegistry,String,Node,ArrowType,JSType,TemplateTypeMap,boolean,boolean#137	0.2639766650461838	0.0	0.2639766650461838		_
com.google.javascript.rhino.jstype.FunctionType#Iterable<ObjectType>#getExtendedInterfaces#?#571	0.26312591152163345	0.0	0.26312591152163345		_
com.google.javascript.rhino.jstype.InstanceObjectType#int#hashCode#?#161	0.26312591152163345	0.0	0.26312591152163345		_
com.google.javascript.rhino.jstype.FunctionType#void#addSubType#?,FunctionType#1125	0.26312591152163345	0.0	0.26312591152163345		_
com.google.javascript.rhino.jstype.FunctionType#boolean#setPrototype#?,ObjectType,Node#432	0.2628828390860476	0.0	0.2628828390860476		_
com.google.javascript.rhino.jstype.FunctionType#boolean#setPrototypeNoCheck#?,ObjectType,Node#444	0.2628828390860476	0.0	0.2628828390860476		_
com.google.javascript.rhino.jstype.ArrowType#?#ArrowType#?,JSTypeRegistry,Node,JSType,boolean#68	0.2628828390860476	0.0	0.2628828390860476		_
com.google.javascript.rhino.jstype.PrototypeObjectType#void#setOwnerFunction#?,FunctionType#388	0.2628828390860476	0.0	0.2628828390860476		_
com.google.javascript.rhino.jstype.FunctionType#boolean#hasCachedValues#?#1163	0.2628828390860476	0.0	0.2628828390860476		_
com.google.javascript.rhino.jstype.FunctionType#FunctionType#getSuperClassConstructor#?#840	0.2627613028682547	0.0	0.2627613028682547		_
com.google.javascript.rhino.jstype.PrototypeObjectType#Iterable<ObjectType>#getCtorExtendedInterfaces#?#406	0.26118133203694704	0.0	0.26118133203694704		_
com.google.javascript.rhino.jstype.ObjectType#boolean#isFunctionPrototypeType#?#609	0.26105979581915406	0.0	0.26105979581915406		_
com.google.javascript.rhino.jstype.PrototypeObjectType#FunctionType#getOwnerFunction#?#394	0.26105979581915406	0.0	0.26105979581915406		_
com.google.javascript.rhino.jstype.FunctionType#boolean#hasInstanceType#?#1086	0.2594798249878464	0.0	0.2594798249878464		_
com.google.javascript.rhino.jstype.FunctionType#ObjectType#getInstanceType#?#1070	0.2594798249878464	0.0	0.2594798249878464		_
com.google.javascript.rhino.Node#boolean#hasOneChild#?#1389	0.2588721438988819	0.0	0.2588721438988819		_
com.google.javascript.rhino.jstype.Property#?#Property#?,String,JSType,boolean,Node#80	0.25753524550316	0.0	0.25753524550316		_
com.google.javascript.rhino.jstype.FunctionType#FunctionType#toMaybeFunctionType#?#256	0.257413709285367	0.0	0.257413709285367		_
com.google.javascript.rhino.jstype.JSType#boolean#isEmptyType#?#176	0.257413709285367	0.0	0.257413709285367		_
com.google.javascript.rhino.jstype.TemplateTypeMap#JSType#getResolvedTemplateType#?,TemplateType#178	0.25717063684978125	0.0	0.25717063684978125		_
com.google.javascript.rhino.jstype.InstanceObjectType#boolean#hasReferenceName#?#71	0.2570491006319884	0.0	0.2570491006319884		_
com.google.javascript.jscomp.Compiler#void#init#?,List<T1>,List<T2>,CompilerOptions#371	0.25668449197860965	0.0	0.25668449197860965		_
com.google.javascript.rhino.jstype.PrototypeObjectType#boolean#implicitPrototypeChainIsUnknown#?#365	0.25559066601847347	0.0	0.25559066601847347		_
com.google.javascript.jscomp.BasicErrorManager#JSError[]#getWarnings#?#89	0.25559066601847347	0.0	0.25559066601847347		_
com.google.javascript.jscomp.Compiler#JSError[]#getWarnings#?#1003	0.25559066601847347	0.0	0.25559066601847347		_
com.google.javascript.rhino.jstype.JSType#boolean#isNoObjectType#?#172	0.2554691298006806	0.0	0.2554691298006806		_
com.google.javascript.rhino.jstype.TemplateTypeMap#boolean#failedEquivalenceCheck#?,EquivalenceMatch,EquivalenceMethod#251	0.254982984929509	0.0	0.254982984929509		_
com.google.javascript.rhino.jstype.FunctionType#boolean#isConstructor#?#193	0.25425376762275154	0.0	0.25425376762275154		_
com.google.javascript.rhino.jstype.PrototypeObjectType#void#setPrettyPrint#?,boolean#271	0.2540106951871658	0.0	0.2540106951871658		_
com.google.javascript.rhino.jstype.JSTypeRegistry#FunctionType#getNativeFunctionType#?,JSTypeNative#946	0.2530384054448226	0.0	0.2530384054448226		_
com.google.javascript.jscomp.Compiler#void#checkFirstModule#?,List<JSModule>#460	0.25279533300923673	0.0	0.25279533300923673		_
com.google.javascript.jscomp.Compiler#void#initBasedOnOptions#?#431	0.25279533300923673	0.0	0.25279533300923673		_
com.google.javascript.jscomp.Compiler#List<CompilerInput>#makeCompilerInput#?,List<T>,boolean#440	0.25279533300923673	0.0	0.25279533300923673		_
com.google.javascript.jscomp.Compiler#void#initInputsByIdMap#?#533	0.25279533300923673	0.0	0.25279533300923673		_
com.google.javascript.jscomp.Compiler#List<CompilerInput>#getAllInputsFromModules#?,List<JSModule>#506	0.25279533300923673	0.0	0.25279533300923673		_
com.google.javascript.jscomp.Compiler#void#fillEmptyModules#?,List<JSModule>#482	0.25279533300923673	0.0	0.25279533300923673		_
com.google.javascript.jscomp.Compiler#void#initModules#?,List<T>,List<JSModule>,CompilerOptions#397	0.25279533300923673	0.0	0.25279533300923673		_
com.google.javascript.jscomp.JSModule#?#JSModule#?,String#62	0.25267379679144386	0.0	0.25267379679144386		_
com.google.javascript.jscomp.JSModule#void#add#?,SourceFile#93	0.25230918813806513	0.0	0.25230918813806513		_
com.google.javascript.jscomp.JSModule#void#add#?,CompilerInput#103	0.2520661157024794	0.0	0.2520661157024794		_
com.google.javascript.jscomp.CompilerInput#void#setModule#?,JSModule#325	0.2520661157024794	0.0	0.2520661157024794		_
com.google.javascript.rhino.jstype.PrototypeObjectType#boolean#isSubtype#?,JSType#317	0.2520661157024794	0.0	0.2520661157024794		_
com.google.javascript.jscomp.JSModule#List<CompilerInput>#getInputs#?#204	0.25182304326689353	0.0	0.25182304326689353		_
com.google.javascript.rhino.Node$IntPropListItem#int#getIntValue#?#336	0.2509722897423432	0.0	0.2509722897423432		_
com.google.javascript.jscomp.CompilerInput#String#getName#?#100	0.25085075352455033	0.0	0.25085075352455033		_
com.google.javascript.rhino.jstype.InstanceObjectType#ObjectType#getImplicitPrototype#?#76	0.24987846378220713	0.0	0.24987846378220713		_
com.google.javascript.rhino.jstype.PrototypeObjectType#void#setImplicitPrototype#?,ObjectType#295	0.24963539134662127	0.0	0.24963539134662127		_
com.google.javascript.rhino.jstype.PrototypeObjectType#?#PrototypeObjectType#?,JSTypeRegistry,String,ObjectType,boolean,TemplateTypeMap#114	0.24963539134662127	0.0	0.24963539134662127		_
com.google.javascript.rhino.jstype.PropertyMap#void#setParentSource#?,ObjectType#91	0.24963539134662127	0.0	0.24963539134662127		_
com.google.javascript.rhino.jstype.PropertyMap#?#PropertyMap#?,Map<String,Property>#83	0.24963539134662127	0.0	0.24963539134662127		_
com.google.javascript.rhino.jstype.PrototypeObjectType#boolean#hasCachedValues#?#377	0.24963539134662127	0.0	0.24963539134662127		_
com.google.javascript.rhino.jstype.ObjectType#boolean#hasCachedValues#?#584	0.24963539134662127	0.0	0.24963539134662127		_
com.google.javascript.rhino.jstype.PropertyMap#?#PropertyMap#?#79	0.24963539134662127	0.0	0.24963539134662127		_
com.google.javascript.rhino.jstype.PrototypeObjectType#boolean#isNativeObjectType#?#383	0.24914924647544967	0.0	0.24914924647544967		_
com.google.javascript.rhino.InputId#String#getIdName#?#55	0.24842002916869232	0.0	0.24842002916869232		_
com.google.javascript.rhino.jstype.PrototypeObjectType#boolean#hasReferenceName#?#312	0.2479338842975206	0.0	0.2479338842975206		_
com.google.javascript.rhino.jstype.JSTypeRegistry#JSType#createUnionType#?,JSType#1077	0.24671852211959167	0.0	0.24671852211959167		_
com.google.javascript.rhino.jstype.InstanceObjectType#String#getReferenceName#?#66	0.24623237724842006	0.0	0.24623237724842006		_
com.google.javascript.rhino.Node#boolean#isGetProp#?#2315	0.24526008750607686	0.0	0.24526008750607686		_
com.google.javascript.rhino.jstype.JSTypeRegistry#ObjectType#getNativeObjectType#?,JSTypeNative#942	0.24477394263490515	0.0	0.24477394263490515		_
com.google.javascript.rhino.jstype.ObjectType#boolean#isUnknownType#?#553	0.24416626154594068	0.0	0.24416626154594068		_
com.google.javascript.rhino.jstype.FunctionType#boolean#isInterface#?#198	0.24368011667476908	0.0	0.24368011667476908		_
com.google.javascript.rhino.jstype.FunctionType#ObjectType#getPrototype#?#366	0.2430724355858046	0.0	0.2430724355858046		_
com.google.javascript.rhino.jstype.Property#JSType#getType#?#113	0.24222168206125427	0.0	0.24222168206125427		_
com.google.javascript.rhino.IR#Node#block#?#91	0.24197860962566842	0.0	0.24197860962566842		_
com.google.javascript.rhino.jstype.JSType#int#hashCode#?#653	0.24124939231891107	0.0	0.24124939231891107		_
com.google.javascript.rhino.jstype.ObjectType#?#ObjectType#?,JSTypeRegistry,TemplateTypeMap#91	0.24100631988332522	0.0	0.24100631988332522		_
com.google.javascript.rhino.jstype.PrototypeObjectType#ObjectType#getImplicitPrototype#?#285	0.24100631988332522	0.0	0.24100631988332522		_
com.google.javascript.rhino.jstype.InstanceObjectType#FunctionType#getConstructor#?#81	0.24088478366553234	0.0	0.24088478366553234		_
com.google.javascript.rhino.jstype.UnionType#?#UnionType#?,JSTypeRegistry,Collection<JSType>#79	0.24039863879436074	0.0	0.24039863879436074		_
com.google.javascript.rhino.jstype.UnionTypeBuilder#Collection<JSType>#getAlternateListCopy#?#326	0.24039863879436074	0.0	0.24039863879436074		_
com.google.javascript.rhino.jstype.JSType#boolean#isSubtype#?,JSType#1229	0.240034030140982	0.0	0.240034030140982		_
com.google.javascript.rhino.jstype.JSType#boolean#hasAnyTemplateTypesInternal#?#449	0.23894020418084594	0.0	0.23894020418084594		_
com.google.javascript.rhino.jstype.JSType#boolean#hasAnyTemplateTypes#?#437	0.23894020418084594	0.0	0.23894020418084594		_
com.google.javascript.rhino.jstype.TemplateTypeMap#boolean#hasAnyTemplateTypesInternal#?#321	0.23894020418084594	0.0	0.23894020418084594		_
com.google.javascript.rhino.jstype.PrototypeObjectType#String#getReferenceName#?#301	0.23894020418084594	0.0	0.23894020418084594		_
com.google.javascript.rhino.jstype.JSTypeRegistry#TemplateType#getObjectElementKey#?#238	0.2385755955274672	0.0	0.2385755955274672		_
com.google.javascript.rhino.jstype.UnknownType#boolean#isSubtype#?,JSType#102	0.23796791443850263	0.0	0.23796791443850263		_
com.google.javascript.rhino.jstype.TemplateTypeMap#JSType#getTemplateType#?,TemplateType#149	0.23784637822070975	0.0	0.23784637822070975		_
com.google.javascript.rhino.Node#void#setJSType#?,JSType#1839	0.23675255226057368	0.0	0.23675255226057368		_
com.google.javascript.jscomp.parsing.IRFactory$TransformDispatcher#Node#processExpressionStatement#?,ExpressionStatement#711	0.23638794360719495	0.0	0.23638794360719495		_
com.google.javascript.rhino.jstype.UnionTypeBuilder#?#UnionTypeBuilder#?,JSTypeRegistry#99	0.23578026251823048	0.0	0.23578026251823048		_
com.google.javascript.rhino.jstype.UnionTypeBuilder#JSType#reduceAlternatesWithoutUnion#?#288	0.2356587263004375	0.0	0.2356587263004375		_
com.google.javascript.rhino.jstype.UnionTypeBuilder#JSType#build#?#316	0.2356587263004375	0.0	0.2356587263004375		_
com.google.javascript.rhino.jstype.JSType#boolean#isNominalType#?#488	0.23541565386485175	0.0	0.23541565386485175		_
com.google.javascript.rhino.jstype.JSType#boolean#isUnknownType#?#257	0.2351725814292659	0.0	0.2351725814292659		_
com.google.javascript.rhino.jstype.JSType#boolean#isExemptFromTemplateTypeInvariance#?,JSType#1303	0.2346864365580943	0.0	0.2346864365580943		_
com.google.javascript.rhino.jstype.JSType#TemplatizedType#toMaybeTemplatizedType#?#407	0.23456490034030142	0.0	0.23456490034030142		_
com.google.javascript.rhino.jstype.JSType#boolean#isTemplatizedType#?#399	0.23456490034030142	0.0	0.23456490034030142		_
com.google.javascript.rhino.jstype.TemplateTypeMap#int#getTemplateTypeIndex#?,TemplateType#168	0.23432182790471556	0.0	0.23432182790471556		_
com.google.javascript.rhino.jstype.JSType#boolean#isSubtypeHelper#?,JSType,JSType#1237	0.2342002916869227	0.0	0.2342002916869227		_
com.google.javascript.rhino.jstype.JSType#?#JSType#?,JSTypeRegistry#108	0.23359261059795822	0.0	0.23359261059795822		_
com.google.javascript.rhino.jstype.UnionTypeBuilder#?#UnionTypeBuilder#?,JSTypeRegistry,int#103	0.2332280019445795	0.0	0.2332280019445795		_
com.google.javascript.rhino.jstype.UnionTypeBuilder#UnionTypeBuilder#addAlternate#?,JSType#120	0.23249878463782203	0.0	0.23249878463782203		_
com.google.javascript.rhino.jstype.JSType#boolean#isNoResolvedType#?#168	0.23201263976665043	0.0	0.23201263976665043		_
com.google.javascript.rhino.jstype.TemplateTypeMap#ImmutableList<TemplateType>#getTemplateKeys#?#103	0.23104035002430723	0.0	0.23104035002430723		_
com.google.javascript.rhino.jstype.JSType#RecordType#toMaybeRecordType#?#395	0.23104035002430723	0.0	0.23104035002430723		_
com.google.javascript.rhino.jstype.TemplateTypeMap#boolean#checkEquivalenceHelper#?,TemplateTypeMap,EquivalenceMethod#197	0.23104035002430723	0.0	0.23104035002430723		_
com.google.javascript.rhino.jstype.JSType#boolean#isRecordType#?#387	0.23091881380651436	0.0	0.23091881380651436		_
com.google.javascript.rhino.jstype.JSType#FunctionType#toMaybeFunctionType#?#350	0.22897423432182795	0.0	0.22897423432182795		_
com.google.javascript.rhino.jstype.JSType#TemplateTypeMap#getTemplateTypeMap#?#456	0.22860962566844922	0.0	0.22860962566844922		_
com.google.javascript.rhino.jstype.JSType#boolean#isAllType#?#253	0.22848808945065635	0.0	0.22848808945065635		_
com.google.javascript.rhino.jstype.JSType#ObjectType#toObjectType#?#772	0.22848808945065635	0.0	0.22848808945065635		_
com.google.javascript.rhino.jstype.JSType#boolean#isNoType#?#164	0.22800194457948464	0.0	0.22800194457948464		_
com.google.javascript.rhino.jstype.JSType#boolean#isFunctionType#?#334	0.2272727272727273	0.0	0.2272727272727273		_
com.google.javascript.rhino.jstype.JSType#boolean#isUnionType#?#265	0.22702965483714144	0.0	0.22702965483714144		_
com.google.javascript.rhino.jstype.JSType#UnionType#toMaybeUnionType#?#324	0.22702965483714144	0.0	0.22702965483714144		_
com.google.javascript.rhino.jstype.JSType#?#JSType#?,JSTypeRegistry,TemplateTypeMap#112	0.2263004375303841	0.0	0.2263004375303841		_
com.google.javascript.rhino.jstype.JSTypeRegistry#TemplateTypeMap#createTemplateTypeMap#?,ImmutableList<TemplateType>,ImmutableList<JSType>#1524	0.2263004375303841	0.0	0.2263004375303841		_
com.google.javascript.rhino.jstype.JSTypeRegistry#JSType#getNativeType#?,JSTypeNative#938	0.2192513368983957	0.0	0.2192513368983957		_
com.google.javascript.rhino.jstype.JSType#boolean#isEquivalentTo#?,JSType#543	0.21840058337384538	0.0	0.21840058337384538		_
com.google.javascript.rhino.jstype.JSType#boolean#checkEquivalenceHelper#?,JSType,EquivalenceMethod#571	0.21815751093825964	0.0	0.21815751093825964		_
com.google.javascript.jscomp.Compiler#JSError[]#getErrors#?#996	0.21645600388915898	0.0	0.21645600388915898		_
com.google.javascript.jscomp.BasicErrorManager#JSError[]#getErrors#?#84	0.2163344676713661	0.0	0.2163344676713661		_
com.google.javascript.jscomp.BasicErrorManager#JSError[]#toArray#?,CheckLevel#103	0.21426835196888672	0.0	0.21426835196888672		_
com.google.javascript.rhino.Node#boolean#isVar#?#2431	0.2019931939718036	0.0	0.2019931939718036		_
com.google.javascript.rhino.Node#boolean#getBooleanProp#?,int#817	0.19676713660670875	0.0	0.19676713660670875		_
com.google.javascript.jscomp.WarningsGuard#int#getPriority#?#82	0.19324258629071467	0.0	0.19324258629071467		_
com.google.javascript.jscomp.CompilerOptions#void#setWarningLevel#?,DiagnosticGroup,CheckLevel#1175	0.19324258629071467	0.0	0.19324258629071467		_
com.google.javascript.jscomp.CompilerOptions#void#addWarningsGuard#?,WarningsGuard#1201	0.19324258629071467	0.0	0.19324258629071467		_
com.google.javascript.jscomp.Compiler#void#initOptions#?,CompilerOptions#283	0.19020418084589208	0.0	0.19020418084589208		_
com.google.javascript.jscomp.SuppressDocWarningsGuard#?#SuppressDocWarningsGuard#?,Map<String,DiagnosticGroup>#40	0.19020418084589208	0.0	0.19020418084589208		_
com.google.javascript.jscomp.DiagnosticGroups#Map<String,DiagnosticGroup>#getRegisteredGroups#?#63	0.19020418084589208	0.0	0.19020418084589208		_
com.google.javascript.jscomp.SuppressDocWarningsGuard#int#getPriority#?#104	0.19020418084589208	0.0	0.19020418084589208		_
com.google.javascript.jscomp.Compiler#void#reconcileOptionsWithGuards#?#313	0.19020418084589208	0.0	0.19020418084589208		_
com.google.javascript.jscomp.CompilerOptions#WarningsGuard#getWarningsGuard#?#1179	0.19020418084589208	0.0	0.19020418084589208		_
com.google.javascript.jscomp.ComposeWarningsGuard#void#addGuard#?,WarningsGuard#86	0.18996110841030622	0.0	0.18996110841030622		_
com.google.javascript.rhino.Node#int#getIntProp#?,int#825	0.18996110841030622	0.0	0.18996110841030622		_
com.google.javascript.jscomp.Compiler#DiagnosticGroups#getDiagnosticGroups#?#2124	0.18996110841030622	0.0	0.18996110841030622		_
com.google.javascript.jscomp.DiagnosticGroupWarningsGuard#?#DiagnosticGroupWarningsGuard#?,DiagnosticGroup,CheckLevel#30	0.18996110841030622	0.0	0.18996110841030622		_
com.google.javascript.jscomp.ComposeWarningsGuard$GuardComparator#int#compare#?,WarningsGuard,WarningsGuard#61	0.18996110841030622	0.0	0.18996110841030622		_
com.google.javascript.jscomp.DiagnosticGroups#?#DiagnosticGroups#?#33	0.18983957219251335	0.0	0.18983957219251335		_
com.google.javascript.rhino.Node#boolean#isName#?#2347	0.18947496353913462	0.0	0.18947496353913462		_
com.google.javascript.jscomp.ComposeWarningsGuard#void#addGuards#?,Iterable<WarningsGuard>#103	0.18923189110354888	0.0	0.18923189110354888		_
com.google.javascript.jscomp.ComposeWarningsGuard#?#ComposeWarningsGuard#?,List<WarningsGuard>#78	0.18923189110354888	0.0	0.18923189110354888		_
com.google.javascript.jscomp.ComposeWarningsGuard$GuardComparator#?#GuardComparator#?,Map<WarningsGuard,Integer>#56	0.18923189110354888	0.0	0.18923189110354888		_
com.google.javascript.jscomp.DiagnosticGroupWarningsGuard#boolean#enables#?,DiagnosticGroup#46	0.1762275157997083	0.0	0.1762275157997083		_
com.google.javascript.jscomp.DiagnosticGroup#boolean#matches#?,DiagnosticType#109	0.17610597958191543	0.0	0.17610597958191543		_
com.google.javascript.jscomp.DiagnosticType#boolean#equals#?,Object#112	0.17586290714632957	0.0	0.17586290714632957		_
com.google.javascript.jscomp.DiagnosticGroup#Iterable<DiagnosticType>#getTypes#?#128	0.17258142926592124	0.0	0.17258142926592124		_
com.google.javascript.jscomp.ComposeWarningsGuard#boolean#enables#?,DiagnosticGroup#148	0.17258142926592124	0.0	0.17258142926592124		_
com.google.javascript.jscomp.CompilerOptions#boolean#enables#?,DiagnosticGroup#1160	0.17258142926592124	0.0	0.17258142926592124		_
com.google.javascript.rhino.Node#Node#getParent#?#1319	0.1712445308701993	0.0	0.1712445308701993		_
com.google.javascript.jscomp.Compiler#int#getErrorCount#?#2172	0.1702722411278561	0.0	0.1702722411278561		_
com.google.javascript.rhino.Node#boolean#isFunction#?#2303	0.1663830821584832	0.0	0.1663830821584832		_
com.google.javascript.jscomp.CompilerInput#Node#getAstRoot#?,AbstractCompiler#116	0.16358774914924645	0.0	0.16358774914924645		_
com.google.javascript.jscomp.Compiler#CompilerInput#putCompilerInput#?,InputId,CompilerInput#1093	0.16358774914924645	0.0	0.16358774914924645		_
com.google.javascript.jscomp.CompilerInput#InputId#getInputId#?#94	0.1633446767136607	0.0	0.1633446767136607		_
com.google.javascript.jscomp.JsAst#InputId#getInputId#?#66	0.16298006806028198	0.0	0.16298006806028198		_
com.google.javascript.jscomp.CompilerInput#?#CompilerInput#?,SourceFile,boolean#88	0.16298006806028198	0.0	0.16298006806028198		_
com.google.javascript.jscomp.SourceFile#void#setIsExtern#?,boolean#185	0.16298006806028198	0.0	0.16298006806028198		_
com.google.javascript.jscomp.CompilerInput#void#setCompiler#?,AbstractCompiler#147	0.16298006806028198	0.0	0.16298006806028198		_
com.google.javascript.jscomp.CompilerInput#?#CompilerInput#?,SourceAst,boolean#65	0.16298006806028198	0.0	0.16298006806028198		_
com.google.javascript.jscomp.CompilerInput#?#CompilerInput#?,SourceFile#84	0.16298006806028198	0.0	0.16298006806028198		_
com.google.javascript.jscomp.CompilerInput#?#CompilerInput#?,SourceAst,InputId,boolean#73	0.1628585318424891	0.0	0.1628585318424891		_
com.google.javascript.rhino.InputId#int#hashCode#?#60	0.1623723869713175	0.0	0.1623723869713175		_
com.google.javascript.jscomp.JsAst#SourceFile#getSourceFile#?#71	0.1623723869713175	0.0	0.1623723869713175		_
com.google.javascript.jscomp.parsing.IRFactory#int#transformTokenType#?,int#1291	0.1614000972289742	0.0	0.1614000972289742		_
com.google.javascript.jscomp.PrepareAst#?#PrepareAst#?,AbstractCompiler#39	0.16018473505104525	0.0	0.16018473505104525		_
com.google.javascript.jscomp.PrepareAst$PrepareAnnotations#boolean#shouldTraverse#?,NodeTraversal,Node,Node#124	0.16018473505104525	0.0	0.16018473505104525		_
com.google.javascript.jscomp.PrepareAst$PrepareAnnotations#?#PrepareAnnotations#?#120	0.16018473505104525	0.0	0.16018473505104525		_
com.google.javascript.rhino.Node#boolean#isObjectLit#?#2371	0.16018473505104525	0.0	0.16018473505104525		_
com.google.javascript.jscomp.Compiler#void#prepareAst#?,Node#1966	0.16018473505104525	0.0	0.16018473505104525		_
com.google.javascript.jscomp.PrepareAst#?#PrepareAst#?,AbstractCompiler,boolean#43	0.16018473505104525	0.0	0.16018473505104525		_
com.google.javascript.jscomp.PrepareAst#void#process#?,Node,Node#55	0.16018473505104525	0.0	0.16018473505104525		_
com.google.javascript.jscomp.PrepareAst$PrepareAnnotations#void#visit#?,NodeTraversal,Node,Node#132	0.16018473505104525	0.0	0.16018473505104525		_
com.google.javascript.rhino.Node$IntPropListItem#PropListItem#chain#?,PropListItem#351	0.16006319883325226	0.0	0.16006319883325226		_
com.google.javascript.rhino.Node#int#getChildCount#?#1403	0.1599416626154594	0.0	0.1599416626154594		_
com.google.javascript.jscomp.Compiler#ErrorReporter#getDefaultErrorReporter#?#1615	0.15872630043753033	0.0	0.15872630043753033		_
com.google.javascript.jscomp.JsAst#Node#getAstRoot#?,AbstractCompiler#48	0.15872630043753033	0.0	0.15872630043753033		_
com.google.javascript.jscomp.Compiler#boolean#acceptConstKeyword#?#2079	0.15872630043753033	0.0	0.15872630043753033		_
com.google.javascript.jscomp.Compiler#Config#getParserConfig#?#2084	0.15872630043753033	0.0	0.15872630043753033		_
com.google.javascript.jscomp.NodeTraversal#String#getSourceName#?,Node#691	0.15872630043753033	0.0	0.15872630043753033		_
com.google.javascript.jscomp.Compiler#void#setOldParseTree#?,String,AstRoot#2603	0.15872630043753033	0.0	0.15872630043753033		_
com.google.javascript.jscomp.JsAst#void#parse#?,AbstractCompiler#81	0.15872630043753033	0.0	0.15872630043753033		_
com.google.javascript.jscomp.Compiler#boolean#hasHaltingErrors#?#2184	0.15824015556635873	0.0	0.15824015556635873		_
com.google.javascript.jscomp.JsAst#?#JsAst#?,SourceFile#41	0.157997083130773	0.0	0.157997083130773		_
com.google.javascript.rhino.Node#String#getSourceFileName#?#1099	0.15763247447739426	0.0	0.15763247447739426		_
com.google.javascript.jscomp.SourceFile#String#getCode#?#131	0.1573894020418085	0.0	0.1573894020418085		_
com.google.javascript.jscomp.Compiler#boolean#isIdeMode#?#2058	0.15714632960622266	0.0	0.15714632960622266		_
com.google.javascript.jscomp.CompilerOptions#LanguageMode#getLanguageIn#?#1542	0.15714632960622266	0.0	0.15714632960622266		_
com.google.javascript.jscomp.NodeTraversal#void#traverse#?,AbstractCompiler,Node,Callback#492	0.15653864851725818	0.0	0.15653864851725818		_
com.google.javascript.jscomp.NodeTraversal#boolean#hasScope#?#679	0.15653864851725818	0.0	0.15653864851725818		_
com.google.javascript.jscomp.NodeTraversal#void#traverse#?,Node#280	0.15653864851725818	0.0	0.15653864851725818		_
com.google.javascript.jscomp.NodeTraversal#void#traverseBranch#?,Node,Node#515	0.15653864851725818	0.0	0.15653864851725818		_
com.google.javascript.jscomp.NodeTraversal#void#popScope#?#616	0.15653864851725818	0.0	0.15653864851725818		_
com.google.javascript.jscomp.NodeUtil#InputId#getInputId#?,Node#2928	0.15653864851725818	0.0	0.15653864851725818		_
com.google.javascript.jscomp.Compiler#void#setScope#?,Node#2002	0.15653864851725818	0.0	0.15653864851725818		_
com.google.javascript.jscomp.NodeTraversal#void#pushScope#?,Node#594	0.15653864851725818	0.0	0.15653864851725818		_
com.google.javascript.jscomp.NodeTraversal#?#NodeTraversal#?,AbstractCompiler,Callback#230	0.1564171122994652	0.0	0.1564171122994652		_
com.google.javascript.rhino.Node#Node#getLastChild#?#539	0.1564171122994652	0.0	0.1564171122994652		_
com.google.javascript.rhino.Node#InputId#getInputId#?#1119	0.1564171122994652	0.0	0.1564171122994652		_
com.google.javascript.jscomp.NodeTraversal#?#NodeTraversal#?,AbstractCompiler,Callback,ScopeCreator#239	0.1564171122994652	0.0	0.1564171122994652		_
com.google.javascript.jscomp.SyntacticScopeCreator#?#SyntacticScopeCreator#?,AbstractCompiler#55	0.15617403986387945	0.0	0.15617403986387945		_
com.google.javascript.jscomp.BasicErrorManager#int#getErrorCount#?#74	0.15532328633932913	0.0	0.15532328633932913		_
com.google.javascript.rhino.Node#boolean#isScript#?#2391	0.15435099659698592	0.0	0.15435099659698592		_
com.google.javascript.jscomp.SourceFile#String#getName#?#174	0.15131259115216333	0.0	0.15131259115216333		_
com.google.javascript.jscomp.SourceFile#void#setCode#?,String#147	0.1510695187165776	0.0	0.1510695187165776		_
com.google.javascript.jscomp.SourceFile#void#setOriginalPath#?,String#155	0.1510695187165776	0.0	0.1510695187165776		_
com.google.javascript.jscomp.SourceFile$Preloaded#?#Preloaded#?,String,String,String#421	0.1510695187165776	0.0	0.1510695187165776		_
com.google.javascript.jscomp.SourceFile$Builder#?#Builder#?#368	0.1510695187165776	0.0	0.1510695187165776		_
com.google.javascript.jscomp.SourceFile#SourceFile#fromCode#?,String,String#322	0.1510695187165776	0.0	0.1510695187165776		_
com.google.javascript.jscomp.SourceFile#Builder#builder#?#354	0.1510695187165776	0.0	0.1510695187165776		_
com.google.javascript.jscomp.SourceFile$Builder#SourceFile#buildFromCode#?,String,String#390	0.1510695187165776	0.0	0.1510695187165776		_
com.google.javascript.jscomp.SourceFile#?#SourceFile#?,String#81	0.1509479824987846	0.0	0.1509479824987846		_
com.google.javascript.jscomp.parsing.IRFactory$TransformDispatcher#Node#processName#?,Name#903	0.14985415653864853	0.0	0.14985415653864853		_
com.google.javascript.jscomp.parsing.IRFactory$TransformDispatcher#boolean#isReservedKeyword#?,String#924	0.14985415653864853	0.0	0.14985415653864853		_
com.google.javascript.jscomp.parsing.IRFactory$TransformDispatcher#Node#processName#?,Name,boolean#907	0.1490034030140982	0.0	0.1490034030140982		_
com.google.javascript.jscomp.parsing.IRFactory#Node#newStringNode#?,int,String#1494	0.14888186679630533	0.0	0.14888186679630533		_
com.google.javascript.jscomp.parsing.ParserRunner$ParseResult#?#ParseResult#?,Node,AstRoot#164	0.14523578026251827	0.0	0.14523578026251827		_
com.google.javascript.jscomp.parsing.ParserRunner#ParseResult#parse#?,StaticSourceFile,String,Config,ErrorReporter,Logger#116	0.14523578026251827	0.0	0.14523578026251827		_
com.google.javascript.rhino.Node#void#setIsSyntheticBlock#?,boolean#1939	0.14511424404472528	0.0	0.14511424404472528		_
com.google.javascript.jscomp.parsing.IRFactory$TransformDispatcher#Node#processAstRoot#?,AstRoot#585	0.14134662129314535	0.0	0.14134662129314535		_
com.google.javascript.jscomp.parsing.IRFactory#Node#transformTree#?,AstRoot,StaticSourceFile,String,Config,ErrorReporter#183	0.14134662129314535	0.0	0.14134662129314535		_
com.google.javascript.jscomp.parsing.TypeSafeDispatcher#T#process#?,AstNode#120	0.14134662129314535	0.0	0.14134662129314535		_
com.google.javascript.jscomp.parsing.IRFactory$TransformDispatcher#void#parseDirectives#?,Node#603	0.14134662129314535	0.0	0.14134662129314535		_
com.google.javascript.jscomp.parsing.IRFactory#Node#newNode#?,int#1474	0.14134662129314535	0.0	0.14134662129314535		_
com.google.javascript.jscomp.parsing.IRFactory#Node#createTemplateNode#?#172	0.14134662129314535	0.0	0.14134662129314535		_
com.google.javascript.jscomp.parsing.IRFactory#void#setSourceInfo#?,Node,AstNode#434	0.14134662129314535	0.0	0.14134662129314535		_
com.google.javascript.jscomp.parsing.IRFactory#JSDocInfo#handleJsDoc#?,AstNode,Node#273	0.14134662129314535	0.0	0.14134662129314535		_
com.google.javascript.jscomp.parsing.IRFactory#?#IRFactory#?,String,StaticSourceFile,Config,ErrorReporter#140	0.14134662129314535	0.0	0.14134662129314535		_
com.google.javascript.rhino.Node#void#setCharno#?,int#1168	0.14134662129314535	0.0	0.14134662129314535		_
com.google.javascript.jscomp.parsing.IRFactory#int#position2charno#?,int#509	0.14134662129314535	0.0	0.14134662129314535		_
com.google.javascript.jscomp.parsing.IRFactory$TransformDispatcher#boolean#isDirective#?,Node#620	0.14134662129314535	0.0	0.14134662129314535		_
com.google.javascript.jscomp.parsing.IRFactory#Node#justTransform#?,AstNode#519	0.14134662129314535	0.0	0.14134662129314535		_
com.google.javascript.jscomp.parsing.IRFactory#void#setFileOverviewJsDoc#?,Node#204	0.14134662129314535	0.0	0.14134662129314535		_
com.google.javascript.jscomp.parsing.IRFactory#void#maybeSetLengthFrom#?,Node,AstNode#503	0.14134662129314535	0.0	0.14134662129314535		_
com.google.javascript.jscomp.parsing.IRFactory#Node#transform#?,AstNode#360	0.14134662129314535	0.0	0.14134662129314535		_
com.google.javascript.rhino.Node#void#setLineno#?,int#1160	0.14122508507535247	0.0	0.14122508507535247		_
com.google.javascript.rhino.Node#FileLevelJsDocBuilder#getJsDocBuilderForNode#?#1843	0.14073894020418087	0.0	0.14073894020418087		_
com.google.javascript.rhino.Node$StringNode#String#getString#?#211	0.13988818667963054	0.0	0.13988818667963054		_
com.google.javascript.jscomp.parsing.ParserRunner#Config#createConfig#?,boolean,LanguageMode,boolean,Set<String>#65	0.13867282450170149	0.0	0.13867282450170149		_
com.google.javascript.jscomp.parsing.ParserRunner#void#initResourceConfig#?#83	0.13867282450170149	0.0	0.13867282450170149		_
com.google.javascript.rhino.Node#JSDocInfo#getJSDocInfo#?#1877	0.13745746232377254	0.0	0.13745746232377254		_
com.google.javascript.rhino.Node#void#putBooleanProp#?,int,boolean#848	0.13624210014584348	0.0	0.13624210014584348		_
com.google.javascript.rhino.Node#Node#getNext#?#543	0.12858531842489063	0.0	0.12858531842489063		_
com.google.javascript.rhino.Node#Node#newString#?,int,String#511	0.12433155080213909	0.0	0.12433155080213909		_
com.google.javascript.rhino.Node$StringNode#?#StringNode#?,int,String#190	0.1212931453573165	0.0	0.1212931453573165		_
com.google.javascript.rhino.Node#int#getCharno#?#1140	0.12105007292173064	0.0	0.12105007292173064		_
com.google.javascript.rhino.Node#int#extractCharno#?,int#1217	0.12068546426835192	0.0	0.12068546426835192		_
com.google.javascript.rhino.Node#int#getLineno#?#1136	0.11922702965483711	0.0	0.11922702965483711		_
com.google.javascript.rhino.Node#int#extractLineno#?,int#1205	0.11886242100145838	0.0	0.11886242100145838		_
com.google.javascript.rhino.Node#void#addChildToBack#?,Node#603	0.11400097228974237	0.0	0.11400097228974237		_
com.google.javascript.rhino.Node#void#setInputId#?,InputId#1112	0.11071949440933393	0.0	0.11071949440933393		_
com.google.javascript.rhino.InputId#?#InputId#?,String#51	0.10913952357802625	0.0	0.10913952357802625		_
com.google.javascript.rhino.Node#Node#clonePropsFrom#?,Node#774	0.10707340787554687	0.0	0.10707340787554687		_
com.google.javascript.rhino.Node#int#mergeLineCharNo#?,int,int#1191	0.1064657267865824	0.0	0.1064657267865824		_
com.google.javascript.rhino.Node#StaticSourceFile#getStaticSourceFile#?#1105	0.10488575595527472	0.0	0.10488575595527472		_
com.google.javascript.rhino.Node#Node#getFirstChild#?#535	0.10452114730189599	0.0	0.10452114730189599		_
com.google.javascript.rhino.Node$ObjectPropListItem#Object#getObjectValue#?#309	0.10354885755955279	0.0	0.10354885755955279		_
com.google.javascript.rhino.Node#int#getType#?#523	0.10136120563928053	0.0	0.10136120563928053		_
com.google.javascript.rhino.Node#PropListItem#createProp#?,int,int,PropListItem#863	0.09868740884783667	0.0	0.09868740884783667		_
com.google.javascript.rhino.Node$IntPropListItem#?#IntPropListItem#?,int,int,PropListItem#330	0.09868740884783667	0.0	0.09868740884783667		_
com.google.javascript.rhino.Node#void#putIntProp#?,int,int#852	0.0985658726300438	0.0	0.0985658726300438		_
com.google.javascript.rhino.Node$ObjectPropListItem#?#ObjectPropListItem#?,int,Object,PropListItem#298	0.09115216334467668	0.0	0.09115216334467668		_
com.google.javascript.rhino.Node#PropListItem#createProp#?,int,Object,PropListItem#859	0.09115216334467668	0.0	0.09115216334467668		_
com.google.javascript.rhino.Node#void#setStaticSourceFile#?,StaticSourceFile#1090	0.08872143898881868	0.0	0.08872143898881868		_
com.google.javascript.rhino.Node#Object#getProp#?,int#809	0.08823529411764708	0.0	0.08823529411764708		_
com.google.javascript.jscomp.parsing.Config#?#Config#?,Set<String>,Set<String>,boolean,LanguageMode,boolean#76	0.0876276130286825	0.0	0.0876276130286825		_
com.google.javascript.jscomp.parsing.Config#Map<String,Annotation>#buildAnnotationNames#?,Set<String>#90	0.0876276130286825	0.0	0.0876276130286825		_
com.google.javascript.rhino.Node#void#putProp#?,int,Object#841	0.08629071463296067	0.0	0.08629071463296067		_
com.google.javascript.rhino.Node$AbstractPropListItem#PropListItem#getNext#?#283	0.08385999027710256	0.0	0.08385999027710256		_
com.google.javascript.rhino.Node$AbstractPropListItem#int#getType#?#278	0.07960622265435102	0.0	0.07960622265435102		_
com.google.javascript.rhino.Node#PropListItem#lookupProperty#?,int#759	0.0792416140009723	0.0	0.0792416140009723		_
com.google.javascript.rhino.Node$AbstractPropListItem#?#AbstractPropListItem#?,int,PropListItem#272	0.07851239669421484	0.0	0.07851239669421484		_
com.google.javascript.rhino.Node#void#removeProp#?,int#781	0.07729703451628589	0.0	0.07729703451628589		_
com.google.javascript.rhino.Node#PropListItem#removeProp#?,PropListItem,int#794	0.07729703451628589	0.0	0.07729703451628589		_
com.google.javascript.rhino.Node#?#Node#?,int#356	0.06234807972775891	0.0	0.06234807972775891		_
com.google.javascript.jscomp.DiagnosticGroup#?#DiagnosticGroup#?,DiagnosticType#60	-0.0066844919786096255	0.0	-0.0066844919786096255		_
com.google.javascript.jscomp.WarningsGuard$Priority#?#Priority#?,int#57	-0.02066115702479339	0.0	-0.02066115702479339		_
com.google.javascript.jscomp.ProcessTweaks$TweakFunction#?#TweakFunction#?,String#123	-0.02078269324258629	0.0	-0.02078269324258629		_
com.google.javascript.jscomp.ProcessTweaks$TweakFunction#?#TweakFunction#?,String,TweakFunction#137	-0.02078269324258629	0.0	-0.02078269324258629		_
com.google.javascript.jscomp.DiagnosticGroups#DiagnosticGroup#registerDeprecatedGroup#?,String#38	-0.02078269324258629	0.0	-0.02078269324258629		_
com.google.javascript.jscomp.DiagnosticGroups#DiagnosticGroup#registerGroup#?,String,DiagnosticType#49	-0.02078269324258629	0.0	-0.02078269324258629		_
com.google.javascript.jscomp.ProcessTweaks$TweakFunction#?#TweakFunction#?,String,String,int,int#133	-0.02078269324258629	0.0	-0.02078269324258629		_
com.google.javascript.jscomp.ProcessTweaks$TweakFunction#?#TweakFunction#?,String,String,int#128	-0.02078269324258629	0.0	-0.02078269324258629		_
com.google.javascript.jscomp.ProcessTweaks$TweakFunction#?#TweakFunction#?,String,String,int,int,TweakFunction#143	-0.02078269324258629	0.0	-0.02078269324258629		_
com.google.javascript.rhino.jstype.ObjectType#String#createDelegateSuffix#?,String#237	-0.02078269324258629	0.0	-0.02078269324258629		_
com.google.javascript.jscomp.DiagnosticGroup#?#DiagnosticGroup#?,String,DiagnosticType#45	-0.02078269324258629	0.0	-0.02078269324258629		_
com.google.javascript.jscomp.DiagnosticGroups#DiagnosticGroup#registerGroup#?,String,DiagnosticGroup#43	-0.02078269324258629	0.0	-0.02078269324258629		_
com.google.javascript.jscomp.DiagnosticGroup#?#DiagnosticGroup#?,String,DiagnosticGroup#87	-0.02078269324258629	0.0	-0.02078269324258629		_
com.google.javascript.jscomp.parsing.ParserRunner#Set<String>#extractList#?,String#94	-0.020904229460379193	0.0	-0.020904229460379193		_
com.google.javascript.jscomp.DiagnosticType#DiagnosticType#disabled#?,String,String#74	-0.021025765678172097	0.0	-0.021025765678172097		_
com.google.javascript.jscomp.ProcessTweaks$TweakFunction#String#getName#?#164	-0.021511910549343705	0.0	-0.021511910549343705		_
com.google.javascript.jscomp.DiagnosticType#DiagnosticType#warning#?,String,String#62	-0.024185707340787555	0.0	-0.024185707340787555		_
com.google.javascript.jscomp.DiagnosticType#DiagnosticType#error#?,String,String#51	-0.02540106951871658	0.0	-0.02540106951871658		_
com.google.javascript.jscomp.DiagnosticType#DiagnosticType#make#?,String,CheckLevel,String#87	-0.026859504132231406	0.0	-0.026859504132231406		_
com.google.javascript.jscomp.DiagnosticType#?#DiagnosticType#?,String,CheckLevel,MessageFormat#95	-0.026859504132231406	0.0	-0.026859504132231406		_
com.google.javascript.jscomp.DiagnosticType#int#hashCode#?#118	-0.40714632960622266	0.0	-0.40714632960622266		_
