line	original_score	max_predicate_score	total	predicate	label
com.google.javascript.jscomp.NodeTraversal#String#formatNodeContext#?,String,Node#235	0.7071067811865475	0.0	0.7071067811865475		_
com.google.javascript.rhino.Token#String#name#?,int#386	0.7071067811865475	0.0	0.7071067811865475		_
com.google.javascript.jscomp.UnreachableCodeElimination#Node#tryRemoveUnconditionalBranching#?,Node#144	0.5773502691896258	0.0	0.5773502691896258		GT
com.google.javascript.jscomp.SourceFile#String#getLine#?,int#173	0.25	0.2672612419124244	0.5172612419124244	pos >= lineNumber	_
com.google.javascript.rhino.Node#String#checkTreeEquals#?,Node#1369	0.5	0.0	0.5		_
com.google.javascript.jscomp.UnreachableCodeElimination#Node#computeFollowing#?,Node#196	0.4472135954999579	0.0	0.4472135954999579		GT
com.google.javascript.jscomp.UnreachableCodeElimination#void#removeDeadExprStatementSafely#?,Node#207	0.34299717028501764	0.0	0.34299717028501764		_
com.google.javascript.jscomp.ControlFlowAnalysis#Node#computeFollowNode#?,Node,Node,ControlFlowAnalysis#719	0.29488391230979427	0.0	0.29488391230979427		_
com.google.javascript.jscomp.UnreachableCodeElimination#void#visit#?,NodeTraversal,Node,Node#105	0.2773500981126146	0.0	0.2773500981126146		_
com.google.javascript.jscomp.ControlFlowAnalysis#void#handleCase#?,Node#465	0.2721655269759087	0.0	0.2721655269759087		_
com.google.javascript.jscomp.ControlFlowAnalysis#Node#computeFollowNode#?,Node#662	0.254000254000381	0.0	0.254000254000381		_
com.google.javascript.jscomp.NodeUtil#void#redeclareVarsInsideBranch#?,Node#1794	0.25	0.0	0.25		_
com.google.javascript.jscomp.ControlFlowAnalysis#void#handleBreak#?,Node#582	0.23904572186687872	0.0	0.23904572186687872		_
com.google.javascript.jscomp.NodeUtil$VarCollector#void#visit#?,Node#2039	0.23570226039551587	0.0	0.23570226039551587		_
com.google.javascript.jscomp.NodeUtil#void#visitPreOrder#?,Node,Visitor,Predicate<Node>#2291	0.23570226039551587	0.0	0.23570226039551587		_
com.google.javascript.jscomp.NodeUtil#Collection<Node>#getVarsDeclaredInBranch#?,Node#2056	0.23570226039551587	0.0	0.23570226039551587		_
com.google.javascript.jscomp.NodeTraversal#void#traverse#?,Node#252	0.23570226039551587	0.0	0.23570226039551587		_
com.google.javascript.jscomp.ControlFlowAnalysis#Node#getNextSiblingOfType#?,Node,int#849	0.22645540682891913	0.0	0.22645540682891913		_
com.google.javascript.jscomp.ControlFlowAnalysis#void#handleSwitch#?,Node#438	0.22645540682891913	0.0	0.22645540682891913		_
com.google.javascript.jscomp.ControlFlowAnalysis#void#visit#?,NodeTraversal,Node,Node#314	0.22645540682891913	0.0	0.22645540682891913		_
com.google.javascript.rhino.Node#int[]#getSortedPropTypes#?#851	0.10783277320343841	0.10783277320343841	0.21566554640687682	keys[count] > count	_
com.google.javascript.jscomp.ControlFlowAnalysis#boolean#isBreakStructure#?,Node,boolean#925	0.21320071635561041	0.0	0.21320071635561041		_
com.google.javascript.jscomp.NodeTraversal#void#throwUnexpectedException#?,Exception#230	0.21320071635561041	0.0	0.21320071635561041		_
com.google.javascript.jscomp.Compiler#void#throwInternalError#?,String,Exception#1686	0.21320071635561041	0.0	0.21320071635561041		_
com.google.javascript.jscomp.NodeTraversal#String#formatNodePosition#?,Node#291	0.21320071635561041	0.0	0.21320071635561041		_
com.google.javascript.jscomp.ControlFlowAnalysis#boolean#matchLabel#?,Node,String#879	0.21081851067789195	0.0	0.21081851067789195		_
com.google.javascript.jscomp.parsing.IRFactory#int#transformTokenType#?,int#911	0.19611613513818404	0.0	0.19611613513818404		_
com.google.javascript.rhino.Node#void#toString#?,StringBuilder,boolean,boolean,boolean#959	0.1873171623163388	0.0	0.1873171623163388		_
com.google.javascript.jscomp.parsing.IRFactory$TransformDispatcher#Node#processSwitchCase#?,SwitchCase#732	0.18569533817705186	0.0	0.18569533817705186		_
com.google.javascript.jscomp.ControlFlowAnalysis#boolean#isBreakTarget#?,Node,String#861	0.1841149235796647	0.0	0.1841149235796647		_
com.google.javascript.jscomp.parsing.TypeSafeDispatcher#T#process#?,AstNode#187	0.1781741612749496	0.0	0.1781741612749496		_
com.google.javascript.jscomp.parsing.IRFactory$TransformDispatcher#Node#processSwitchStatement#?,SwitchStatement#743	0.1781741612749496	0.0	0.1781741612749496		_
com.google.javascript.jscomp.UnreachableCodeElimination#void#process#?,Node,Node#87	0.17677669529663687	0.0	0.17677669529663687		_
com.google.javascript.jscomp.UnreachableCodeElimination#void#enterScope#?,NodeTraversal#74	0.17677669529663687	0.0	0.17677669529663687		_
com.google.javascript.jscomp.UnreachableCodeElimination#?#UnreachableCodeElimination#?,AbstractCompiler,boolean#63	0.17677669529663687	0.0	0.17677669529663687		_
com.google.javascript.rhino.Node#String#toString#?,boolean,boolean,boolean#918	0.16783627165933782	0.0	0.16783627165933782		_
com.google.javascript.jscomp.ControlFlowAnalysis#void#handleStmtList#?,Node#513	0.16222142113076254	0.0	0.16222142113076254		_
com.google.javascript.jscomp.graph.GraphReachability#?#GraphReachability#?,DiGraph<N,E>#39	0.16116459280507606	0.0	0.16116459280507606		_
com.google.javascript.jscomp.graph.GraphReachability#boolean#traverseEdge#?,N,E,N#80	0.1543033499620919	0.0	0.1543033499620919		_
com.google.javascript.rhino.Node#String#propToString#?,int#220	0.1543033499620919	0.0	0.1543033499620919		_
com.google.javascript.jscomp.graph.GraphReachability#?#GraphReachability#?,DiGraph<N,E>,Predicate<EdgeTuple<N,E>>#51	0.15339299776947407	0.0	0.15339299776947407		_
com.google.javascript.jscomp.graph.GraphReachability#void#compute#?,N#55	0.15339299776947407	0.0	0.15339299776947407		_
com.google.javascript.jscomp.parsing.IRFactory$TransformDispatcher#Node#processBreakStatement#?,BreakStatement#395	0.15161960871578067	0.0	0.15161960871578067		_
com.google.javascript.jscomp.CodeGenerator#void#add#?,Node,Context#680	0.14744195615489714	0.0	0.14744195615489714		_
com.google.javascript.jscomp.graph.FixedPointGraphTraversal#void#computeFixedPoint#?,DiGraph<N,E>,N#85	0.14744195615489714	0.0	0.14744195615489714		_
com.google.javascript.jscomp.CodeGenerator#void#addAllSiblings#?,Node#902	0.13608276348795434	0.0	0.13608276348795434		_
com.google.javascript.jscomp.CodeGenerator#void#addCaseBody#?,Node#896	0.13608276348795434	0.0	0.13608276348795434		_
com.google.javascript.jscomp.CodeConsumer#void#beginCaseBody#?#175	0.13608276348795434	0.0	0.13608276348795434		_
com.google.javascript.jscomp.ControlFlowAnalysis#boolean#shouldTraverse#?,NodeTraversal,Node,Node#268	0.13074409009212268	0.0	0.13074409009212268		_
com.google.javascript.jscomp.graph.Graph#void#clearNodeAnnotations#?#217	0.13018891098082389	0.0	0.13018891098082389		_
com.google.javascript.rhino.Node#void#toStringTreeHelper#?,Node,int,Appendable#1063	0.11624763874381928	0.0	0.11624763874381928		_
com.google.javascript.jscomp.CodeConsumer#void#endBlock#?,boolean#118	0.11470786693528087	0.0	0.11470786693528087		_
com.google.javascript.jscomp.Compiler#String#getSourceLine#?,String,int#1745	0.11043152607484653	0.0	0.11043152607484653		_
com.google.javascript.jscomp.NodeUtil#boolean#checkForStateChangeHelper#?,Node,boolean,AbstractCompiler#668	0.11009637651263607	0.0	0.11009637651263607		_
com.google.javascript.jscomp.Compiler#SourceFile#getSourceFileByName#?,String#1734	0.1091089451179962	0.0	0.1091089451179962		_
com.google.javascript.rhino.Node#void#appendStringTree#?,Appendable#1057	0.10540925533894598	0.0	0.10540925533894598		_
com.google.javascript.rhino.Node#String#toStringTree#?#1043	0.10540925533894598	0.0	0.10540925533894598		_
com.google.javascript.rhino.Node#String#toStringTreeImpl#?#1048	0.10540925533894598	0.0	0.10540925533894598		_
com.google.javascript.jscomp.ControlFlowAnalysis#void#process#?,Node,Node#184	0.10314212462587934	0.0	0.10314212462587934		_
com.google.javascript.rhino.Node#String#toString#?#908	0.1	0.0	0.1		_
com.google.javascript.jscomp.ControlFlowAnalysis#void#handleReturn#?,Node#627	0.09805806756909202	0.0	0.09805806756909202		_
com.google.javascript.jscomp.NodeUtil#boolean#isSimpleOperatorType#?,int#483	0.09513029883089881	0.0	0.09513029883089881		_
com.google.javascript.jscomp.UnreachableCodeElimination#void#exitScope#?,NodeTraversal#82	0.0890870806374748	0.0	0.0890870806374748		_
com.google.javascript.jscomp.ControlFlowAnalysis#void#handleIf#?,Node#366	0.0827605888602368	0.0	0.0827605888602368		_
com.google.javascript.jscomp.JsAst#SourceFile#getSourceFile#?#66	0.07808688094430304	0.0	0.07808688094430304		_
com.google.javascript.jscomp.CompilerInput#SourceFile#getSourceFile#?#112	0.07808688094430304	0.0	0.07808688094430304		_
com.google.javascript.jscomp.NodeUtil#void#removeChild#?,Node,Node#1408	0.07738232325341368	0.0	0.07738232325341368		_
com.google.javascript.jscomp.NodeUtil#boolean#isTryCatchNodeContainer#?,Node#1376	0.07692307692307693	0.0	0.07692307692307693		_
com.google.javascript.jscomp.NodeUtil#boolean#isTryFinallyNode#?,Node,Node#1369	0.07570111641044645	0.0	0.07570111641044645		_
com.google.javascript.jscomp.graph.FixedPointGraphTraversal#void#computeFixedPoint#?,DiGraph<N,E>,Set<N>#121	0.07516460280028289	0.0	0.07516460280028289		_
com.google.javascript.jscomp.NodeUtil#boolean#mayHaveSideEffects#?,Node#517	0.06644554941850954	0.0	0.06644554941850954		_
com.google.javascript.jscomp.graph.FixedPointGraphTraversal#FixedPointGraphTraversal<NODE,EDGE>#newTraversal#?,EdgeCallback<NODE,EDGE>#62	0.06311944030978031	0.0	0.06311944030978031		_
com.google.javascript.jscomp.graph.FixedPointGraphTraversal#?#FixedPointGraphTraversal#?,EdgeCallback<N,E>#54	0.06305666611194316	0.0	0.06305666611194316		_
com.google.javascript.jscomp.NodeUtil#boolean#isControlStructure#?,Node#1261	0.061662641597820735	0.0	0.061662641597820735		_
com.google.javascript.jscomp.WarningsGuard$Priority#?#Priority#?,int#57	0.05954913341754137	0.0	0.05954913341754137		_
com.google.javascript.jscomp.graph.LinkedDirectedGraph#Collection<GraphNode<N,E>>#getNodes#?#268	0.059496411730872965	0.0	0.059496411730872965		_
com.google.javascript.jscomp.DiagnosticGroups#DiagnosticGroup#registerGroup#?,String,DiagnosticGroup#40	0.05913123959890826	0.0	0.05913123959890826		_
com.google.javascript.jscomp.ProcessTweaks$TweakFunction#?#TweakFunction#?,String,String,int,int,TweakFunction#141	0.05913123959890826	0.0	0.05913123959890826		_
com.google.javascript.jscomp.ProcessTweaks$TweakFunction#?#TweakFunction#?,String,TweakFunction#131	0.05913123959890826	0.0	0.05913123959890826		_
com.google.javascript.jscomp.parsing.ParserRunner#void#initResourceConfig#?#63	0.05913123959890826	0.0	0.05913123959890826		_
com.google.javascript.jscomp.DiagnosticType#DiagnosticType#disabled#?,String,String#73	0.05913123959890826	0.0	0.05913123959890826		_
com.google.javascript.jscomp.DiagnosticGroup#?#DiagnosticGroup#?,DiagnosticGroup#74	0.05913123959890826	0.0	0.05913123959890826		_
com.google.javascript.jscomp.ProcessTweaks$TweakFunction#?#TweakFunction#?,String#117	0.05913123959890826	0.0	0.05913123959890826		_
com.google.javascript.rhino.jstype.ObjectType#String#createDelegateSuffix#?,String#197	0.05913123959890826	0.0	0.05913123959890826		_
com.google.javascript.jscomp.parsing.ParserRunner#Set<String>#extractList#?,String#70	0.05913123959890826	0.0	0.05913123959890826		_
com.google.javascript.jscomp.DiagnosticGroup#?#DiagnosticGroup#?,DiagnosticType#42	0.05913123959890826	0.0	0.05913123959890826		_
com.google.javascript.jscomp.ProcessTweaks$TweakFunction#?#TweakFunction#?,String,String,int,int#127	0.05913123959890826	0.0	0.05913123959890826		_
com.google.javascript.jscomp.ProcessTweaks$TweakFunction#?#TweakFunction#?,String,String,int#122	0.05913123959890826	0.0	0.05913123959890826		_
com.google.javascript.jscomp.ProcessTweaks$TweakFunction#String#getName#?#158	0.05812381937190964	0.0	0.05812381937190964		_
com.google.javascript.jscomp.NodeUtil#boolean#mayHaveSideEffects#?,Node,AbstractCompiler#521	0.05638838744346009	0.0	0.05638838744346009		_
com.google.javascript.jscomp.DiagnosticType#DiagnosticType#warning#?,String,String#61	0.0562543950463012	0.0	0.0562543950463012		_
com.google.javascript.jscomp.DiagnosticType#DiagnosticType#error#?,String,String#50	0.05572782125753528	0.0	0.05572782125753528		_
com.google.javascript.jscomp.parsing.IRFactory$TransformDispatcher#Node#processIfStatement#?,IfStatement#561	0.05572782125753528	0.0	0.05572782125753528		_
com.google.javascript.jscomp.DiagnosticType#?#DiagnosticType#?,String,CheckLevel,MessageFormat#94	0.05521576303742327	0.0	0.05521576303742327		_
com.google.javascript.jscomp.DiagnosticType#DiagnosticType#make#?,String,CheckLevel,String#86	0.05521576303742327	0.0	0.05521576303742327		_
com.google.javascript.jscomp.ControlFlowAnalysis#void#connectToPossibleExceptionHandler#?,Node,Node#818	0.05076730825668096	0.0	0.05076730825668096		_
com.google.javascript.jscomp.NodeUtil$MatchNotFunction#boolean#apply#?,Node#2183	0.04914731871829905	0.0	0.04914731871829905		_
com.google.javascript.jscomp.ControlFlowAnalysis#void#prioritizeFromEntryNode#?,DiGraphNode<Node,Branch>#204	0.047754598840072805	0.0	0.047754598840072805		_
com.google.javascript.rhino.Node#void#removeChild#?,Node#683	0.04569116623849538	0.0	0.04569116623849538		_
com.google.javascript.jscomp.Tracer#ThreadTrace#getThreadTrace#?#971	0.045454545454545456	0.0	0.045454545454545456		_
com.google.javascript.jscomp.ControlFlowAnalysis#void#handleFunction#?,Node#529	0.045175395145262566	0.0	0.045175395145262566		_
com.google.javascript.rhino.Node#Node#getChildBefore#?,Node#561	0.04381079543383235	0.0	0.04381079543383235		_
com.google.javascript.jscomp.parsing.IRFactory$TransformDispatcher#Node#processStringLiteral#?,StringLiteral#713	0.043375886673183456	0.0	0.043375886673183456		_
com.google.javascript.jscomp.parsing.IRFactory#Node#newStringNode#?,String#1203	0.0430730492253948	0.0	0.0430730492253948		_
com.google.javascript.rhino.Node#Node#newString#?,String#520	0.042620774592734126	0.0	0.042620774592734126		_
com.google.javascript.jscomp.NodeUtil#Node#getConditionExpression#?,Node#1306	0.04210759605332595	0.0	0.04210759605332595		_
com.google.javascript.rhino.Node#?#Node#?,int,Node#385	0.020584674239815456	0.020584674239815456	0.04116934847963091	sourcePosition != nodeType	_
com.google.javascript.rhino.Node#?#Node#?,int,Node,Node#397	0.019592783347677303	0.019592783347677303	0.039185566695354605	type <= nodeType	_
com.google.javascript.rhino.Node#void#setCharno#?,int#1137	0.019112739302699862	0.019241446072101123	0.03835418537480098	sourcePosition > charno	_
com.google.javascript.rhino.Node#void#setLineno#?,int#1133	0.019110994086122903	0.019239665363562572	0.03835065944968548	sourcePosition > charno	_
com.google.javascript.rhino.Node#?#Node#?,int#369	0.01820138390382931	0.01820138390382931	0.03640276780765862	type == nodeType	_
com.google.javascript.jscomp.CodeGenerator#String#jsString#?,String,CharsetEncoder#912	0.036369648372665396	0.0	0.036369648372665396		_
com.google.javascript.jscomp.CodeGenerator#String#strEscape#?,String,char,String,String,String,CharsetEncoder#993	0.03492151478847891	0.0	0.03492151478847891		_
com.google.javascript.jscomp.Compiler#void#reportCodeChange#?#1600	0.03404039587848988	0.0	0.03404039587848988		_
com.google.javascript.jscomp.CodeChangeHandler$RecentChange#void#reportChange#?#39	0.03404039587848988	0.0	0.03404039587848988		_
com.google.javascript.jscomp.NodeUtil#boolean#isFunction#?,Node#1489	0.03325031120358776	0.0	0.03325031120358776		_
com.google.javascript.jscomp.ControlFlowAnalysis#boolean#mayThrowException#?,Node#913	0.03171009961029961	0.0	0.03171009961029961		_
com.google.javascript.jscomp.SyntacticScopeCreator#void#scanVars#?,Node,Node#156	0.031128640318234518	0.0	0.031128640318234518		_
com.google.javascript.jscomp.SyntacticScopeCreator#void#scanRoot#?,Node,Scope#110	0.031113569564352756	0.0	0.031113569564352756		_
com.google.javascript.jscomp.SyntacticScopeCreator#Scope#createScope#?,Node,Scope#69	0.030912233386759316	0.0	0.030912233386759316		_
com.google.javascript.jscomp.NodeUtil#boolean#isAssignmentOp#?,Node#1037	0.030499714066520935	0.0	0.030499714066520935		_
com.google.javascript.rhino.Node#int#getIntProp#?,int#812	0.029514066805047763	0.0	0.029514066805047763		_
com.google.javascript.jscomp.graph.LinkedDirectedGraph$AnnotatedLinkedDirectedGraphNode#A#getAnnotation#?#426	0.028222250444486778	0.0	0.028222250444486778		_
com.google.javascript.jscomp.graph.LinkedDirectedGraph$AnnotatedLinkedDirectedGraphNode#void#setAnnotation#?,Annotation#431	0.028222250444486778	0.0	0.028222250444486778		_
com.google.javascript.jscomp.ControlFlowAnalysis#Node#computeFollowNode#?,Node,ControlFlowAnalysis#658	0.028055154538562162	0.0	0.028055154538562162		_
com.google.javascript.jscomp.ControlFlowAnalysis$AstControlFlowGraph#?#AstControlFlowGraph#?,Node,Map<DiGraphNode<Node,Branch>,Integer>,boolean#999	0.028022090113946567	0.0	0.028022090113946567		_
com.google.javascript.jscomp.ControlFlowAnalysis#void#createEdge#?,Node,ControlFlowGraph.Branch,Node#803	0.028022090113946567	0.0	0.028022090113946567		_
com.google.javascript.jscomp.ControlFlowAnalysis#ControlFlowGraph<Node>#getCfg#?#145	0.028022090113946567	0.0	0.028022090113946567		_
com.google.javascript.jscomp.ControlFlowAnalysis#?#ControlFlowAnalysis#?,AbstractCompiler,boolean,boolean#139	0.028022090113946567	0.0	0.028022090113946567		_
com.google.javascript.jscomp.graph.DiGraph#boolean#isConnected#?,N,E,N#99	0.02801659073402629	0.0	0.02801659073402629		_
com.google.javascript.jscomp.graph.Graph#void#connectIfNotFound#?,N,E,N#121	0.02801659073402629	0.0	0.02801659073402629		_
com.google.javascript.jscomp.ControlFlowGraph#?#ControlFlowGraph#?,N,boolean,boolean#49	0.028000112000672	0.0	0.028000112000672		_
com.google.javascript.jscomp.ControlFlowGraph#DiGraphNode<N,ControlFlowGraph.Branch>#getEntry#?#70	0.028000112000672	0.0	0.028000112000672		_
com.google.javascript.jscomp.ControlFlowGraph#DiGraphNode<N,ControlFlowGraph.Branch>#getImplicitReturn#?#60	0.028000112000672	0.0	0.028000112000672		_
com.google.javascript.jscomp.graph.LinkedDirectedGraph#List<DiGraphNode<N,E>>#getDirectedSuccNodes#?,DiGraphNode<N,E>#230	0.027994625547792716	0.0	0.027994625547792716		_
com.google.javascript.jscomp.ControlFlowAnalysis#Node#computeFallThrough#?,Node#791	0.027978185519626636	0.0	0.027978185519626636		_
com.google.javascript.jscomp.graph.LinkedDirectedGraph$AnnotatedLinkedDirectedGraphNode#?#AnnotatedLinkedDirectedGraphNode#?,N#420	0.027912713856911346	0.0	0.027912713856911346		_
com.google.javascript.rhino.Node#boolean#isSyntheticBlock#?#2020	0.02743073910242014	0.0	0.02743073910242014		_
com.google.javascript.rhino.testing.BaseJSTypeTestCase#void#addNativeProperties#?,JSTypeRegistry#280	0.02724178826415978	0.0	0.02724178826415978		_
com.google.javascript.jscomp.graph.LinkedDirectedGraph#boolean#isConnectedInDirection#?,N,Predicate<E>,N#189	0.02724178826415978	0.0	0.02724178826415978		_
com.google.javascript.rhino.testing.BaseJSTypeTestCase#void#addMethod#?,JSTypeRegistry,ObjectType,String,JSType#383	0.02724178826415978	0.0	0.02724178826415978		_
com.google.javascript.jscomp.graph.LinkedDirectedGraph$LinkedDirectedGraphEdge#E#getValue#?#482	0.027012232558063145	0.0	0.027012232558063145		_
com.google.javascript.rhino.jstype.InstanceObjectType#boolean#defineProperty#?,String,JSType,boolean,boolean,Node#92	0.026899609689495087	0.0	0.026899609689495087		_
com.google.javascript.jscomp.graph.LinkedDirectedGraph#boolean#isConnectedInDirection#?,N,E,N#182	0.026855921762583293	0.0	0.026855921762583293		_
com.google.javascript.jscomp.Scope#Node#getRootNode#?#337	0.02679800094369162	0.0	0.02679800094369162		_
com.google.javascript.jscomp.graph.LinkedDirectedGraph#Iterable<DiGraphNode<N,E>>#getDirectedGraphNodes#?#106	0.026683274761756512	0.0	0.026683274761756512		_
com.google.javascript.jscomp.graph.LinkedDirectedGraph#GraphNode<N,E>#createNode#?,N#159	0.026546593660094948	0.0	0.026546593660094948		_
com.google.javascript.jscomp.graph.LinkedDirectedGraph$LinkedDirectedGraphEdge#?#LinkedDirectedGraphEdge#?,DiGraphNode<N,E>,E,DiGraphNode<N,E>#456	0.026504600604023158	0.0	0.026504600604023158		_
com.google.javascript.jscomp.graph.LinkedDirectedGraph#GraphNode<N,E>#getNode#?,N#117	0.026504600604023158	0.0	0.026504600604023158		_
com.google.javascript.jscomp.graph.LinkedDirectedGraph#void#connect#?,N,E,N#78	0.026504600604023158	0.0	0.026504600604023158		_
com.google.javascript.jscomp.graph.LinkedDirectedGraph$LinkedDirectedGraphNode#List<DiGraphEdge<N,E>>#getInEdges#?#371	0.026504600604023158	0.0	0.026504600604023158		_
com.google.javascript.jscomp.graph.LinkedDirectedGraph$LinkedDirectedGraphNode#?#LinkedDirectedGraphNode#?,N#329	0.026499947000159	0.0	0.026499947000159		_
com.google.javascript.jscomp.graph.LinkedDirectedGraph#DiGraphNode<N,E>#createDirectedGraphNode#?,N#141	0.026499947000159	0.0	0.026499947000159		_
com.google.javascript.jscomp.graph.LinkedDirectedGraph$LinkedDirectedGraphNode#N#getValue#?#334	0.026481357066618805	0.0	0.026481357066618805		_
com.google.javascript.jscomp.graph.LinkedDirectedGraph$LinkedDirectedGraphEdge#DiGraphNode<N,E>#getDestination#?#467	0.026472076758968607	0.0	0.026472076758968607		_
com.google.javascript.jscomp.graph.LinkedDirectedGraph#DiGraphNode<N,E>#getDirectedGraphNode#?,N#112	0.026462806201248155	0.0	0.026462806201248155		_
com.google.javascript.jscomp.graph.LinkedDirectedGraph$LinkedDirectedGraphNode#List<DiGraphEdge<N,E>>#getOutEdges#?#376	0.026462806201248155	0.0	0.026462806201248155		_
com.google.javascript.jscomp.graph.Graph#T#getNodeOrFail#?,N#209	0.026448918608477878	0.0	0.026448918608477878		_
com.google.javascript.jscomp.graph.LinkedDirectedGraph#?#LinkedDirectedGraph#?,boolean,boolean#73	0.026375218935831477	0.0	0.026375218935831477		_
com.google.javascript.jscomp.CompilerOptions#void#addWarningsGuard#?,WarningsGuard#856	0.026320346714946822	0.0	0.026320346714946822		_
com.google.javascript.jscomp.CompilerOptions#void#setWarningLevel#?,DiagnosticGroup,CheckLevel#845	0.026320346714946822	0.0	0.026320346714946822		_
com.google.javascript.jscomp.ComposeWarningsGuard#?#ComposeWarningsGuard#?,WarningsGuard#52	0.026320346714946822	0.0	0.026320346714946822		_
com.google.javascript.jscomp.parsing.IRFactory$TransformDispatcher#Node#processScope#?,Scope#708	0.026225138878868803	0.0	0.026225138878868803		_
com.google.javascript.jscomp.CodeChangeHandler$RecentChange#void#reset#?#47	0.026148818018424537	0.0	0.026148818018424537		_
com.google.javascript.rhino.Node#Node#cloneTree#?#1871	0.026042196501900677	0.0	0.026042196501900677		_
com.google.javascript.jscomp.Compiler#void#init#?,JSSourceFile[],JSSourceFile[],CompilerOptions#264	0.02591508580466721	0.0	0.02591508580466721		_
com.google.javascript.jscomp.CompilerOptions#void#setCodingConvention#?,CodingConvention#957	0.025897698962183534	0.0	0.025897698962183534		_
com.google.javascript.rhino.Node#Node#cloneNode#?#1849	0.025811286645983367	0.0	0.025811286645983367		_
com.google.javascript.jscomp.Compiler#Node#parseInputs#?#1113	0.025515518153991442	0.0	0.025515518153991442		_
com.google.javascript.jscomp.Compiler#boolean#hasErrors#?#1721	0.025490637096729083	0.0	0.025490637096729083		_
com.google.javascript.jscomp.Compiler#JSTypeRegistry#getTypeRegistry#?#991	0.025453451610707084	0.0	0.025453451610707084		_
com.google.javascript.jscomp.parsing.IRFactory#Node#transformBlock#?,AstNode#159	0.02543286319707309	0.0	0.02543286319707309		_
com.google.javascript.rhino.jstype.UnknownType#?#UnknownType#?,JSTypeRegistry,boolean#60	0.025395929612637445	0.0	0.025395929612637445		_
com.google.javascript.rhino.jstype.BooleanType#?#BooleanType#?,JSTypeRegistry#53	0.025395929612637445	0.0	0.025395929612637445		_
com.google.javascript.rhino.jstype.NumberType#?#NumberType#?,JSTypeRegistry#53	0.025395929612637445	0.0	0.025395929612637445		_
com.google.javascript.rhino.jstype.JSTypeRegistry#void#resetForTypeCheck#?#229	0.025395929612637445	0.0	0.025395929612637445		_
com.google.javascript.rhino.jstype.StringType#?#StringType#?,JSTypeRegistry#53	0.025395929612637445	0.0	0.025395929612637445		_
com.google.javascript.rhino.jstype.FunctionType#void#setInstanceType#?,ObjectType#816	0.025395929612637445	0.0	0.025395929612637445		_
com.google.javascript.rhino.jstype.JSTypeRegistry#void#initializeBuiltInTypes#?#520	0.025395929612637445	0.0	0.025395929612637445		_
com.google.javascript.rhino.jstype.NullType#?#NullType#?,JSTypeRegistry#54	0.025395929612637445	0.0	0.025395929612637445		_
com.google.javascript.rhino.jstype.VoidType#?#VoidType#?,JSTypeRegistry#54	0.025395929612637445	0.0	0.025395929612637445		_
com.google.javascript.rhino.jstype.JSTypeRegistry#ArrowType#createArrowType#?,Node#976	0.025395929612637445	0.0	0.025395929612637445		_
com.google.javascript.rhino.jstype.JSTypeRegistry#Node#createOptionalParameters#?,JSType#1138	0.025395929612637445	0.0	0.025395929612637445		_
com.google.javascript.rhino.jstype.JSTypeRegistry#void#registerNativeType#?,JSTypeNative,JSType#584	0.025395929612637445	0.0	0.025395929612637445		_
com.google.javascript.rhino.jstype.JSTypeRegistry#?#JSTypeRegistry#?,ErrorReporter,boolean#198	0.025395929612637445	0.0	0.025395929612637445		_
com.google.javascript.rhino.jstype.NoType#?#NoType#?,JSTypeRegistry#65	0.025395929612637445	0.0	0.025395929612637445		_
com.google.javascript.rhino.jstype.FunctionType#ArrowType#getInternalArrowType#?#251	0.025395929612637445	0.0	0.025395929612637445		_
com.google.javascript.rhino.jstype.AllType#?#AllType#?,JSTypeRegistry#53	0.025395929612637445	0.0	0.025395929612637445		_
com.google.javascript.rhino.jstype.ValueType#?#ValueType#?,JSTypeRegistry#49	0.025395929612637445	0.0	0.025395929612637445		_
com.google.javascript.rhino.jstype.JSTypeRegistry#void#register#?,JSType#570	0.025395929612637445	0.0	0.025395929612637445		_
com.google.javascript.rhino.jstype.JSTypeRegistry#void#initializeRegistry#?#544	0.025395929612637445	0.0	0.025395929612637445		_
com.google.javascript.rhino.jstype.NoObjectType#?#NoObjectType#?,JSTypeRegistry#213	0.025395929612637445	0.0	0.025395929612637445		_
com.google.javascript.rhino.jstype.ErrorFunctionType#?#ErrorFunctionType#?,JSTypeRegistry,String#51	0.025395929612637445	0.0	0.025395929612637445		_
com.google.javascript.rhino.jstype.JSTypeRegistry#FunctionType#createFunctionType#?,JSType,boolean,JSType#1175	0.025379566254229366	0.0	0.025379566254229366		_
com.google.javascript.rhino.jstype.JSTypeRegistry#FunctionType#createFunctionTypeWithVarArgs#?,JSType,JSType#1023	0.025379566254229366	0.0	0.025379566254229366		_
com.google.javascript.rhino.jstype.JSTypeRegistry#FunctionType#createFunctionType#?,JSType,Node#1217	0.02535100632816969	0.0	0.02535100632816969		_
com.google.javascript.rhino.jstype.JSTypeRegistry#ObjectType#createObjectType#?,String,Node,ObjectType#1258	0.02535100632816969	0.0	0.02535100632816969		_
com.google.javascript.rhino.jstype.JSTypeRegistry#Node#createParameters#?,boolean,JSType#1157	0.02533879584034814	0.0	0.02533879584034814		_
com.google.javascript.rhino.jstype.JSTypeRegistry#Node#createParametersWithVarArgs#?,JSType#1129	0.02533879584034814	0.0	0.02533879584034814		_
com.google.javascript.rhino.jstype.FunctionType#boolean#defineProperty#?,String,JSType,boolean,boolean,Node#435	0.025314427702792283	0.0	0.025314427702792283		_
com.google.javascript.rhino.jstype.NullType#String#toString#?#104	0.024918370302168414	0.0	0.024918370302168414		_
com.google.javascript.rhino.jstype.NullType#String#getDisplayName#?#109	0.024918370302168414	0.0	0.024918370302168414		_
com.google.javascript.rhino.jstype.FunctionBuilder#FunctionBuilder#withReturnType#?,JSType#97	0.024914503091731197	0.0	0.024914503091731197		_
com.google.javascript.rhino.jstype.BooleanType#String#getDisplayName#?#108	0.02486055050818142	0.0	0.02486055050818142		_
com.google.javascript.rhino.jstype.BooleanType#String#toString#?#103	0.02486055050818142	0.0	0.02486055050818142		_
com.google.javascript.rhino.jstype.FunctionType#void#addSubType#?,FunctionType#851	0.024829877392851134	0.0	0.024829877392851134		_
com.google.javascript.rhino.jstype.FunctionType#void#setPrototypeBasedOn#?,ObjectType#273	0.024768870230903496	0.0	0.024768870230903496		_
com.google.javascript.rhino.jstype.VoidType#String#getDisplayName#?#101	0.02468195501661029	0.0	0.02468195501661029		_
com.google.javascript.rhino.jstype.VoidType#String#toString#?#96	0.02468195501661029	0.0	0.02468195501661029		_
com.google.javascript.rhino.jstype.StringType#String#toString#?#92	0.024063224962571107	0.0	0.024063224962571107		_
com.google.javascript.rhino.jstype.StringType#String#getDisplayName#?#97	0.024063224962571107	0.0	0.024063224962571107		_
com.google.javascript.rhino.jstype.InstanceObjectType#String#toString#?#97	0.023980056885558414	0.0	0.023980056885558414		_
com.google.javascript.rhino.Node#boolean#hasChildren#?#544	0.023860301269223887	0.0	0.023860301269223887		_
com.google.javascript.jscomp.LoggerErrorManager#?#LoggerErrorManager#?,MessageFormatter,Logger#38	0.02385690599332349	0.0	0.02385690599332349		_
com.google.javascript.jscomp.Compiler#void#initOptions#?,CompilerOptions#225	0.02385690599332349	0.0	0.02385690599332349		_
com.google.javascript.jscomp.Compiler#?#Compiler#?#177	0.023843339369540383	0.0	0.023843339369540383		_
com.google.javascript.jscomp.parsing.IRFactory#Node#newNode#?,int,Node#1191	0.023809523809523808	0.0	0.023809523809523808		_
com.google.javascript.jscomp.Compiler#MessageFormatter#createMessageFormatter#?#213	0.023682324543709943	0.0	0.023682324543709943		_
com.google.javascript.jscomp.AbstractMessageFormatter#void#setColorize#?,boolean#37	0.023682324543709943	0.0	0.023682324543709943		_
com.google.javascript.jscomp.CompilerOptions#boolean#shouldColorizeErrorOutput#?#931	0.023682324543709943	0.0	0.023682324543709943		_
com.google.javascript.jscomp.AbstractMessageFormatter#?#AbstractMessageFormatter#?,SourceExcerptProvider#33	0.02367568619051892	0.0	0.02367568619051892		_
com.google.javascript.jscomp.LightweightMessageFormatter#?#LightweightMessageFormatter#?,SourceExcerptProvider,SourceExcerpt#49	0.02367568619051892	0.0	0.02367568619051892		_
com.google.javascript.jscomp.LightweightMessageFormatter#?#LightweightMessageFormatter#?,SourceExcerptProvider#44	0.02367568619051892	0.0	0.02367568619051892		_
com.google.javascript.jscomp.Compiler#void#setErrorManager#?,ErrorManager#205	0.02367568619051892	0.0	0.02367568619051892		_
com.google.javascript.jscomp.CompilerOptions#?#CompilerOptions#?#757	0.023672369106623056	0.0	0.023672369106623056		_
com.google.javascript.jscomp.RhinoErrorReporter#ErrorReporter#forOldRhino#?,AbstractCompiler#102	0.023669053416557544	0.0	0.023669053416557544		_
com.google.javascript.jscomp.Compiler#void#addChangeHandler#?,CodeChangeHandler#1585	0.023669053416557544	0.0	0.023669053416557544		_
com.google.javascript.jscomp.RhinoErrorReporter#?#RhinoErrorReporter#?,AbstractCompiler#72	0.023669053416557544	0.0	0.023669053416557544		_
com.google.javascript.jscomp.Compiler#?#Compiler#?,PrintStream#186	0.023669053416557544	0.0	0.023669053416557544		_
com.google.javascript.jscomp.RhinoErrorReporter$OldRhinoErrorReporter#?#OldRhinoErrorReporter#?,AbstractCompiler#137	0.023669053416557544	0.0	0.023669053416557544		_
com.google.javascript.jscomp.RhinoErrorReporter#com.google.javascript.jscomp.mozilla.rhino.ErrorReporter#forNewRhino#?,AbstractCompiler#98	0.023669053416557544	0.0	0.023669053416557544		_
com.google.javascript.jscomp.RhinoErrorReporter$NewRhinoErrorReporter#?#NewRhinoErrorReporter#?,AbstractCompiler#151	0.023669053416557544	0.0	0.023669053416557544		_
com.google.javascript.jscomp.RhinoErrorReporter#String#replacePlaceHolders#?,String#66	0.023669053416557544	0.0	0.023669053416557544		_
com.google.javascript.jscomp.PassFactory#?#PassFactory#?,String,boolean#43	0.0236227795630767	0.0	0.0236227795630767		_
com.google.javascript.rhino.jstype.NumberType#String#getDisplayName#?#102	0.023508271959274057	0.0	0.023508271959274057		_
com.google.javascript.rhino.jstype.NumberType#String#toString#?#97	0.023508271959274057	0.0	0.023508271959274057		_
com.google.javascript.rhino.jstype.PrototypeObjectType#?#PrototypeObjectType#?,JSTypeRegistry,String,ObjectType#101	0.0233986155448761	0.0	0.0233986155448761		_
com.google.javascript.rhino.ScriptRuntime#String#getMessage0#?,String#422	0.023265252828511454	0.0	0.023265252828511454		_
com.google.javascript.rhino.Context#Context#getCurrentContext#?#400	0.02324324663889676	0.0	0.02324324663889676		_
com.google.javascript.rhino.ScriptRuntime#String#getMessage#?,String,Object[]#458	0.02324324663889676	0.0	0.02324324663889676		_
com.google.javascript.jscomp.NodeTraversal#void#pushScope#?,Node#527	0.023174488732966077	0.0	0.023174488732966077		_
com.google.javascript.rhino.jstype.JSTypeRegistry#JSType#createNullableType#?,JSType#915	0.023106337435539137	0.0	0.023106337435539137		_
com.google.javascript.rhino.Node#void#setType#?,int#540	0.01153624324342259	0.01153624324342259	0.02307248648684518	this.type >= type	_
com.google.javascript.jscomp.NodeTraversal#?#NodeTraversal#?,AbstractCompiler,Callback,ScopeCreator#207	0.0230113185995666	0.0	0.0230113185995666		_
com.google.javascript.jscomp.NodeTraversal#Scope#getScope#?#563	0.022645540682891915	0.0	0.022645540682891915		_
com.google.javascript.jscomp.Scope#Scope#getParent#?#341	0.022346717438466362	0.0	0.022346717438466362		_
com.google.javascript.jscomp.Scope#?#Scope#?,Node,AbstractCompiler#310	0.022054054569561544	0.0	0.022054054569561544		_
com.google.javascript.jscomp.NodeUtil#boolean#isStatementBlock#?,Node#1327	0.02166502680656047	0.0	0.02166502680656047		_
com.google.javascript.rhino.jstype.FunctionPrototypeType#boolean#hasReferenceName#?#76	0.02144471574828979	0.0	0.02144471574828979		_
com.google.javascript.rhino.jstype.ObjectType#boolean#isImplicitPrototype#?,ObjectType#452	0.02143486063942913	0.0	0.02143486063942913		_
com.google.javascript.rhino.jstype.FunctionBuilder#FunctionBuilder#withParamsNode#?,Node#91	0.02143486063942913	0.0	0.02143486063942913		_
com.google.javascript.rhino.jstype.JSType#boolean#isNominalType#?#294	0.021354071087949105	0.0	0.021354071087949105		_
com.google.javascript.rhino.jstype.FunctionType#?#FunctionType#?,JSTypeRegistry,String,Node,ArrowType,ObjectType,String,boolean,boolean#137	0.021329769189683427	0.0	0.021329769189683427		_
com.google.javascript.rhino.jstype.FunctionBuilder#?#FunctionBuilder#?,JSTypeRegistry#65	0.021324918758878316	0.0	0.021324918758878316		_
com.google.javascript.rhino.jstype.FunctionBuilder#FunctionType#build#?#159	0.021324918758878316	0.0	0.021324918758878316		_
com.google.javascript.rhino.jstype.InstanceObjectType#boolean#isEquivalentTo#?,JSType#156	0.021288645695097294	0.0	0.021288645695097294		_
com.google.javascript.jscomp.ComposeWarningsGuard#void#addGuard#?,WarningsGuard#58	0.021154843678314595	0.0	0.021154843678314595		_
com.google.javascript.rhino.jstype.PrototypeObjectType$Property#?#Property#?,JSType,boolean,boolean,Node#509	0.02113829521450379	0.0	0.02113829521450379		_
com.google.javascript.rhino.jstype.ObjectType#boolean#hasOwnDeclaredProperty#?,String#404	0.02113829521450379	0.0	0.02113829521450379		_
com.google.javascript.rhino.jstype.PrototypeObjectType#boolean#defineProperty#?,String,JSType,boolean,boolean,Node#234	0.02113829521450379	0.0	0.02113829521450379		_
com.google.javascript.rhino.jstype.PrototypeObjectType#boolean#hasOwnProperty#?,String#154	0.021133574210488573	0.0	0.021133574210488573		_
com.google.javascript.rhino.jstype.FunctionType#boolean#isInterface#?#177	0.021002657004177173	0.0	0.021002657004177173		_
com.google.javascript.rhino.jstype.FunctionPrototypeType#String#getReferenceName#?#67	0.020968001036993485	0.0	0.020968001036993485		_
com.google.javascript.rhino.jstype.JSTypeRegistry#FunctionType#getNativeFunctionType#?,JSTypeNative#818	0.020958788382314596	0.0	0.020958788382314596		_
com.google.javascript.jscomp.NodeTraversal$AbstractPostOrderCallback#boolean#shouldTraverse#?,NodeTraversal,Node,Node#128	0.02082203971655863	0.0	0.02082203971655863		_
com.google.javascript.jscomp.Compiler#List<CompilerInput>#makeCompilerInput#?,List<JSSourceFile>,boolean#342	0.020725666807241958	0.0	0.020725666807241958		_
com.google.javascript.jscomp.Compiler#void#initInputsByNameMap#?#425	0.020725666807241958	0.0	0.020725666807241958		_
com.google.javascript.jscomp.Compiler#void#init#?,List<JSSourceFile>,List<JSSourceFile>,CompilerOptions#275	0.020716769761626043	0.0	0.020716769761626043		_
com.google.javascript.rhino.Node#boolean#getBooleanProp#?,int#800	0.020716769761626043	0.0	0.020716769761626043		_
com.google.javascript.jscomp.Compiler#void#initModules#?,List<JSSourceFile>,List<JSModule>,CompilerOptions#319	0.020710104491542557	0.0	0.020710104491542557		_
com.google.javascript.jscomp.Compiler#List<CompilerInput>#getAllInputsFromModules#?,List<JSModule>#410	0.02069236184147336	0.0	0.02069236184147336		_
com.google.javascript.jscomp.Compiler#void#fillEmptyModules#?,List<JSModule>#374	0.02069236184147336	0.0	0.02069236184147336		_
com.google.javascript.jscomp.Compiler#void#checkFirstModule#?,List<JSModule>#362	0.02069236184147336	0.0	0.02069236184147336		_
com.google.javascript.jscomp.Compiler#void#initBasedOnOptions#?#333	0.02069236184147336	0.0	0.02069236184147336		_
com.google.javascript.jscomp.JSModule#?#JSModule#?,String#64	0.0206901472150592	0.0	0.0206901472150592		_
com.google.javascript.jscomp.JSModule#void#add#?,JSSourceFile#93	0.020687933299562512	0.0	0.020687933299562512		_
com.google.javascript.jscomp.JSModule#List<CompilerInput>#getInputs#?#193	0.020683507599800765	0.0	0.020683507599800765		_
com.google.javascript.jscomp.CompilerInput#void#setModule#?,JSModule#290	0.020683507599800765	0.0	0.020683507599800765		_
com.google.javascript.jscomp.JSModule#void#add#?,CompilerInput#104	0.020683507599800765	0.0	0.020683507599800765		_
com.google.javascript.rhino.jstype.FunctionParamBuilder#boolean#addOptionalParams#?,JSType#85	0.02068129581477602	0.0	0.02068129581477602		_
com.google.javascript.rhino.Node#void#setOptionalArg#?,boolean#1995	0.020679084739149367	0.0	0.020679084739149367		_
com.google.javascript.rhino.jstype.JSTypeRegistry#JSType#createOptionalType#?,JSType#894	0.02065480961930069	0.0	0.02065480961930069		_
com.google.javascript.rhino.jstype.FunctionParamBuilder#boolean#addVarArgs#?,JSType#108	0.020635011618417593	0.0	0.020635011618417593		_
com.google.javascript.rhino.jstype.FunctionParamBuilder#boolean#hasVarArgs#?#140	0.020630619788716175	0.0	0.020630619788716175		_
com.google.javascript.rhino.Node#void#setVarArgs#?,boolean#1977	0.020630619788716175	0.0	0.020630619788716175		_
com.google.javascript.rhino.jstype.JSTypeRegistry#void#register#?,JSType,String#574	0.020619652471058063	0.0	0.020619652471058063		_
com.google.javascript.rhino.jstype.JSTypeRegistry#ArrowType#createArrowType#?,Node,JSType#966	0.020597770206089702	0.0	0.020597770206089702		_
com.google.javascript.rhino.jstype.ArrowType#?#ArrowType#?,JSTypeRegistry,Node,JSType#64	0.020595585809221998	0.0	0.020595585809221998		_
com.google.javascript.rhino.jstype.InstanceObjectType#?#InstanceObjectType#?,JSTypeRegistry,FunctionType,boolean#62	0.02059340210717385	0.0	0.02059340210717385		_
com.google.javascript.rhino.jstype.AllType#boolean#isAllType#?#68	0.020571603220883004	0.0	0.020571603220883004		_
com.google.javascript.rhino.jstype.PrototypeObjectType#FunctionType#getConstructor#?#389	0.02053686853469397	0.0	0.02053686853469397		_
com.google.javascript.rhino.jstype.FunctionType#boolean#isEquivalentTo#?,JSType#664	0.020523888315214546	0.0	0.020523888315214546		_
com.google.javascript.rhino.jstype.FunctionType#boolean#isSubtype#?,JSType#758	0.02051956704170308	0.0	0.02051956704170308		_
com.google.javascript.rhino.jstype.FunctionParamBuilder#boolean#hasOptionalOrVarArgs#?#134	0.020513090246221086	0.0	0.020513090246221086		_
com.google.javascript.rhino.jstype.FunctionParamBuilder#boolean#addRequiredParams#?,JSType#70	0.020513090246221086	0.0	0.020513090246221086		_
com.google.javascript.rhino.jstype.JSTypeRegistry#void#addReferenceTypeIndexedByProperty#?,String,JSType#616	0.02048294608556181	0.0	0.02048294608556181		_
com.google.javascript.rhino.jstype.FunctionParamBuilder#Node#newParameter#?,JSType#125	0.020480798012976014	0.0	0.020480798012976014		_
com.google.javascript.rhino.jstype.JSTypeRegistry#void#registerPropertyOnType#?,String,JSType#603	0.020450795781510083	0.0	0.020450795781510083		_
com.google.javascript.rhino.jstype.ObjectType#boolean#defineDeclaredProperty#?,String,JSType,boolean,Node#258	0.020435844025323602	0.0	0.020435844025323602		_
com.google.javascript.rhino.jstype.UnionTypeBuilder#UnionTypeBuilder#addAlternate#?,JSType#136	0.02042518425514167	0.0	0.02042518425514167		_
com.google.javascript.rhino.jstype.InstanceObjectType#int#hashCode#?#168	0.020355245675685314	0.0	0.020355245675685314		_
com.google.javascript.rhino.jstype.NoType#boolean#isNoType#?#75	0.02034892318891199	0.0	0.02034892318891199		_
com.google.javascript.rhino.jstype.FunctionType#boolean#isFunctionType#?#187	0.02033839879038597	0.0	0.02033839879038597		_
com.google.javascript.rhino.jstype.JSType#JSType#getNativeType#?,JSTypeNative#110	0.0203299910187202	0.0	0.0203299910187202		_
com.google.javascript.jscomp.BasicErrorManager#JSError[]#getErrors#?#81	0.020300645723058418	0.0	0.020300645723058418		_
com.google.javascript.jscomp.Compiler#JSError[]#getErrors#?#865	0.020300645723058418	0.0	0.020300645723058418		_
com.google.javascript.jscomp.BasicErrorManager#JSError[]#toArray#?,CheckLevel#97	0.020283933931196863	0.0	0.020283933931196863		_
com.google.javascript.rhino.jstype.PrototypeObjectType#boolean#implicitPrototypeChainIsUnknown#?#476	0.020236116462908824	0.0	0.020236116462908824		_
com.google.javascript.rhino.jstype.PrototypeObjectType#boolean#isSubtype#?,JSType#455	0.020236116462908824	0.0	0.020236116462908824		_
com.google.javascript.rhino.jstype.FunctionParamBuilder#Node#build#?#130	0.020229904301146816	0.0	0.020229904301146816		_
com.google.javascript.rhino.jstype.FunctionParamBuilder#?#FunctionParamBuilder#?,JSTypeRegistry#55	0.020229904301146816	0.0	0.020229904301146816		_
com.google.javascript.rhino.jstype.FunctionType#boolean#hasCachedValues#?#867	0.020219563399637347	0.0	0.020219563399637347		_
com.google.javascript.rhino.jstype.ArrowType#?#ArrowType#?,JSTypeRegistry,Node,JSType,boolean#69	0.020219563399637347	0.0	0.020219563399637347		_
com.google.javascript.rhino.jstype.FunctionType#boolean#setPrototype#?,FunctionPrototypeType#300	0.020196869122051205	0.0	0.020196869122051205		_
com.google.javascript.rhino.jstype.FunctionType#FunctionPrototypeType#getPrototype#?#261	0.020196869122051205	0.0	0.020196869122051205		_
com.google.javascript.rhino.jstype.FunctionPrototypeType#?#FunctionPrototypeType#?,JSTypeRegistry,FunctionType,ObjectType#62	0.020194809793050484	0.0	0.020194809793050484		_
com.google.javascript.rhino.jstype.PrototypeObjectType#?#PrototypeObjectType#?,JSTypeRegistry,String,ObjectType,boolean#115	0.020194809793050484	0.0	0.020194809793050484		_
com.google.javascript.rhino.jstype.InstanceObjectType#boolean#isNominalType#?#146	0.02019275109384609	0.0	0.02019275109384609		_
com.google.javascript.rhino.jstype.FunctionType#FunctionType#getSuperClassConstructor#?#602	0.020188635583542704	0.0	0.020188635583542704		_
com.google.javascript.rhino.jstype.FunctionPrototypeType#?#FunctionPrototypeType#?,JSTypeRegistry,FunctionType,ObjectType,boolean#57	0.020188635583542704	0.0	0.020188635583542704		_
com.google.javascript.rhino.jstype.JSType#boolean#isSubtype#?,JSType,JSType#849	0.020188635583542704	0.0	0.020188635583542704		_
com.google.javascript.rhino.jstype.InstanceObjectType#boolean#hasReferenceName#?#72	0.020178357806781545	0.0	0.020178357806781545		_
com.google.javascript.rhino.jstype.ObjectType#boolean#isUnknownType#?#475	0.020172198670104474	0.0	0.020172198670104474		_
com.google.javascript.rhino.jstype.PrototypeObjectType#boolean#isNativeObjectType#?#522	0.020157849256095022	0.0	0.020157849256095022		_
com.google.javascript.rhino.jstype.JSType#boolean#isEmptyType#?#159	0.020143530420781354	0.0	0.020143530420781354		_
com.google.javascript.rhino.jstype.FunctionType#boolean#hasInstanceType#?#823	0.02014148736276902	0.0	0.02014148736276902		_
com.google.javascript.rhino.jstype.FunctionType#ObjectType#getInstanceType#?#810	0.02014148736276902	0.0	0.02014148736276902		_
com.google.javascript.rhino.Node#void#setJSType#?,JSType#1923	0.020123127771546394	0.0	0.020123127771546394		_
com.google.javascript.rhino.jstype.JSType#boolean#isNoObjectType#?#155	0.020090612092423518	0.0	0.020090612092423518		_
com.google.javascript.rhino.jstype.FunctionType#boolean#isConstructor#?#172	0.020066328507288823	0.0	0.020066328507288823		_
com.google.javascript.rhino.jstype.JSType#ObjectType#toObjectType#?#470	0.02004414573445789	0.0	0.02004414573445789		_
com.google.javascript.rhino.jstype.PrototypeObjectType#boolean#hasReferenceName#?#419	0.02003810864409422	0.0	0.02003810864409422		_
com.google.javascript.jscomp.parsing.IRFactory$TransformDispatcher#Node#processReturnStatement#?,ReturnStatement#701	0.0200320770053751	0.0	0.0200320770053751		_
com.google.javascript.rhino.jstype.ObjectType#boolean#hasCachedValues#?#494	0.020020030050087657	0.0	0.020020030050087657		_
com.google.javascript.rhino.jstype.PrototypeObjectType#void#setImplicitPrototype#?,ObjectType#405	0.020020030050087657	0.0	0.020020030050087657		_
com.google.javascript.rhino.jstype.PrototypeObjectType#boolean#hasCachedValues#?#516	0.020020030050087657	0.0	0.020020030050087657		_
com.google.javascript.rhino.jstype.InstanceObjectType#String#getReferenceName#?#67	0.020004001200400138	0.0	0.020004001200400138		_
com.google.javascript.rhino.jstype.JSTypeRegistry#JSType#createUnionType#?,JSType#933	0.019984019174435787	0.0	0.019984019174435787		_
com.google.javascript.rhino.jstype.PrototypeObjectType#String#getReferenceName#?#411	0.01996608645507858	0.0	0.01996608645507858		_
com.google.javascript.rhino.jstype.InstanceObjectType#ObjectType#getImplicitPrototype#?#77	0.0199363055707225	0.0	0.0199363055707225		_
com.google.javascript.rhino.jstype.ObjectType#ObjectType#cast#?,JSType#506	0.019932344846421823	0.0	0.019932344846421823		_
com.google.javascript.rhino.jstype.ObjectType#?#ObjectType#?,JSTypeRegistry#86	0.019930365369298274	0.0	0.019930365369298274		_
com.google.javascript.rhino.jstype.PrototypeObjectType#ObjectType#getImplicitPrototype#?#394	0.019918500878494297	0.0	0.019918500878494297		_
com.google.javascript.rhino.jstype.InstanceObjectType#FunctionType#getConstructor#?#82	0.01990862997205606	0.0	0.01990862997205606		_
com.google.javascript.rhino.jstype.UnionTypeBuilder#Collection<JSType>#getAlternateListCopy#?#206	0.01990271446755107	0.0	0.01990271446755107		_
com.google.javascript.rhino.jstype.UnionTypeBuilder#JSType#reduceAlternatesWithoutUnion#?#171	0.01990271446755107	0.0	0.01990271446755107		_
com.google.javascript.rhino.jstype.UnionType#?#UnionType#?,JSTypeRegistry,Collection<JSType>#83	0.01990271446755107	0.0	0.01990271446755107		_
com.google.javascript.rhino.jstype.UnionTypeBuilder#JSType#build#?#189	0.01990271446755107	0.0	0.01990271446755107		_
com.google.javascript.rhino.jstype.JSType#int#hashCode#?#347	0.01989286700048564	0.0	0.01989286700048564		_
com.google.javascript.rhino.jstype.JSTypeRegistry#ObjectType#getNativeObjectType#?,JSTypeNative#814	0.01989286700048564	0.0	0.01989286700048564		_
com.google.javascript.rhino.jstype.ValueType#boolean#isSubtype#?,JSType#54	0.01988893210439325	0.0	0.01988893210439325		_
com.google.javascript.rhino.jstype.JSType#boolean#isUnknownType#?#238	0.01982044721181365	0.0	0.01982044721181365		_
com.google.javascript.rhino.jstype.UnionTypeBuilder#?#UnionTypeBuilder#?,JSTypeRegistry#80	0.019816555125922064	0.0	0.019816555125922064		_
com.google.javascript.rhino.jstype.JSType#boolean#isNoType#?#151	0.01975459193299179	0.0	0.01975459193299179		_
com.google.javascript.jscomp.WarningsGuard#int#getPriority#?#82	0.019750738506263823	0.0	0.019750738506263823		_
com.google.javascript.jscomp.SuppressDocWarningsGuard#int#getPriority#?#92	0.019750738506263823	0.0	0.019750738506263823		_
com.google.javascript.rhino.jstype.JSType#boolean#isAllType#?#234	0.019746887333660916	0.0	0.019746887333660916		_
com.google.javascript.rhino.jstype.JSType#?#JSType#?,JSTypeRegistry#103	0.019727665205739407	0.0	0.019727665205739407		_
com.google.javascript.jscomp.CompilerOptions#WarningsGuard#getWarningsGuard#?#849	0.019706585563285865	0.0	0.019706585563285865		_
com.google.javascript.jscomp.ComposeWarningsGuard#void#addGuards#?,Iterable<WarningsGuard>#69	0.019706585563285865	0.0	0.019706585563285865		_
com.google.javascript.jscomp.DiagnosticGroups#Map<String,DiagnosticGroup>#getRegisteredGroups#?#45	0.019706585563285865	0.0	0.019706585563285865		_
com.google.javascript.jscomp.DiagnosticGroupWarningsGuard#?#DiagnosticGroupWarningsGuard#?,DiagnosticGroup,CheckLevel#33	0.019706585563285865	0.0	0.019706585563285865		_
com.google.javascript.jscomp.SuppressDocWarningsGuard#?#SuppressDocWarningsGuard#?,Map<String,DiagnosticGroup>#40	0.019706585563285865	0.0	0.019706585563285865		_
com.google.javascript.jscomp.ComposeWarningsGuard#?#ComposeWarningsGuard#?,List<WarningsGuard>#48	0.019706585563285865	0.0	0.019706585563285865		_
com.google.javascript.jscomp.Compiler#DiagnosticGroups#getDiagnosticGroups#?#1646	0.019706585563285865	0.0	0.019706585563285865		_
com.google.javascript.rhino.jstype.JSTypeRegistry#JSType#getNativeType#?,JSTypeNative#810	0.019681760163409247	0.0	0.019681760163409247		_
com.google.javascript.rhino.jstype.JSType#boolean#isEquivalentTo#?,JSType#331	0.019666529547730332	0.0	0.019666529547730332		_
com.google.javascript.rhino.Node#int#getChildCount#?#1346	0.019527302389428968	0.0	0.019527302389428968		_
com.google.javascript.jscomp.CompilerInput#Node#getAstRoot#?,AbstractCompiler#102	0.019492029389636262	0.0	0.019492029389636262		_
com.google.javascript.jscomp.Compiler#int#getErrorCount#?#1696	0.01947169534044942	0.0	0.01947169534044942		_
com.google.javascript.jscomp.CompilerInput#?#CompilerInput#?,JSSourceFile,boolean#84	0.019468005073129166	0.0	0.019468005073129166		_
com.google.javascript.jscomp.CompilerInput#?#CompilerInput#?,JSSourceFile#78	0.019468005073129166	0.0	0.019468005073129166		_
com.google.javascript.jscomp.CompilerInput#String#getName#?#90	0.019466160726095222	0.0	0.019466160726095222		_
com.google.javascript.rhino.Node#Node#getLastChild#?#552	0.019455105641024067	0.0	0.019455105641024067		_
com.google.javascript.rhino.Node#Node#getParent#?#1267	0.01944958515692872	0.0	0.01944958515692872		_
com.google.javascript.jscomp.PrepareAst$PrepareAnnotations#boolean#shouldTraverse#?,NodeTraversal,Node,Node#142	0.019425717247145282	0.0	0.019425717247145282		_
com.google.javascript.jscomp.PrepareAst#void#process#?,Node,Node#57	0.019425717247145282	0.0	0.019425717247145282		_
com.google.javascript.jscomp.PrepareAst$PrepareAnnotations#void#visit#?,NodeTraversal,Node,Node#150	0.019425717247145282	0.0	0.019425717247145282		_
com.google.javascript.jscomp.PrepareAst#?#PrepareAst#?,AbstractCompiler,boolean#45	0.019425717247145282	0.0	0.019425717247145282		_
com.google.javascript.jscomp.PrepareAst#?#PrepareAst#?,AbstractCompiler#41	0.019425717247145282	0.0	0.019425717247145282		_
com.google.javascript.jscomp.JsAst#void#parse#?,AbstractCompiler,String,String#100	0.019425717247145282	0.0	0.019425717247145282		_
com.google.javascript.rhino.Node#PropListItem#removeProp#?,PropListItem,int#783	0.019425717247145282	0.0	0.019425717247145282		_
com.google.javascript.jscomp.PrepareAst$PrepareAnnotations#?#PrepareAnnotations#?,AbstractCompiler#137	0.019425717247145282	0.0	0.019425717247145282		_
com.google.javascript.jscomp.Compiler#void#prepareAst#?,Node#1564	0.019425717247145282	0.0	0.019425717247145282		_
com.google.javascript.jscomp.CompilerOptions$TracerMode#boolean#isOn#?#1076	0.019422053054479065	0.0	0.019422053054479065		_
com.google.javascript.jscomp.Compiler#Tracer#newTracer#?,String#828	0.019422053054479065	0.0	0.019422053054479065		_
com.google.javascript.jscomp.Compiler#void#stopTracer#?,Tracer,String#837	0.019422053054479065	0.0	0.019422053054479065		_
com.google.javascript.rhino.Node#void#removeProp#?,int#765	0.01942022173553157	0.0	0.01942022173553157		_
com.google.javascript.jscomp.NodeTraversal#String#getSourceName#?,Node#614	0.019405589808997287	0.0	0.019405589808997287		_
com.google.javascript.jscomp.NodeTraversal#void#traverseBranch#?,Node,Node#441	0.019405589808997287	0.0	0.019405589808997287		_
com.google.javascript.jscomp.Compiler#ErrorReporter#getDefaultErrorReporter#?#1221	0.01940376314265832	0.0	0.01940376314265832		_
com.google.javascript.jscomp.JsAst#void#createAst#?,AbstractCompiler#77	0.01940376314265832	0.0	0.01940376314265832		_
com.google.javascript.jscomp.Compiler#Config#getParserConfig#?#1625	0.01940376314265832	0.0	0.01940376314265832		_
com.google.javascript.jscomp.Compiler#boolean#acceptEcmaScript5#?#1619	0.01940376314265832	0.0	0.01940376314265832		_
com.google.javascript.jscomp.JsAst#Node#getAstRoot#?,AbstractCompiler#49	0.01940376314265832	0.0	0.01940376314265832		_
com.google.javascript.jscomp.Tracer#?#Tracer#?,String,String#265	0.01939828623711308	0.0	0.01939828623711308		_
com.google.javascript.jscomp.Tracer#long#stop#?#453	0.01939828623711308	0.0	0.01939828623711308		_
com.google.javascript.jscomp.CodeChangeHandler$RecentChange#boolean#hasCodeChanged#?#43	0.01939828623711308	0.0	0.01939828623711308		_
com.google.javascript.jscomp.Tracer#long#stop#?,int#426	0.01939828623711308	0.0	0.01939828623711308		_
com.google.javascript.jscomp.Tracer$ThreadTrace#boolean#isInitialized#?#757	0.01939828623711308	0.0	0.01939828623711308		_
com.google.javascript.jscomp.Compiler#boolean#hasHaltingErrors#?#1708	0.01939828623711308	0.0	0.01939828623711308		_
com.google.javascript.jscomp.SourceFile#String#getName#?#136	0.01939646163228027	0.0	0.01939646163228027		_
com.google.javascript.jscomp.SourceFile#SourceFile#fromCode#?,String,String#257	0.01939646163228027	0.0	0.01939646163228027		_
com.google.javascript.jscomp.SourceFile#void#setCode#?,String#110	0.01939646163228027	0.0	0.01939646163228027		_
com.google.javascript.jscomp.SourceFile$Preloaded#?#Preloaded#?,String,String#297	0.01939646163228027	0.0	0.01939646163228027		_
com.google.javascript.jscomp.SourceFile#void#setOriginalPath#?,String#118	0.01939646163228027	0.0	0.01939646163228027		_
com.google.javascript.jscomp.SourceFile$Preloaded#?#Preloaded#?,String,String,String#303	0.01939646163228027	0.0	0.01939646163228027		_
com.google.javascript.jscomp.JsAst#?#JsAst#?,SourceFile#43	0.01939646163228027	0.0	0.01939646163228027		_
com.google.javascript.jscomp.SourceFile#?#SourceFile#?,String#82	0.01939646163228027	0.0	0.01939646163228027		_
com.google.javascript.jscomp.JSSourceFile#?#JSSourceFile#?,SourceFile#73	0.01939646163228027	0.0	0.01939646163228027		_
com.google.javascript.jscomp.JSSourceFile#JSSourceFile#fromCode#?,String,String#55	0.01939646163228027	0.0	0.01939646163228027		_
com.google.javascript.jscomp.SourceFile#String#getCode#?#94	0.019390990905438336	0.0	0.019390990905438336		_
com.google.javascript.jscomp.JSSourceFile#String#getCode#?#78	0.019390990905438336	0.0	0.019390990905438336		_
com.google.javascript.jscomp.CompilerOptions#CodingConvention#getCodingConvention#?#961	0.019387346324839388	0.0	0.019387346324839388		_
com.google.javascript.jscomp.Compiler#CodingConvention#getCodingConvention#?#1607	0.019387346324839388	0.0	0.019387346324839388		_
com.google.javascript.rhino.Node#Object#getProp#?,int#796	0.01938552480500403	0.0	0.01938552480500403		_
com.google.javascript.jscomp.Compiler#boolean#isIdeMode#?#1614	0.01937824385646364	0.0	0.01937824385646364		_
com.google.javascript.jscomp.NodeTraversal#void#popScope#?#543	0.019369154197041234	0.0	0.019369154197041234		_
com.google.javascript.jscomp.NodeTraversal#void#traverse#?,AbstractCompiler,Node,Callback#422	0.019369154197041234	0.0	0.019369154197041234		_
com.google.javascript.jscomp.NodeTraversal#?#NodeTraversal#?,AbstractCompiler,Callback#196	0.019367337799588276	0.0	0.019367337799588276		_
com.google.javascript.jscomp.SyntacticScopeCreator#?#SyntacticScopeCreator#?,AbstractCompiler#56	0.019363706537195886	0.0	0.019363706537195886		_
com.google.javascript.jscomp.BasicErrorManager#int#getErrorCount#?#73	0.019358263471301363	0.0	0.019358263471301363		_
com.google.javascript.jscomp.parsing.ParserRunner#Node#parse#?,String,String,Config,ErrorReporter,Logger#116	0.01928791874526149	0.0	0.01928791874526149		_
com.google.javascript.jscomp.parsing.IRFactory$TransformDispatcher#Node#processName#?,Name#618	0.019197076124030224	0.0	0.019197076124030224		_
com.google.javascript.jscomp.parsing.IRFactory#Node#newStringNode#?,int,String#1207	0.019193539773972767	0.0	0.019193539773972767		_
com.google.javascript.jscomp.parsing.IRFactory#int#position2charno#?,int#265	0.01917412472118426	0.0	0.01917412472118426		_
com.google.javascript.rhino.Node$StringNode#String#getString#?#298	0.01915125544185245	0.0	0.01915125544185245		_
com.google.javascript.jscomp.parsing.IRFactory$TransformDispatcher#Node#processAstRoot#?,AstRoot#346	0.019121472563060887	0.0	0.019121472563060887		_
com.google.javascript.jscomp.parsing.IRFactory$TransformDispatcher#boolean#isDirective#?,Node#382	0.019121472563060887	0.0	0.019121472563060887		_
com.google.javascript.jscomp.parsing.IRFactory#JSDocInfo#handleJsDoc#?,AstNode#201	0.019112739302699862	0.0	0.019112739302699862		_
com.google.javascript.jscomp.parsing.IRFactory#Node#transformTree#?,AstRoot,String,Config,ErrorReporter#141	0.019112739302699862	0.0	0.019112739302699862		_
com.google.javascript.jscomp.parsing.IRFactory#Node#justTransform#?,AstNode#273	0.019112739302699862	0.0	0.019112739302699862		_
com.google.javascript.jscomp.parsing.IRFactory$TransformDispatcher#void#parseDirectives#?,Node#374	0.019112739302699862	0.0	0.019112739302699862		_
com.google.javascript.jscomp.parsing.IRFactory#Node#createTemplateNode#?#120	0.019112739302699862	0.0	0.019112739302699862		_
com.google.javascript.jscomp.parsing.IRFactory#Node#transform#?,AstNode#221	0.019112739302699862	0.0	0.019112739302699862		_
com.google.javascript.jscomp.parsing.IRFactory#?#IRFactory#?,String,String,Config,ErrorReporter#105	0.019112739302699862	0.0	0.019112739302699862		_
com.google.javascript.jscomp.parsing.IRFactory#void#setFileOverviewJsDoc#?,Node#148	0.019112739302699862	0.0	0.019112739302699862		_
com.google.javascript.jscomp.parsing.IRFactory#Node#newNode#?,int#1187	0.019112739302699862	0.0	0.019112739302699862		_
com.google.javascript.rhino.Node#PropListItem#lookupProperty#?,int#743	0.01909879094156249	0.0	0.01909879094156249		_
com.google.javascript.rhino.Node#int#extractLineno#?,int#1162	0.019090088708030313	0.0	0.019090088708030313		_
com.google.javascript.rhino.Node#int#extractCharno#?,int#1174	0.019090088708030313	0.0	0.019090088708030313		_
com.google.javascript.rhino.Node#void#setIsSyntheticBlock#?,boolean#2012	0.01907966171296492	0.0	0.01907966171296492		_
com.google.javascript.jscomp.parsing.ParserRunner#Config#createConfig#?,boolean,boolean#52	0.01907445461847278	0.0	0.01907445461847278		_
com.google.javascript.rhino.Node#void#addChildToBack#?,Node#610	0.019041575062365312	0.0	0.019041575062365312		_
com.google.javascript.rhino.Node#FileLevelJsDocBuilder#getJsDocBuilderForNode#?#1927	0.01903812393862834	0.0	0.01903812393862834		_
com.google.javascript.rhino.Node#void#setJSDocInfo#?,JSDocInfo#1968	0.01903812393862834	0.0	0.01903812393862834		_
com.google.javascript.rhino.Node#void#putBooleanProp#?,int,boolean#831	0.018957558878566663	0.0	0.018957558878566663		_
com.google.javascript.rhino.Node#void#putIntProp#?,int,int#837	0.018957558878566663	0.0	0.018957558878566663		_
com.google.javascript.rhino.Node$PropListItem#?#PropListItem#?,int,int,PropListItem#351	0.018957558878566663	0.0	0.018957558878566663		_
com.google.javascript.rhino.Node#Node#newString#?,int,String#524	0.018954153227074423	0.0	0.018954153227074423		_
com.google.javascript.rhino.Node#JSDocInfo#getJSDocInfo#?#1961	0.018945647121890376	0.0	0.018945647121890376		_
com.google.javascript.rhino.Node#Node#getNext#?#556	0.01893715245835888	0.0	0.01893715245835888		_
com.google.javascript.rhino.Node$StringNode#?#StringNode#?,int,String#277	0.01892019735382384	0.0	0.01892019735382384		_
com.google.javascript.rhino.Node#int#getCharno#?#863	0.018801111554573632	0.0	0.018801111554573632		_
com.google.javascript.rhino.Node#int#getLineno#?#859	0.018801111554573632	0.0	0.018801111554573632		_
com.google.javascript.jscomp.Scope#?#Scope#?,Scope,Node#298	0.018751465015433733	0.0	0.018751465015433733		_
com.google.javascript.rhino.Node#Node#clonePropsFrom#?,Node#759	0.0186842464327103	0.0	0.0186842464327103		_
com.google.javascript.rhino.Node#Node#getFirstChild#?#548	0.018664709048733914	0.0	0.018664709048733914		_
com.google.javascript.rhino.Node#void#putProp#?,int,Object#826	0.01866145877286273	0.0	0.01866145877286273		_
com.google.javascript.rhino.Node$PropListItem#?#PropListItem#?,int,Object,PropListItem#355	0.01866145877286273	0.0	0.01866145877286273		_
com.google.javascript.rhino.Node#int#getType#?#536	0.018629049129138046	0.0	0.018629049129138046		_
com.google.javascript.rhino.Node#int#mergeLineCharNo#?,int,int#1152	0.0186145197762485	0.0	0.0186145197762485		_
com.google.javascript.jscomp.parsing.Config#Map<String,Annotation>#buildAnnotationNames#?,Set<String>#80	0.01847737675347874	0.0	0.01847737675347874		_
com.google.javascript.jscomp.parsing.Config#?#Config#?,Set<String>,Set<String>,boolean,boolean#68	0.018467921378827943	0.0	0.018467921378827943		_
com.google.javascript.rhino.Node$PropListItem#?#PropListItem#?,int,int,Object,PropListItem#363	0.018428679650370202	0.0	0.018428679650370202		_
com.google.javascript.rhino.Node#NodeMismatch#checkTreeEqualsImpl#?,Node#1423	0.01831243855328779	0.0	0.01831243855328779		_
com.google.javascript.rhino.Node$NodeMismatch#?#NodeMismatch#?,Node,Node#2236	0.01822101292697509	0.0	0.01822101292697509		_
com.google.javascript.jscomp.CodeConsumer#void#appendBlockEnd#?#81	0.017049858486761837	0.0	0.017049858486761837		_
com.google.javascript.jscomp.CodeConsumer#void#appendBlockStart#?#77	0.017049858486761837	0.0	0.017049858486761837		_
com.google.javascript.jscomp.CodeConsumer#void#beginBlock#?#101	0.016874182676570676	0.0	0.016874182676570676		_
com.google.javascript.jscomp.CodeConsumer#void#maybeEndStatement#?#155	0.016252107831923043	0.0	0.016252107831923043		_
com.google.javascript.jscomp.SyntacticScopeCreator#void#declareVar#?,Node#241	0.015670978520180567	0.0	0.015670978520180567		_
com.google.javascript.jscomp.Scope#Var#declare#?,String,Node,JSType,CompilerInput#373	0.01476990478168478	0.0	0.01476990478168478		_
com.google.javascript.jscomp.CodePrinter$CompactCodePrinter#void#maybeLineBreak#?#449	0.014728195398497141	0.0	0.014728195398497141		_
com.google.javascript.jscomp.parsing.IRFactory#Node#newNumberNode#?,Double#1211	0.01436212474053565	0.0	0.01436212474053565		_
com.google.javascript.jscomp.parsing.IRFactory$TransformDispatcher#Node#processNumberLiteral#?,NumberLiteral#628	0.01436212474053565	0.0	0.01436212474053565		_
com.google.javascript.rhino.Node#Node#newNumber#?,double#512	0.014262447634628236	0.0	0.014262447634628236		_
com.google.javascript.rhino.Node$NumberNode#?#NumberNode#?,double#244	0.014262447634628236	0.0	0.014262447634628236		_
com.google.javascript.jscomp.ControlFlowGraph#boolean#isEnteringNewCfgNode#?,Node#193	0.014204774743178402	0.0	0.014204774743178402		_
com.google.javascript.jscomp.CodePrinter$CompactCodePrinter#void#maybeCutLine#?#458	0.013904991953878735	0.0	0.013904991953878735		_
com.google.javascript.jscomp.LineNumberCheck#void#visit#?,NodeTraversal,Node,Node#70	0.013782946160499281	0.0	0.013782946160499281		_
com.google.javascript.jscomp.LineNumberCheck#void#process#?,Node,Node#54	0.013762047064079509	0.0	0.013762047064079509		_
com.google.javascript.jscomp.GoogleCodingConvention#boolean#isVarArgsParameter#?,Node#120	0.013702487638391995	0.0	0.013702487638391995		_
com.google.javascript.jscomp.GoogleCodingConvention#boolean#isOptionalParameter#?,Node#115	0.013702487638391995	0.0	0.013702487638391995		_
com.google.javascript.rhino.Node#boolean#checkTreeEqualsSilent#?,Node#1383	0.013694775891619418	0.0	0.013694775891619418		_
com.google.javascript.jscomp.LineNumberCheck#boolean#shouldTraverse#?,NodeTraversal,Node,Node#61	0.01369220820135749	0.0	0.01369220820135749		_
com.google.javascript.rhino.Node#Node#detachFromParent#?#1782	0.013563140979519323	0.0	0.013563140979519323		_
com.google.javascript.jscomp.LineNumberCheck#?#LineNumberCheck#?,AbstractCompiler#42	0.013543224462197162	0.0	0.013543224462197162		_
com.google.javascript.jscomp.parsing.IRFactory$TransformDispatcher#Node#processGeneric#?,com.google.javascript.jscomp.mozilla.rhino.Node#280	0.013530821103553189	0.0	0.013530821103553189		_
com.google.javascript.rhino.Node$StringNode#boolean#isEquivalentTo#?,Node#315	0.013488903197125647	0.0	0.013488903197125647		_
com.google.javascript.jscomp.CodeConsumer#void#endStatement#?,boolean#144	0.013483997249264842	0.0	0.013483997249264842		_
com.google.javascript.jscomp.CodeConsumer#void#endStatement#?#135	0.013483997249264842	0.0	0.013483997249264842		_
com.google.javascript.jscomp.CodeConsumer#void#addIdentifier#?,String#62	0.013449804844747544	0.0	0.013449804844747544		_
com.google.javascript.jscomp.CodeGenerator#void#add#?,String#64	0.013447372472027637	0.0	0.013447372472027637		_
com.google.javascript.jscomp.CodeGenerator#String#identifierEscape#?,String#1022	0.013442511682975996	0.0	0.013442511682975996		_
com.google.javascript.jscomp.CodeGenerator#void#addIdentifier#?,String#68	0.013442511682975996	0.0	0.013442511682975996		_
com.google.javascript.jscomp.CodePrinter$CompactCodePrinter#void#notePreferredLineBreak#?#476	0.013437656161169417	0.0	0.013437656161169417		_
com.google.javascript.jscomp.NodeUtil#boolean#isLatin#?,String#2012	0.013435230372511476	0.0	0.013435230372511476		_
com.google.javascript.jscomp.CodePrinter$CompactCodePrinter#void#append#?,String#413	0.013432805897101947	0.0	0.013432805897101947		_
com.google.javascript.jscomp.Compiler#String#toSource#?,Node#1407	0.013413457228942641	0.0	0.013413457228942641		_
com.google.javascript.jscomp.CodePrinter$MappedCodePrinter#char#getLastChar#?#181	0.013339263212805203	0.0	0.013339263212805203		_
com.google.javascript.jscomp.CodePrinter$Builder#Builder#setOutputCharset#?,Charset#563	0.013334518676566624	0.0	0.013334518676566624		_
com.google.javascript.jscomp.CodeConsumer#boolean#isWordChar#?,char#262	0.013334518676566624	0.0	0.013334518676566624		_
com.google.javascript.jscomp.CodeConsumer#void#add#?,String#182	0.013334518676566624	0.0	0.013334518676566624		_
com.google.javascript.jscomp.CodePrinter$Builder#Builder#setSourceMapDetailLevel#?,SourceMap.DetailLevel#554	0.013334518676566624	0.0	0.013334518676566624		_
com.google.javascript.jscomp.Compiler#String#toSource#?,Node,SourceMap#1416	0.013334518676566624	0.0	0.013334518676566624		_
com.google.javascript.jscomp.CodePrinter$Builder#Builder#setSourceMap#?,SourceMap#546	0.013229087286639312	0.0	0.013229087286639312		_
com.google.javascript.jscomp.CodePrinter$CompactCodePrinter#?#CompactCodePrinter#?,boolean,int,boolean,SourceMap.DetailLevel#405	0.01318073435607412	0.0	0.01318073435607412		_
com.google.javascript.jscomp.CodePrinter$Builder#Builder#setLineBreak#?,boolean#515	0.01318073435607412	0.0	0.01318073435607412		_
com.google.javascript.jscomp.PrepareAst$PrepareAnnotations#void#annotateFunctions#?,Node,Node#247	0.013117080903335111	0.0	0.013117080903335111		_
com.google.javascript.rhino.Node#boolean#isEquivalentTo#?,Node#1631	0.013112569439434401	0.0	0.013112569439434401		_
com.google.javascript.rhino.Node#Class#getNodeClass#?,Node#1396	0.013112569439434401	0.0	0.013112569439434401		_
com.google.javascript.jscomp.CodePrinter$Builder#Builder#setPrettyPrint#?,boolean#505	0.013101311113808021	0.0	0.013101311113808021		_
com.google.javascript.jscomp.NodeUtil#String#opToStr#?,int#1748	0.013087839325038072	0.0	0.013087839325038072		_
com.google.javascript.jscomp.CodeConsumer#boolean#continueProcessing#?#53	0.013087839325038072	0.0	0.013087839325038072		_
com.google.javascript.jscomp.CodeGenerator#void#add#?,Node#72	0.013087839325038072	0.0	0.013087839325038072		_
com.google.javascript.jscomp.CodePrinter$MappedCodePrinter#void#endSourceMapping#?,Node#112	0.013087839325038072	0.0	0.013087839325038072		_
com.google.javascript.jscomp.CodePrinter#String#toSource#?,Node,Format,boolean,int,SourceMap,SourceMap.DetailLevel,Charset#620	0.013087839325038072	0.0	0.013087839325038072		_
com.google.javascript.jscomp.CodePrinter$Builder#String#build#?#582	0.013087839325038072	0.0	0.013087839325038072		_
com.google.javascript.jscomp.CodePrinter$MappedCodePrinter#void#startSourceMapping#?,Node#89	0.013087839325038072	0.0	0.013087839325038072		_
com.google.javascript.jscomp.CodePrinter$MappedCodePrinter#?#MappedCodePrinter#?,int,boolean,SourceMap.DetailLevel#61	0.013087839325038072	0.0	0.013087839325038072		_
com.google.javascript.jscomp.CodePrinter$Builder#?#Builder#?,Node#497	0.013087839325038072	0.0	0.013087839325038072		_
com.google.javascript.jscomp.CodeGenerator#?#CodeGenerator#?,CodeConsumer,Charset#53	0.013087839325038072	0.0	0.013087839325038072		_
com.google.javascript.jscomp.CodePrinter$MappedCodePrinter#String#getCode#?#176	0.013087839325038072	0.0	0.013087839325038072		_
com.google.javascript.jscomp.parsing.IRFactory$TransformDispatcher#Node#processFunctionNode#?,FunctionNode#545	0.013076644524148537	0.0	0.013076644524148537		_
com.google.javascript.jscomp.BasicErrorManager#int#getWarningCount#?#77	0.01279530038151927	0.0	0.01279530038151927		_
com.google.javascript.jscomp.parsing.IRFactory$TransformDispatcher#Node#processInfixExpression#?,InfixExpression#568	0.01239965876608607	0.0	0.01239965876608607		_
com.google.javascript.jscomp.Compiler#void#initCompilerOptionsIfTesting#?#1194	0.012142863338197162	0.0	0.012142863338197162		_
com.google.javascript.jscomp.parsing.IRFactory$TransformDispatcher#Node#processPropertyGet#?,PropertyGet#675	0.011786750182111923	0.0	0.011786750182111923		_
com.google.javascript.jscomp.parsing.IRFactory$TransformDispatcher#Node#transformAsString#?,AstNode#300	0.011707322644771175	0.0	0.011707322644771175		_
com.google.javascript.rhino.Node#JSType#getJSType#?#1919	0.011615349838117045	0.0	0.011615349838117045		_
com.google.javascript.jscomp.NodeUtil#boolean#isStatement#?,Node#1343	0.01154854529249894	0.0	0.01154854529249894		_
com.google.javascript.jscomp.NodeUtil#JSDocInfo#getInfoForNameNode#?,Node#2402	0.01140198229291768	0.0	0.01140198229291768		_
com.google.javascript.jscomp.NodeTraversal#void#traverseFunction#?,Node,Node#481	0.011332945501390074	0.0	0.011332945501390074		_
com.google.javascript.jscomp.Scope#boolean#isDeclared#?,String,boolean#455	0.011246608955715614	0.0	0.011246608955715614		_
com.google.javascript.jscomp.Scope#boolean#isLocal#?#483	0.011171964054218796	0.0	0.011171964054218796		_
com.google.javascript.jscomp.Scope#boolean#isGlobal#?#476	0.011171964054218796	0.0	0.011171964054218796		_
com.google.javascript.jscomp.Scope#Var#declare#?,String,Node,JSType,CompilerInput,boolean#399	0.011112483107302193	0.0	0.011112483107302193		_
com.google.javascript.jscomp.Scope$Var#?#Var#?,boolean#108	0.011112483107302193	0.0	0.011112483107302193		_
com.google.javascript.jscomp.Compiler#CompilerInput#getInput#?,String#928	0.010817292065452438	0.0	0.010817292065452438		_
com.google.javascript.jscomp.PrepareAst$PrepareAnnotations#void#annotateDispatchers#?,Node,Node#197	0.010745856927604472	0.0	0.010745856927604472		_
com.google.javascript.jscomp.NodeUtil#JSDocInfo#getFunctionInfo#?,Node#2412	0.010745856927604472	0.0	0.010745856927604472		_
com.google.javascript.jscomp.NodeUtil#boolean#isFunctionExpression#?,Node#1558	0.01073223340732196	0.0	0.01073223340732196		_
com.google.javascript.jscomp.parsing.IRFactory$TransformDispatcher#Node#processBlock#?,Block#390	0.010666097823284844	0.0	0.010666097823284844		_
com.google.javascript.jscomp.parsing.IRFactory#Node#newNode#?,int,Node,Node#1195	0.010556184384033912	0.0	0.010556184384033912		_
com.google.javascript.jscomp.BasicErrorManager#JSError[]#getWarnings#?#85	0.010467904883688794	0.0	0.010467904883688794		_
com.google.javascript.jscomp.Compiler#JSError[]#getWarnings#?#872	0.010467904883688794	0.0	0.010467904883688794		_
