line	original_score	max_predicate_score	total	predicate	label
com.google.javascript.jscomp.TypeValidator#boolean#expectCanAssignToPropertyOf#?,NodeTraversal,Node,JSType,JSType,Node,String#366	4.0	4.0	3.214545454545455	(leftType.isConstructor() || leftType.isEnumType()) && (rightType.isConstructor() || rightType.isEnumType())	GT
com.google.javascript.jscomp.FunctionTypeBuilder#FunctionType#getOrCreateConstructor#?#677	0.004651162790697674	4.0	3.20093023255814	!(isInstanceObject || fnName.equals("Function"))	_
com.google.javascript.rhino.jstype.JSTypeRegistry#boolean#declareType#?,String,JSType#838	1.3333333333333333	1.3333333333333333	1.0674316475421448	namesToTypes.containsKey(name)	_
com.google.javascript.jscomp.TypeValidator#boolean#expectCanAssignTo#?,NodeTraversal,Node,JSType,JSType,String#405	0.5	0.5	0.4005063291139241	(leftType.isConstructor() || leftType.isEnumType()) && (rightType.isConstructor() || rightType.isEnumType())	GT
com.google.javascript.jscomp.TypeValidator#void#registerIfMismatch#?,JSType,JSType,JSError#693	0.07692307692307693	0.16666666666666666	0.14871794871794872	!(found != null && required != null && !found.canAssignTo(required))	_
com.google.javascript.jscomp.FunctionTypeBuilder#Scope#getScopeDeclaredIn#?#737	0.024390243902439025	0.14814814814814814	0.12339656729900633	!(rootVar != null)	_
com.google.javascript.jscomp.TypeValidator#Var#expectUndeclaredVariable#?,String,CompilerInput,Node,Node,Var,String,JSType#533	0.13333333333333333	0.13333333333333333	0.12333333333333334	info == null	_
com.google.javascript.jscomp.Scope$Var#String#getInputName#?#282	0.10526315789473684	0.10526315789473684	0.10526315789473684	!(input == null)	_
com.google.javascript.jscomp.TypeValidator#void#registerMismatch#?,JSType,JSType,JSError#675	0.07692307692307693	0.07692307692307693	0.06485337866553337	found.isFunctionType() && required.isFunctionType()	_
com.google.javascript.jscomp.parsing.JsDocInfoParser#Node#parseFunctionType#?,JsDocToken#1851	0.07692307692307693	0.07692307692307693	0.06386404293381037	!(match(JsDocToken.COMMA))	_
com.google.javascript.jscomp.Compiler#int#getWarningCount#?#2117	0.03333333333333333	0.06060606060606061	0.05515151515151516	(errorManager.getWarningCount())!= 0	_
com.google.javascript.rhino.jstype.EnumElementType#boolean#isSubtype#?,JSType#168	0.034482758620689655	0.034482758620689655	0.03409027193720213	JSType.isSubtypeHelper(this,that)	_
com.google.javascript.rhino.jstype.PrototypeObjectType#String#getReferenceName#?#433	0.041666666666666664	0.041666666666666664	0.03366156090444931	!(ownerFunction != null)	_
com.google.javascript.jscomp.TypedScopeCreator$AbstractScopeBuilder#EnumType#createEnumTypeFromNodes#?,Node,String,JSDocInfo,Node#1032	0.03333333333333333	0.03333333333333333	0.033118279569892474	!(!codingConvention.isValidEnumKey(keyName))	_
com.google.javascript.jscomp.TypeCheck#void#checkEnumAlias#?,NodeTraversal,JSDocInfo,Node#1865	0.03278688524590164	0.03278688524590164	0.03257871454592766	!(!valueType.isEnumType())	_
com.google.javascript.jscomp.TypeCheck#void#visitObjLitKey#?,NodeTraversal,Node,Node#1065	0.03508771929824561	0.03508771929824561	0.03179110567115463	allowedValueType.isEnumElementType()	_
com.google.javascript.rhino.jstype.FunctionType#String#toStringHelper#?,boolean#927	0.03418803418803419	0.03418803418803419	0.031432060003488575	isConstructor()	_
com.google.javascript.jscomp.TypedScopeCreator$AbstractScopeBuilder#JSType#getDeclaredType#?,String,JSDocInfo,Node,Node#1292	0.031007751937984496	0.031007751937984496	0.03073212747631352	rValue != null && rValue.isObjectLit()	_
com.google.javascript.jscomp.TypedScopeCreator$AbstractScopeBuilder#void#defineSlot#?,Node,Node,String,JSType,boolean#1154	0.02962962962962963	0.031007751937984496	0.03073212747631352	!(!isValidValue)	_
com.google.javascript.rhino.jstype.EnumType#String#toStringHelper#?,boolean#145	0.14285714285714285	0.0	0.028571428571428564		_
com.google.javascript.jscomp.TypedScopeCreator$AbstractScopeBuilder#void#defineObjectLiteral#?,Node#645	0.030303030303030304	0.030303030303030304	0.025335320417287633	info != null && info.hasEnumParameterType()	_
com.google.javascript.jscomp.TypeInference#FlowScope#traverseObjectLiteral#?,Node,FlowScope#740	0.029411764705882353	0.029411764705882353	0.02462230793956927	objectType.hasReferenceName() && !hasLendsName	_
com.google.javascript.jscomp.TypedScopeCreator$DiscoverEnumsAndTypedefs#void#identifyNameNode#?,Node,Node,JSDocInfo#394	0.029411764705882353	0.029411764705882353	0.024305943257371974	info.hasEnumParameterType()	_
com.google.javascript.jscomp.TypeCheck#void#process#?,Node,Node#365	0.003709810387469085	0.029411764705882353	0.024271373842199698	!(externsRoot != null)	_
com.google.javascript.rhino.jstype.JSTypeRegistry#JSType#createFromTypeNodesInternal#?,Node,String,StaticScope<JSType>#1631	0.014925373134328358	0.02857142857142857	0.024047619047619047	!(current.getType() == Token.PARAM_LIST)	_
com.google.javascript.rhino.JSDocInfoBuilder#boolean#recordEnumParameterType#?,JSTypeExpression#534	0.024096385542168676	0.024096385542168676	0.024039013195639704	type != null && !hasAnyTypeRelatedTags()	_
com.google.javascript.jscomp.ProcessClosurePrimitives#void#visit#?,NodeTraversal,Node,Node#240	0.01509433962264151	0.024539877300613498	0.0226507697650191	!(t.inGlobalScope() && !NodeUtil.isFunctionExpression(n))	_
com.google.javascript.jscomp.NodeUtil#JSDocInfo#getFunctionJSDocInfo#?,Node#2827	0.021621621621621623	0.021621621621621623	0.020037023324694557	parent.isAssign()	_
com.google.javascript.jscomp.TypedScopeCreator$AbstractScopeBuilder#FunctionType#createFunctionTypeFromNodes#?,Node,String,JSDocInfo,Node#906	0.004023245417970496	0.023391812865497075	0.01951738061843607	!(ownerVar != null)	_
com.google.javascript.jscomp.SuppressDocWarningsGuard#CheckLevel#level#?,JSError#71	0.0213903743315508	0.0213903743315508	0.019195632798573975	rhs.isFunction()	_
com.google.javascript.jscomp.TypeCheck#void#visitAssign#?,NodeTraversal,Node#876	0.008247422680412371	0.0223463687150838	0.018670046513917262	!(lvalue.isGetProp())	_
com.google.javascript.jscomp.ProcessClosurePrimitives#void#handleCandidateProvideDefinition#?,NodeTraversal,Node,Node#361	0.018518518518518517	0.018518518518518517	0.0169424743892829	n.isAssign() && parent.isExprResult()	_
com.google.javascript.rhino.jstype.JSTypeRegistry#void#register#?,JSType,String#602	0.016129032258064516	0.016129032258064516	0.016129032258064516	name.indexOf('.') > 0	_
com.google.javascript.jscomp.TypeInference#FlowScope#traverseName#?,Node,FlowScope#668	0.0034762456546929316	0.019138755980861243	0.01600118883376875	!(var != null)	_
com.google.javascript.jscomp.TypedScopeCreator$AbstractScopeBuilder#void#processObjectLitProperties#?,Node,ObjectType,boolean#693	0.014705882352941176	0.015267175572519083	0.014889325742296202	!(keyType != null && objLitType != null && declareOnOwner)	_
com.google.javascript.jscomp.NodeUtil#String#getBestLValueName#?,Node#3109	0.014134275618374558	0.014134275618374558	0.014114438038559296	ownerName != null	_
com.google.javascript.jscomp.NodeUtil#JSType#getObjectLitKeyTypeFromValueType#?,Node,JSType#2081	0.013888888888888888	0.013888888888888888	0.013879277201076509	valueType != null	_
com.google.javascript.jscomp.parsing.JsDocInfoParser#Node#parseResultType#?,JsDocToken#1981	0.014492753623188406	0.014492753623188406	0.012730566534914362	!match(JsDocToken.COLON)	_
com.google.javascript.jscomp.TypedScopeCreator$AbstractScopeBuilder#ObjectType#getObjectSlot#?,String#1671	0.014925373134328358	0.014925373134328358	0.012721887738899942	!(ownerVar != null)	_
com.google.javascript.jscomp.TypeInference#void#ensurePropertyDefined#?,Node,JSType#584	0.013513513513513514	0.013513513513513514	0.011581358756016291	ensurePropertyDeclaredHelper(getprop,objectType)	_
com.google.javascript.jscomp.ProcessClosurePrimitives#void#handleTypedefDefinition#?,NodeTraversal,Node,Node#341	0.011299435028248588	0.011299435028248588	0.011299435028248588	!(t.inGlobalScope() && info != null && info.hasTypedefType())	_
com.google.javascript.jscomp.TypedScopeCreator$AbstractScopeBuilder#void#visit#?,NodeTraversal,Node,Node#536	0.004102096627164996	0.013071895424836602	0.011201010763661104	!(firstChild.isGetProp() && firstChild.isQualifiedName())	_
com.google.javascript.rhino.jstype.EnumType#FunctionType#getConstructor#?#160	0.05555555555555555	0.0	0.011111111111111108		_
com.google.javascript.jscomp.TypeInference#boolean#ensurePropertyDeclaredHelper#?,Node,ObjectType#644	0.012422360248447204	0.012422360248447204	0.010728749358687466	propName.equals("prototype") || (!objectType.hasOwnProperty(propName) && (!objectType.isInstanceType() || (var.isExtern() && !objectType.isNativeObjectType())))	_
com.google.javascript.jscomp.ProcessClosurePrimitives#void#process#?,Node,Node#148	0.009779951100244499	0.00980392156862745	0.00979912747495086	requiresLevel.isOn()	_
com.google.javascript.jscomp.ProcessClosurePrimitives$ProvidedName#void#updateMinimumModule#?,JSModule#835	0.009779951100244499	0.009779951100244499	0.009779951100244499	minimumModule == null	_
com.google.javascript.jscomp.ProcessClosurePrimitives$ProvidedName#void#replace#?#856	0.009779951100244499	0.009779951100244499	0.009779951100244499	firstNode == null	_
com.google.javascript.jscomp.ProcessClosurePrimitives$ProvidedName#void#addProvide#?,Node,JSModule,boolean#804	0.009779951100244499	0.009779951100244499	0.009779951100244499	!(explicit)	_
com.google.javascript.jscomp.BasicErrorManager#int#getWarningCount#?#81	9.900990099009901E-4	0.011661807580174927	0.00952746586612014	(warningCount)> 0	_
com.google.javascript.jscomp.TypedScopeCreator$CollectProperties#void#visit#?,NodeTraversal,Node,Node#1728	0.008571428571428572	0.008571428571428572	0.008571428571428572	!(n.isExprResult())	_
com.google.javascript.jscomp.TypedScopeCreator$AbstractScopeBuilder#void#maybeDeclareQualifiedName#?,NodeTraversal,JSDocInfo,Node,Node,Node#1559	0.00395778364116095	0.009345794392523364	0.008268192242250881	!(ownerType != null)	_
com.google.javascript.jscomp.TypeInference#void#updateScopeForTypeChange#?,FlowScope,Node,JSType,JSType#544	0.005474452554744526	0.008587786259541985	0.007965119518582493	!(var != null && var.isTypeInferred())	_
com.google.javascript.jscomp.TypedScopeCreator#Scope#createScope#?,Node,Scope#241	0.008571428571428572	0.008571428571428572	0.007677562182575857	!fnThisType.isUnknownType()	_
com.google.javascript.rhino.Node#void#addChildToFront#?,Node#594	0.00703125	0.00703125	0.0068178429423459246	last == null	_
com.google.javascript.rhino.jstype.EnumType#boolean#defineElement#?,String,Node#117	0.03333333333333333	0.0	0.006666666666666665		_
com.google.javascript.jscomp.GoogleCodingConvention#boolean#isValidEnumKey#?,String#114	0.03305785123966942	0.0	0.006611570247933883		_
com.google.javascript.rhino.jstype.EnumElementType#EnumElementType#toMaybeEnumElementType#?#87	0.03305785123966942	0.0	0.006611570247933883		_
com.google.javascript.rhino.jstype.FunctionType#boolean#checkFunctionEquivalenceHelper#?,FunctionType,EquivalenceMethod#878	0.006711409395973154	0.006666666666666667	0.006482758620689656	that.isConstructor()	_
com.google.javascript.rhino.jstype.EnumElementType#JSType#getPrimitiveType#?#251	0.031496062992125984	0.0	0.006299212598425195		_
com.google.javascript.rhino.jstype.EnumElementType#ObjectType#getImplicitPrototype#?#201	0.031007751937984496	0.0	0.006201550387596897		_
com.google.javascript.rhino.jstype.ObjectType#Iterable<ObjectType>#getCtorExtendedInterfaces#?#583	0.03076923076923077	0.0	0.006153846153846153		_
com.google.javascript.jscomp.TypeCheck#void#visit#?,NodeTraversal,Node,Node#812	0.016	0.006153846153846154	0.005918101798698814	n.isObjectLit()	_
com.google.javascript.rhino.jstype.EnumType#EnumType#toMaybeEnumType#?#92	0.029197080291970802	0.0	0.005839416058394159		_
com.google.javascript.rhino.jstype.EnumType#boolean#isSubtype#?,JSType#138	0.028985507246376812	0.0	0.0057971014492753615		_
com.google.javascript.rhino.jstype.EnumType#JSType#resolveInternal#?,ErrorReporter,StaticScope<JSType>#180	0.02877697841726619	0.0	0.005755395683453237		_
com.google.javascript.rhino.jstype.EnumElementType#JSType#resolveInternal#?,ErrorReporter,StaticScope<JSType>#282	0.028169014084507043	0.0	0.005633802816901407		_
com.google.javascript.jscomp.TypeValidator#JSError#report#?,JSError#792	0.005578800557880056	0.005578800557880056	0.005571073687301274	shouldReport	_
com.google.javascript.rhino.jstype.EnumType#ObjectType#getImplicitPrototype#?#97	0.027586206896551724	0.0	0.0055172413793103435		_
com.google.javascript.jscomp.TypedScopeCreator$AbstractScopeBuilder#void#attachLiteralTypes#?,NodeTraversal,Node#599	0.0055248618784530384	0.0055248618784530384	0.005512785677625819	!(info != null && info.getLendsName() != null)	_
com.google.javascript.rhino.jstype.JSTypeRegistry#EnumType#createEnumType#?,String,Node,JSType#1040	0.0273972602739726	0.0	0.005479452054794519		_
com.google.javascript.jscomp.parsing.IRFactory$TransformDispatcher#Node#processObjectLiteral#?,ObjectLiteral#912	0.005263157894736842	0.005479452054794521	0.005406373075546008	!(el.isSetter())	_
com.google.javascript.rhino.jstype.EnumType#EnumElementType#getElementsType#?#124	0.02702702702702703	0.0	0.005405405405405405		_
com.google.javascript.jscomp.PrepareAst$PrepareAnnotations#void#normalizeObjectLiteralKeyAnnotations#?,Node,Node,Node#208	0.005249343832020997	0.005427408412483039	0.00539179549639063	!(key.getJSDocInfo() != null && value.isFunction())	_
com.google.javascript.rhino.jstype.EnumType#?#EnumType#?,JSTypeRegistry,String,Node,JSType#78	0.026845637583892617	0.0	0.005369127516778522		_
com.google.javascript.rhino.jstype.EnumElementType#?#EnumElementType#?,JSTypeRegistry,JSType,String#73	0.026845637583892617	0.0	0.005369127516778522		_
com.google.javascript.jscomp.Compiler#Node#parseTestCode#?,String#1589	0.005326231691078562	0.005326231691078562	0.005309478144474907	inputsById == null	_
com.google.javascript.jscomp.PrepareAst$PrepareAnnotations#void#normalizeObjectLiteralAnnotations#?,Node#148	0.005249343832020997	0.005249343832020997	0.005249343832020997	key != null	_
com.google.javascript.rhino.jstype.JSTypeRegistry#void#addReferenceTypeIndexedByProperty#?,String,JSType#649	0.005215123859191656	0.005215123859191656	0.005215123859191656	!(type instanceof NamedType)	_
com.google.javascript.jscomp.TypeCheck#void#checkPropertyInheritanceOnGetpropAssign#?,NodeTraversal,Node,Node,String,JSDocInfo,JSType#1012	0.003982300884955752	0.005361930294906166	0.005086004412916084	!(object.isGetProp())	_
com.google.javascript.rhino.JSDocInfo#JSTypeExpression#getEnumParameterType#?#1118	0.02531645569620253	0.0	0.0050632911392405056		_
com.google.javascript.jscomp.parsing.JsDocInfoParser#Node#parseBasicTypeExpression#?,JsDocToken#1755	0.005291005291005291	0.005291005291005291	0.004868397453143216	"function".equals(string)	_
com.google.javascript.jscomp.FunctionTypeBuilder#FunctionType#buildAndRegister#?#594	0.005187319884726225	0.005187319884726225	0.004846989912428539	!contents.mayHaveNonEmptyReturns() && !contents.mayHaveSingleThrow() && !contents.mayBeFromExterns()	_
com.google.javascript.rhino.JSDocInfo#void#setEnumParameterType#?,JSTypeExpression#1037	0.023529411764705882	0.0	0.004705882352941175		_
com.google.javascript.rhino.jstype.PrototypeObjectType#boolean#isSubtype#?,JSType#447	0.005398110661268556	0.005398110661268556	0.004633890666740445	JSType.isSubtypeHelper(this,that)	_
com.google.javascript.jscomp.InferJSDocInfo#void#attachJSDocInfoToNominalTypeOrShape#?,ObjectType,JSDocInfo,String#207	0.003950834064969272	0.00456158134820071	0.004439431891554422	!(objType.hasReferenceName() && objType.getReferenceName().equals(qName))	_
com.google.javascript.rhino.jstype.PrototypeObjectType#void#setPropertyJSDocInfo#?,String,JSDocInfo#283	0.004213483146067416	0.004215456674473068	0.004214667632512474	!(!properties.containsKey(propertyName))	_
com.google.javascript.jscomp.InferJSDocInfo#void#visit#?,NodeTraversal,Node,Node#173	0.004215456674473068	0.004215456674473068	0.00421427366511634	lhsType.hasOwnProperty(propName)	_
com.google.javascript.jscomp.LinkedFlowScope#StaticSlot<JSType>#getSlot#?,String#147	0.0041928721174004195	0.0041928721174004195	0.004183313237961787	slot.getName().equals(name)	_
com.google.javascript.rhino.Node#void#setType#?,int#524	0.004158004158004158	0.004158004158004158	0.004158004158004158	this.type >= type	_
com.google.javascript.jscomp.TypedScopeCreator$AbstractScopeBuilder#boolean#shouldUseFunctionLiteralType#?,FunctionType,JSDocInfo,Node#820	0.004174397031539889	0.004174397031539889	0.004137036455537627	info != null	_
com.google.javascript.jscomp.TypeCheck#boolean#propertyIsImplicitCast#?,ObjectType,String#1106	0.00408905043162199	0.00408905043162199	0.004087566875909838	!(type != null)	_
com.google.javascript.jscomp.TypedScopeCreator$AbstractScopeBuilder#boolean#isQualifiedNameInferred#?,String,Node,JSDocInfo,Node,JSType#1627	0.004132231404958678	0.004132231404958678	0.004076663068292424	info != null	_
com.google.javascript.rhino.jstype.PrototypeObjectType#JSDocInfo#getOwnPropertyJSDocInfo#?,String#274	0.004061371841155234	0.004061371841155234	0.004059908283734998	!(p != null)	_
com.google.javascript.jscomp.TypeCheck#void#checkPropCreation#?,NodeTraversal,Node#989	0.003978779840848806	0.003982300884955752	0.003981596676134363	!(objType.isStruct() && !objType.hasProperty(pname))	_
com.google.javascript.jscomp.TypeCheck#void#visitFunction#?,NodeTraversal,Node#1580	0.003971756398940865	0.003980539584254755	0.003978782947191977	!(baseConstructor != getNativeType(OBJECT_FUNCTION_TYPE))	_
com.google.javascript.jscomp.NodeUtil#Node#getBestLValueOwner#?,Node#3093	0.004048582995951417	0.004048582995951417	0.003958866396761134	isGet(lValue)	_
com.google.javascript.jscomp.TypeCheck#void#checkPropertyAccess#?,JSType,String,NodeTraversal,Node#1386	0.0039249890972525075	0.003938730853391685	0.00393598250216385	!(propType.isEquivalentTo(typeRegistry.getNativeType(UNKNOWN_TYPE)))	_
com.google.javascript.rhino.jstype.PrototypeObjectType#boolean#isPropertyTypeInferred#?,String#207	0.003935286401399213	0.003935286401399213	0.003935286401399213	!(slot == null)	_
com.google.javascript.jscomp.TypeCheck#void#visitGetProp#?,NodeTraversal,Node,Node#1363	0.0039249890972525075	0.0039249890972525075	0.0039249890972525075	!(childType.isDict())	_
com.google.javascript.jscomp.TypeValidator#boolean#expectNotNullOrUndefined#?,NodeTraversal,Node,JSType,String,JSType#257	0.0039249890972525075	0.0039249890972525075	0.0039249890972525075	!(!type.isNoType() && !type.isUnknownType() && type.isSubtype(nullOrUndefined)&& !containsForwardDeclaredUnresolvedName(type))	_
com.google.javascript.rhino.jstype.JSType#boolean#isDict#?#331	0.003930131004366812	0.003930131004366812	0.0039246772232679515	!(ctor == null)	_
com.google.javascript.rhino.jstype.FunctionType#boolean#isSubtype#?,JSType#1000	0.00392841553906591	0.00392841553906591	0.003919934503791588	!(that.isFunctionType())	_
com.google.javascript.rhino.jstype.FunctionType#boolean#makesDicts#?#233	0.0039198606271777	0.0039198606271777	0.0039198606271777	!(propAccess == PropAccess.DICT)	_
com.google.javascript.jscomp.TypeInference#JSType#getPropertyType#?,JSType,String,Node,FlowScope#1301	0.003926701570680628	0.003926701570680628	0.003910592025775272	isDeclared || isLocallyInferred	_
com.google.javascript.jscomp.TypedScopeCreator$AbstractScopeBuilder#void#finishConstructorDefinition#?,Node,String,FunctionType,Scope,CompilerInput,Var#1228	0.0038910505836575876	0.00391304347826087	0.003908644899340214	!(prototypeVar != null && prototypeVar.scope == scopeToDeclareIn)	_
com.google.javascript.rhino.jstype.FunctionType#Iterable<ObjectType>#getImplementedInterfaces#?#512	0.003911342894393742	0.003911342894393742	0.003907284432246512	!(superCtor == null)	_
com.google.javascript.rhino.jstype.PrototypeObjectType#boolean#isPropertyTypeDeclared#?,String#187	0.0039045553145336228	0.0039045553145336228	0.0038899277765311125	!(slot == null)	_
com.google.javascript.rhino.jstype.FunctionType#Property#getSlot#?,String#335	0.003875968992248062	0.003875968992248062	0.003871323139003929	"prototype".equals(name)	_
com.google.javascript.jscomp.LinkedFlowScope#void#inferQualifiedSlot#?,Node,String,JSType,JSType#115	0.0038232795242141037	0.003882657463330457	0.003870781875507187	!(functionScope.isLocal())	_
com.google.javascript.rhino.jstype.JSTypeRegistry#void#identifyNonNullableName#?,String#1481	0.01932367149758454	0.0	0.0038647342995169072		_
com.google.javascript.jscomp.NodeUtil#Node#getBestLValue#?,Node#3058	0.0039028620988725065	0.0039028620988725065	0.0038575837967450644	parent.isAssign()	_
com.google.javascript.rhino.jstype.JSType#boolean#isStruct#?#306	0.003852739726027397	0.003852739726027397	0.003846847685664738	!(ctor == null)	_
com.google.javascript.jscomp.TypedScopeCreator$DiscoverEnumsAndTypedefs#void#visit#?,NodeTraversal,Node,Node#378	0.0039147455415398	0.0039147455415398	0.003844950157479067	firstChild.isAssign()	_
com.google.javascript.rhino.jstype.FunctionType#boolean#makesStructs#?#210	0.0038314176245210726	0.0038314176245210726	0.0038314176245210726	!(!isConstructor())	_
com.google.javascript.jscomp.TypedScopeCreator$AbstractScopeBuilder#void#defineSlot#?,Node,Node,JSType,boolean#1079	0.00390625	0.00390625	0.0038154487917146144	!(n.isName())	_
com.google.javascript.jscomp.TypeCheck#boolean#visitName#?,NodeTraversal,Node,Node#1332	0.003787878787878788	0.003799071338117349	0.003796832828069637	!(type == null)	_
com.google.javascript.jscomp.TypeCheck#boolean#shouldTraverse#?,NodeTraversal,Node,Node#442	0.0037767519932857744	0.0037767519932857744	0.0037767519932857744	!(functionPrivateName != null && functionPrivateName.length() > 0 && outerScope.isDeclared(functionPrivateName,false) && !(outerScope.getVar(functionPrivateName).getType() instanceof FunctionType))	_
com.google.javascript.rhino.JSDocInfo#Set<String>#getParameterNames#?#1012	0.003799071338117349	0.003799071338117349	0.0037733516871333575	info == null || info.parameters == null	_
com.google.javascript.jscomp.TypeCheck#JSType#getJSType#?,Node#1883	0.0037720033528918693	0.0037720033528918693	0.0037720033528918693	!(jsType == null)	_
com.google.javascript.jscomp.TypeCheck#void#doPercentTypedAccounting#?,NodeTraversal,Node#849	0.0037562604340567614	0.0037562604340567614	0.003756260434056762	!(type == null)	_
com.google.javascript.jscomp.TypedScopeCreator$FirstOrderFunctionAnalyzer#void#visit#?,NodeTraversal,Node,Node#2051	0.003630496167809601	0.0037831021437578815	0.003752580948568225	!(var != null)	_
com.google.javascript.jscomp.TypeCheck#void#ensureTyped#?,NodeTraversal,Node,JSType#1952	0.003745318352059925	0.003748438150770512	0.003747814191028395	!(n.getJSType() == null)	_
com.google.javascript.jscomp.TypeInference#FlowScope#dereferencePointer#?,Node,FlowScope#1275	0.0037220843672456576	0.003739094308267553	0.0037356923200631735	!(type != narrowed)	_
com.google.javascript.rhino.jstype.PrototypeObjectType#JSType#getPropertyType#?,String#216	0.0037328909166321027	0.0037328909166321027	0.0037304218693122965	!(slot == null)	_
com.google.javascript.jscomp.TypeCheck#void#checkNoTypeCheckSection#?,Node,boolean#414	0.0037251655629139072	0.0037251655629139072	0.0037251655629139072	!(info != null && info.isNoTypeCheck())	_
com.google.javascript.jscomp.TypedScopeCreator$LocalScopeBuilder#void#handleFunctionInputs#?,Node#1924	0.0034615384615384616	0.0037831021437578815	0.0037187894073139973	!(!fnName.isEmpty())	_
com.google.javascript.jscomp.TypedScopeCreator$AbstractScopeBuilder#void#defineFunctionLiteral#?,Node,Node#785	0.0034615384615384616	0.0037831021437578815	0.0037187894073139973	!(NodeUtil.isFunctionDeclaration(n))	_
com.google.javascript.jscomp.TypeCheck#void#check#?,Node,boolean#398	0.003709810387469085	0.003709810387469085	0.0037098103874690846	!(externs)	_
com.google.javascript.rhino.jstype.JSType#boolean#isSubtypeHelper#?,JSType,JSType#1348	0.0036900369003690036	0.003711340206185567	0.003707079545022254	!(thisType.isSubtype(element))	_
com.google.javascript.jscomp.InferJSDocInfo#void#process#?,Node,Node#74	0.0036930652441526466	0.003709810387469085	0.003706461358805797	!(externs != null)	_
com.google.javascript.jscomp.FunctionTypeBuilder#FunctionTypeBuilder#inferInheritance#?,JSDocInfo#357	0.00367047308319739	0.0036885245901639345	0.0036849142887706255	!(isInterface)	_
com.google.javascript.rhino.jstype.PrototypeObjectType#Property#getSlot#?,String#131	0.0037052284890901604	0.0037052284890901604	0.003683607251703783	properties.containsKey(name)	_
com.google.javascript.rhino.JSDocInfo#ImmutableList<String>#getTemplateTypeNames#?#1456	0.0036809815950920245	0.0036809815950920245	0.0036788798927130974	info == null || info.templateTypeNames == null	_
com.google.javascript.rhino.JSDocInfo#int#getImplementedInterfaceCount#?#1286	0.00367047308319739	0.00367047308319739	0.0036704730831973896	(0)>= 0	_
com.google.javascript.jscomp.TypedScopeCreator$GlobalScopeBuilder#void#checkForTypedef#?,NodeTraversal,Node,JSDocInfo#1833	0.003663003663003663	0.003663003663003663	0.0036627056155127758	info == null || !info.hasTypedefType()	_
com.google.javascript.rhino.jstype.ObjectType#JSDocInfo#getJSDocInfo#?#145	0.0036689767631471666	0.0036689767631471666	0.003661573662333714	getImplicitPrototype() != null	_
com.google.javascript.jscomp.TypeInference#void#redeclareSimpleVar#?,FlowScope,Node,JSType#1525	0.003656307129798903	0.003656307129798903	0.0036556393111450585	!(isUnflowable(syntacticScope.getVar(varName)))	_
com.google.javascript.jscomp.Compiler#TypeValidator#getTypeValidator#?#1263	0.0033632286995515697	0.0036991368680641184	0.0036319552343616088	!(typeValidator == null)	_
com.google.javascript.jscomp.FunctionTypeBuilder#FunctionTypeBuilder#inferTemplateTypeName#?,JSDocInfo#530	0.00367047308319739	0.00367047308319739	0.003626297975948483	info != null	_
com.google.javascript.rhino.jstype.JSTypeRegistry#JSType#getType#?,StaticScope<JSType>,String,String,int,int#917	0.0035530990919857876	0.0036231884057971015	0.0036091705430348385	!(type == null)	_
com.google.javascript.rhino.jstype.JSType#boolean#checkEquivalenceHelper#?,JSType,EquivalenceMethod#668	0.003591380686352753	0.003595685177786656	0.0035948242794998754	!(thisUnknown && thatUnknown && (isNominalType() ^ that.isNominalType()))	_
com.google.javascript.jscomp.TypeInference#FlowScope#traverse#?,Node,FlowScope#426	0.00546448087431694	0.003598560575769692	0.003589187844988287	!(n.getFirstChild().isGetProp())	_
com.google.javascript.rhino.jstype.UnionType#JSType#resolveInternal#?,ErrorReporter,StaticScope<JSType>#556	0.0035828025477707007	0.0035828025477707007	0.0035828025477707007	!(changed)	_
com.google.javascript.jscomp.MemoizedScopeCreator#Scope#createScope#?,Node,Scope#81	0.0035685963521015066	0.0035685963521015066	0.0035558116611204577	!(scope == null)	_
com.google.javascript.jscomp.NodeUtil#boolean#isLValue#?,Node#2031	0.0035335689045936395	0.0035335689045936395	0.0035335689045936395	!(parent == null)	_
com.google.javascript.rhino.jstype.JSTypeRegistry#JSType#createFromTypeNodes#?,Node,String,StaticScope<JSType>#1493	0.003515625	0.0035169988276670576	0.003516724062133646	!(resolveMode == ResolveMode.LAZY_EXPRESSIONS)	_
com.google.javascript.rhino.jstype.UnionType#boolean#isUnknownType#?#262	0.003495145631067961	0.0034937888198757765	0.0034932467269634605	!(t.isUnknownType())	_
com.google.javascript.jscomp.TypeInference#void#inferArguments#?,Scope#132	0.0034615384615384616	0.0035074045206547155	0.00347907245721188	!(functionType != null)	_
com.google.javascript.jscomp.FunctionTypeBuilder#FunctionTypeBuilder#inferReturnType#?,JSDocInfo#297	0.0034495975469528554	0.0034856700232378003	0.003478455527980811	!(info != null && info.hasReturnType())	_
com.google.javascript.jscomp.FunctionTypeBuilder#void#maybeSetBaseType#?,FunctionType#647	0.0034602076124567475	0.0034628703347441324	0.0034623377902866554	!(!fnType.isInterface() && baseType != null)	_
com.google.javascript.jscomp.TypedScopeCreator$LocalScopeBuilder#void#declareArguments#?,Node#1948	0.0034615384615384616	0.0034615384615384616	0.0034615384615384616	!(NodeUtil.isCallOrNewTarget(functionNode))	_
com.google.javascript.jscomp.TypedScopeCreator$LocalScopeBuilder#void#visit#?,NodeTraversal,Node,Node#1909	0.0034615384615384616	0.0034615384615384616	0.0034615384615384616	n == scope.getRootNode()	_
com.google.javascript.jscomp.TypedScopeCreator$LocalScopeBuilder#void#build#?#1882	0.0034615384615384616	0.0034615384615384616	0.0034615384615384616	contents != null	_
com.google.javascript.jscomp.FunctionTypeBuilder#FunctionTypeBuilder#setContents#?,FunctionContents#218	0.003464203233256351	0.003464203233256351	0.003461282095995652	contents != null	_
com.google.javascript.jscomp.TypeInference#JSType#getJSType#?,Node#1543	0.0034602076124567475	0.0034602076124567475	0.0034599416472290414	!(jsType == null)	_
com.google.javascript.jscomp.FunctionTypeBuilder#FunctionTypeBuilder#inferParameterTypes#?,Node,JSDocInfo#482	0.0034495975469528554	0.0034615384615384616	0.0034591502786213407	!isVarArgs	_
com.google.javascript.jscomp.TypedScopeCreator#AstFunctionContents#getFunctionAnalysisResults#?,Node#2078	0.0034615384615384616	0.0034615384615384616	0.0034586218071472764	!(n == null)	_
com.google.javascript.rhino.JSDocInfo#int#getExtendedInterfacesCount#?#1326	0.0034575489819439107	0.0034575489819439107	0.0034575489819439107	(0)<= 0	_
com.google.javascript.jscomp.FunctionTypeBuilder#FunctionTypeBuilder#inferThisType#?,JSDocInfo#396	0.0034495975469528554	0.00345489443378119	0.003453835056415523	!(info != null && info.hasThisType())	_
com.google.javascript.jscomp.FunctionTypeBuilder#FunctionTypeBuilder#inferFromOverriddenFunction#?,FunctionType,Node#235	0.0034495975469528554	0.0034495975469528554	0.003449597546952856	oldType == null	_
com.google.javascript.jscomp.TypedScopeCreator$AbstractScopeBuilder#boolean#shouldTraverse#?,NodeTraversal,Node,Node#494	0.0033783783783783786	0.0034615384615384616	0.0034423796099188773	!(descend)	_
com.google.javascript.jscomp.TypedScopeCreator$FirstOrderFunctionAnalyzer#void#enterScope#?,NodeTraversal#2017	0.0034615384615384616	0.0034615384615384616	0.0034423796099188773	!t.inGlobalScope()	_
com.google.javascript.rhino.jstype.JSTypeRegistry#void#resolveTypesInScope#?,StaticScope<JSType>#948	0.0033632286995515697	0.0034615384615384616	0.0034418765091410834	!(scope != null && scope.getParentScope() == null)	_
com.google.javascript.jscomp.LinkedFlowScope$FlatFlowScopeCache#StaticSlot<JSType>#getSlot#?,String#488	0.0034416826003824093	0.0034416826003824093	0.003440368981069286	!(symbols.containsKey(name))	_
com.google.javascript.jscomp.NodeTraversal#void#pushScope#?,Scope#577	0.0034883720930232558	0.0034883720930232558	0.0034194088165771797	scopeCallback != null	_
com.google.javascript.jscomp.TypeInference#FlowScope#traverseChildren#?,Node,FlowScope#1214	0.0034065102195306586	0.0034065102195306586	0.0034065102195306586	el != null	_
com.google.javascript.jscomp.parsing.JsDocInfoParser#Node#parseTypeExpressionAnnotation#?,JsDocToken#1558	0.0033975084937712344	0.0033975084937712344	0.003395972896711903	!(!match(JsDocToken.RC))	_
com.google.javascript.jscomp.Scope$Var#void#resolveType#?,ErrorReporter#267	0.0033657442034405387	0.0033657442034405387	0.003365744203440539	type != null	_
com.google.javascript.jscomp.TypeInference#FlowScope#flowThrough#?,Node,FlowScope#180	0.0033657442034405387	0.0033657442034405387	0.003365744203440539	!(input == bottomScope)	_
com.google.javascript.jscomp.TypedScopeCreator$FirstOrderFunctionAnalyzer#void#process#?,Node,Node#2008	0.0033657442034405387	0.0033657442034405387	0.003365744203440539	!(externs == null)	_
com.google.javascript.jscomp.TypedScopeCreator$AbstractScopeBuilder#void#resolveTypes#?#471	0.003401360544217687	0.0033657442034405387	0.003365744203440539	vars.hasNext()	_
com.google.javascript.jscomp.DataFlowAnalysis$BranchedForwardDataFlowAnalysis#void#initialize#?#403	0.0033644859813084112	0.0033644859813084112	0.0033644859813084112	!(node != getCfg().getImplicitReturn())	_
com.google.javascript.jscomp.DataFlowAnalysis$BranchedForwardDataFlowAnalysis#void#joinInputs#?,DiGraphNode<N,Branch>#474	0.0033644859813084112	0.0033644859813084112	0.0033644859813084112	!values.isEmpty()	_
com.google.javascript.rhino.jstype.FunctionType#JSType#resolveInternal#?,ErrorReporter,StaticScope<JSType>#1185	0.0033644859813084112	0.0033644859813084112	0.0033644859813084112	!(i < subTypes.size())	_
com.google.javascript.jscomp.DataFlowAnalysis$BranchedForwardDataFlowAnalysis#boolean#flow#?,DiGraphNode<N,Branch>#450	0.0033644859813084112	0.0033644859813084112	0.0033644859813084112	!outBefore.get(i).equals(state.out.get(i))	_
com.google.javascript.jscomp.LinkedFlowScope#boolean#equals#?,Object#274	0.0033657442034405387	0.0033657442034405387	0.003363736302349747	this.getFunctionScope() != that.getFunctionScope()	_
com.google.javascript.jscomp.LinkedFlowScope#LinkedFlowScope#optimize#?#235	0.0033607169529499626	0.0033607169529499626	0.0033607169529499626	current.parent != null && current.lastSlot == current.parent.lastSlot	_
com.google.javascript.rhino.jstype.PrototypeObjectType#JSType#resolveInternal#?,ErrorReporter,StaticScope<JSType>#546	0.0034856700232378003	0.0033607169529499626	0.0033579673890613464	!(implicitPrototype != null)	_
com.google.javascript.jscomp.JoinOp$BinaryJoinOp#L#apply#?,List<L>#40	0.0033632286995515697	0.0033632286995515697	0.0033550347868837806	size == 1	_
com.google.javascript.rhino.jstype.ArrowType#JSType#resolveInternal#?,ErrorReporter,StaticScope<JSType>#274	0.0033532041728763042	0.0033532041728763042	0.0033532041728763042	!(paramNode != null)	_
com.google.javascript.jscomp.ControlFlowAnalysis#void#handleStmtList#?,Node#510	0.0032131381649410924	0.0034535686876438986	0.0033507060278420947	!(parent != null)	_
com.google.javascript.rhino.JSDocInfo#void#setType#?,JSTypeExpression,int#1050	0.0033259423503325942	0.0033482142857142855	0.0033437598986379474	this.bitset == mask	_
com.google.javascript.jscomp.NodeUtil#String#getSourceName#?,Node#2844	0.003339517625231911	0.003339517625231911	0.0033395176252319116	!(sourceName == null && n != null)	_
com.google.javascript.jscomp.NodeUtil#JSDocInfo#getBestJSDocInfo#?,Node#3032	0.0036452004860267314	0.0036452004860267314	0.003335447600561427	parent.isAssign()	_
com.google.javascript.rhino.jstype.JSType#JSType#resolve#?,ErrorReporter,StaticScope<JSType>#1399	0.0033333333333333335	0.0033333333333333335	0.0033320992225101815	!(resolveResult == null)	_
com.google.javascript.jscomp.TypeValidator$TypeMismatch#?#TypeMismatch#?,JSType,JSType,JSError#818	0.016574585635359115	0.0	0.0033149171270718224		_
com.google.javascript.jscomp.parsing.JsDocInfoParser#JsDocToken#eatTokensUntilEOL#?,JsDocToken#2248	0.0035197497066875244	0.0035197497066875244	0.0033028127523630066	!(token == JsDocToken.EOL || token == JsDocToken.EOC || token == JsDocToken.EOF)	_
com.google.javascript.jscomp.LinkedFlowScope#?#LinkedFlowScope#?,FlatFlowScopeCache,LinkedFlowScope#67	0.0032967032967032967	0.0032967032967032967	0.0032957386432148684	directParent == null	_
com.google.javascript.jscomp.LinkedFlowScope#FlowScope#createChildFlowScope#?#164	0.0032918800292611556	0.0032918800292611556	0.0032918800292611556	!(depth > MAX_DEPTH)	_
com.google.javascript.jscomp.parsing.JsDocInfoParser#Node#parseAndRecordTypeNode#?,JsDocToken,int,int,boolean,boolean#1162	0.0033100404560500183	0.0033100404560500183	0.0032902014693708746	!(onlyParseSimpleNames)	_
com.google.javascript.rhino.jstype.ObjectType#boolean#isUnknownType#?#507	0.003700657894736842	0.003700657894736842	0.0032718372808534656	!(implicitProto == null || implicitProto.isNativeObjectType())	_
com.google.javascript.jscomp.Scope#boolean#isDeclared#?,String,boolean#554	0.003617363344051447	0.003617363344051447	0.003248151647490715	scope.vars.containsKey(name)	_
com.google.javascript.jscomp.parsing.JsDocInfoParser#Node#parseTopLevelTypeExpression#?,JsDocToken#1649	0.0032281205164992827	0.003249097472924188	0.0032412180639313616	!(match(JsDocToken.PIPE))	_
com.google.javascript.rhino.JSDocInfo#int#getParameterCount#?#1023	0.0032397408207343412	0.0032397408207343412	0.0032397408207343412	(0)>= 0	_
com.google.javascript.rhino.Node#?#Node#?,int,int,int#439	0.003006012024048096	0.0032810791104629965	0.003226065693180016	sourcePosition > charno	_
com.google.javascript.rhino.JSDocInfo#JSTypeExpression#getType#?,int#1129	0.003401360544217687	0.003401360544217687	0.0032215054495526316	(MASK_TYPEFIELD & bitset) == typefield	_
com.google.javascript.rhino.JSDocInfoBuilder#void#markTypeNode#?,Node,int,int,int,int,boolean#183	0.0030938466827088347	0.0032420749279538905	0.0032124292789048794	!(currentMarker != null)	_
com.google.javascript.jscomp.ControlFlowAnalysis#boolean#shouldTraverse#?,NodeTraversal,Node,Node#224	0.003209700427960057	0.003209700427960057	0.0032092428797878604	shouldTraverseFunctions || n == cfg.getEntry().getValue()	_
com.google.javascript.jscomp.parsing.JsDocInfoParser#Node#parseTypeExpression#?,JsDocToken#1727	0.003194888178913738	0.0031960227272727275	0.0031957958176009296	!(match(JsDocToken.BANG))	_
com.google.javascript.jscomp.TypedScopeCreator$AbstractScopeBuilder#JSType#getDeclaredTypeInAnnotation#?,String,Node,JSDocInfo#714	0.0036348949919224557	0.0030464584920030465	0.0031641457919869284	!(info != null)	_
com.google.javascript.jscomp.ControlFlowAnalysis#boolean#mayThrowException#?,Node#926	0.003171247357293869	0.003171247357293869	0.0031394075243893122	!ControlFlowGraph.isEnteringNewCfgNode(c) && mayThrowException(c)	_
com.google.javascript.jscomp.DataFlowAnalysis#void#analyze#?,int#219	0.003153468815697267	0.003157894736842105	0.00313607188703466	!(nextNode != cfg.getImplicitReturn())	_
com.google.javascript.jscomp.ControlFlowAnalysis$AstControlFlowGraph#Comparator<DiGraphNode<Node,Branch>>#getOptionalNodeComparator#?,boolean#1029	0.0031523642732049035	0.0031523642732049035	0.003129794154126233	isForward	_
com.google.javascript.rhino.JSDocInfoBuilder#boolean#recordConstructor#?#702	0.0031185031185031187	0.0031185031185031187	0.0031178554543040524	!hasAnySingletonTypeTags() && !currentInfo.isConstructor() && !currentInfo.isInterface()	_
com.google.javascript.rhino.jstype.JSTypeRegistry#JSType#getType#?,String#884	0.0031088082901554403	0.0031088082901554403	0.0031088082901554407	!(templateType != null)	_
com.google.javascript.jscomp.parsing.JsDocInfoParser#Node#parseTypeName#?,JsDocToken#1793	0.003107734806629834	0.0031088082901554403	0.003108593593450319	!(match(JsDocToken.LT))	_
com.google.javascript.jscomp.BasicErrorManager#void#report#?,CheckLevel,JSError#49	0.0030959752321981426	0.0030959752321981426	0.0030959752321981426	level == CheckLevel.WARNING	_
com.google.javascript.jscomp.parsing.JsDocTokenStream#?#JsDocTokenStream#?,String,int,int#49	0.0023207839092315627	0.003266787658802178	0.003077586908888055	this.sourceEnd < initCharno	_
com.google.javascript.rhino.Node$StringNode#?#StringNode#?,int,String,int,int#197	0.0030706243602865915	0.0030706243602865915	0.0030706243602865915	!(null == str)	_
com.google.javascript.jscomp.CompilerInput#boolean#isExtern#?#337	0.003046716316858497	0.003046716316858497	0.0030467163168584974	!(ast == null || ast.getSourceFile() == null)	_
com.google.javascript.jscomp.DataFlowAnalysis#?#DataFlowAnalysis#?,ControlFlowGraph<N>,JoinOp<L>#125	0.0030425963488843813	0.0030425963488843813	0.003041979814669815	nodeComparator != null	_
com.google.javascript.jscomp.graph.LinkedDirectedGraph#List<DiGraphNode<N,E>>#getDirectedPredNodes#?,DiGraphNode<N,E>#230	0.003041568097330179	0.003041568097330179	0.003041568097330179	!(dNode == null)	_
com.google.javascript.jscomp.ControlFlowAnalysis#Node#computeFollowNode#?,Node,Node,ControlFlowAnalysis#783	0.0030343897505057315	0.0030343897505057315	0.003012307122042012	nextSibling != null	_
com.google.javascript.jscomp.ControlFlowAnalysis#void#connectToPossibleExceptionHandler#?,Node,Node#831	0.0029605263157894738	0.0030201342281879194	0.0030082126457082305	!(mayThrowException(target) && !exceptionHandler.isEmpty())	_
com.google.javascript.jscomp.parsing.JsDocTokenStream#JsDocToken#getJsDocToken#?#179	0.0030779753761969904	0.0030080213903743314	0.0030068173791440284	isJSDocString(c2)	_
com.google.javascript.jscomp.ControlFlowAnalysis#void#process#?,Node,Node#165	0.002939255388634879	0.0029781601588352085	0.0029703792047951426	!(shouldTraverseFunctions)	_
com.google.javascript.jscomp.type.ChainableReverseAbstractInterpreter#ChainableReverseAbstractInterpreter#getFirst#?#92	0.014705882352941176	0.0	0.0029411764705882344		_
com.google.javascript.jscomp.type.ChainableReverseAbstractInterpreter#ChainableReverseAbstractInterpreter#append#?,ChainableReverseAbstractInterpreter#83	0.014705882352941176	0.0	0.0029411764705882344		_
com.google.javascript.jscomp.ControlFlowAnalysis#void#prioritizeFromEntryNode#?,DiGraphNode<Node,Branch>#201	0.002939255388634879	0.002939255388634879	0.002939255388634879	!(!worklist.isEmpty())	_
com.google.javascript.jscomp.graph.Graph#void#connectIfNotFound#?,N,E,N#120	0.002938295788442703	0.002938295788442703	0.002938295788442703	!isConnected(n1,edge,n2)	_
com.google.javascript.jscomp.graph.LinkedDirectedGraph#List<DiGraphNode<N,E>>#getDirectedSuccNodes#?,DiGraphNode<N,E>#243	0.0029344636452559502	0.0029344636452559502	0.0029344636452559502	!(dNode == null)	_
com.google.javascript.jscomp.parsing.IRFactory$TransformDispatcher#Node#processStringLiteral#?,StringLiteral#993	0.002909090909090909	0.002911208151382824	0.002910784702924441	!(value.indexOf('\u000B') != -1)	_
com.google.javascript.jscomp.Compiler#JSTypeRegistry#getTypeRegistry#?#1183	0.0016062823487417454	0.003200568990042674	0.0028817116617824885	!(typeRegistry == null)	_
com.google.javascript.rhino.Node#Iterable<Node>#children#?#1223	0.002939255388634879	0.002939255388634879	0.0028630586599698703	first == null	_
com.google.javascript.jscomp.graph.LinkedDirectedGraph#boolean#isConnectedInDirection#?,N,Predicate<E>,N#208	0.0027624309392265192	0.0027820710973724882	0.0027781430657432943	!(outEdge.getDestination() == dNode2 && edgeMatcher.apply(outEdge.getValue()))	_
com.google.javascript.jscomp.type.ClosureReverseAbstractInterpreter#?#ClosureReverseAbstractInterpreter#?,CodingConvention,JSTypeRegistry#120	0.013745704467353952	0.0	0.0027491408934707897		_
com.google.javascript.rhino.Node$SiblingNodeIterable#Iterator<Node>#iterator#?#1260	0.002736394040741867	0.002736394040741867	0.002736394040741867	!used	_
com.google.javascript.rhino.Node$SiblingNodeIterable#Node#next#?#1281	0.002736394040741867	0.002736394040741867	0.002736394040741867	!(current == null)	_
com.google.javascript.jscomp.JSError#int#getCharno#?#214	0.0025493945188017845	0.002777777777777778	0.002732101125982579	(charno)> 0	_
com.google.javascript.rhino.JSDocInfo#void#setFlag#?,boolean,int#434	0.002707581227436823	0.002707581227436823	0.002707581227436823	bitset == mask	_
com.google.javascript.jscomp.graph.LinkedDirectedGraph#DiGraphNode<N,E>#createDirectedGraphNode#?,N#136	0.002554640931024695	0.0027347310847766638	0.00269871305402627	!(node == null)	_
com.google.javascript.jscomp.JSError#String#toString#?#203	0.013333333333333334	0.0	0.002666666666666666		_
com.google.javascript.jscomp.parsing.IRFactory#void#validateTypeAnnotations#?,JSDocInfo,AstNode,Node#291	0.0026019080659150044	0.0026682478505781204	0.002654979893645497	!(info.getType() != null)	_
com.google.javascript.jscomp.Compiler#void#report#?,JSError#2070	0.0025624599615631004	0.0026972353337828725	0.0026408800544659113	!(newLevel != null)	_
com.google.javascript.jscomp.graph.Graph#T#getNodeOrFail#?,N#221	0.002609452015076834	0.002609452015076834	0.002609452015076834	!(node == null)	_
com.google.javascript.jscomp.parsing.IRFactory#JSDocInfo#handleJsDoc#?,AstNode,Node#280	0.0026019080659150044	0.0026019080659150044	0.0026013069898385586	info != null	_
com.google.javascript.jscomp.parsing.IRFactory#boolean#handlePossibleFileOverviewJsDoc#?,JsDocInfoParser#260	0.0025989026855327752	0.0025989026855327752	0.0025986026679067397	!(jsDocParser.getFileOverviewJSDocInfo() != fileOverviewInfo)	_
com.google.javascript.jscomp.parsing.IRFactory#Node#transformTree#?,AstRoot,StaticSourceFile,String,Config,ErrorReporter#193	0.0025906735751295338	0.0025944076102623233	0.002593660803235765	!(comment.getCommentType() == CommentType.BLOCK_COMMENT)	_
com.google.javascript.jscomp.BasicErrorManager$LeveledJSErrorComparator#int#compare#?,ErrorWithLevel,ErrorWithLevel#149	0.002583979328165375	0.002585649644473174	0.002585315581211614	!(sourceCompare != 0)	_
com.google.javascript.jscomp.NodeUtil#String#getObjectLitKeyName#?,Node#2067	0.012903225806451613	0.0	0.002580645161290322		_
com.google.javascript.jscomp.JSError#?#JSError#?,String,Node,int,int,DiagnosticType,CheckLevel,String#159	0.0020964360587002098	0.002686366689053056	0.0025683805629824865	this.charno > lineno	_
com.google.javascript.jscomp.Scope#Var#getVar#?,String#532	0.0025662959794696323	0.0025662959794696323	0.0024913128975274953	parent != null	_
com.google.javascript.jscomp.parsing.JsDocInfoParser#boolean#parse#?#204	0.0024549918166939444	0.0024793388429752068	0.002474469437718954	!(token != JsDocToken.ANNOTATION && token != JsDocToken.EOC)	_
com.google.javascript.jscomp.parsing.JsDocTokenStream#int#getLineno#?#226	0.00234009360374415	0.0024937655860349127	0.0024630311895767597	(lineno)> 0	_
com.google.javascript.rhino.JSDocInfo#Marker#addMarker#?#675	0.002457002457002457	0.002457002457002457	0.0024345962334498027	!lazyInitDocumentation()	_
com.google.javascript.rhino.JSDocInfoBuilder#void#markAnnotation#?,String,int,int#151	0.002344971339239187	0.002457002457002457	0.0024345962334498027	!(marker != null)	_
com.google.javascript.rhino.JSDocInfoBuilder#void#recordOriginalCommentString#?,String#79	0.0023370553103090105	0.0024549918166939444	0.0024314045154169577	!(parseDocumentation)	_
com.google.javascript.rhino.JSDocInfo#boolean#lazyInitDocumentation#?#659	0.0024549918166939444	0.0024549918166939444	0.002431283172981324	!includeDocumentation	_
com.google.javascript.rhino.Node#String#getQualifiedName#?#1554	0.0024226110363391655	0.0024226110363391655	0.0024220899046292783	!(left == null)	_
com.google.javascript.jscomp.NodeTraversal#void#traverseBranch#?,Node,Node#486	0.0016666666666666668	0.00264861683343143	0.002394882427186726	!callback.shouldTraverse(this,n,parent)	_
com.google.javascript.jscomp.parsing.JsDocTokenStream#int#getCharIgnoreLineEnd#?#404	0.002375923970432946	0.002375923970432946	0.002375923970432946	!(sourceCursor == sourceEnd)	_
com.google.javascript.jscomp.parsing.IRFactory#Node#transform#?,AstNode#356	0.002617801047120419	0.002617801047120419	0.002365284355238874	jsDocInfo != null	_
com.google.javascript.jscomp.parsing.JsDocTokenStream#boolean#matchChar#?,int#262	0.002326783867631851	0.0023690444853908922	0.002360592361839084	tokenEnd < c	_
com.google.javascript.jscomp.parsing.JsDocTokenStream#int#getCharno#?#229	0.00234009360374415	0.002364687335785602	0.002359768589377311	(lineno == initLineno ? initCharno + charno : charno)> 0	_
com.google.javascript.jscomp.parsing.IRFactory$TransformDispatcher#Node#processFunctionNode#?,FunctionNode#703	0.002356020942408377	0.002356020942408377	0.002356020942408377	!(functionType != FunctionNode.FUNCTION_EXPRESSION)	_
com.google.javascript.jscomp.DiagnosticType#int#hashCode#?#121	0.0017189514396218307	0.0025031289111389237	0.0023462934168355055	(key.hashCode())<= 0	_
com.google.javascript.rhino.JSDocInfoBuilder#void#populateDefaults#?,JSDocInfo#139	0.0023443605105496223	0.0023443605105496223	0.0023426568486161837	info.getVisibility() == null	_
com.google.javascript.rhino.Node#int#mergeLineCharNo#?,int,int#1178	0.002338877338877339	0.002338877338877339	0.002338877338877339	(-1)!= 0	_
com.google.javascript.jscomp.parsing.JsDocTokenStream#boolean#isAlpha#?,int#272	0.0023370553103090105	0.0023370553103090105	0.0023369339678733767	!(c <= 'Z')	_
com.google.javascript.jscomp.parsing.JsDocInfoParser#?#JsDocInfoParser#?,JsDocTokenStream,Comment,Node,Config,ErrorReporter#139	0.0023370553103090105	0.0023370553103090105	0.0023363281995046623	commentNode != null	_
com.google.javascript.jscomp.parsing.JsDocInfoParser#JsDocToken#next#?#2295	0.00233402489626556	0.00233402489626556	0.002333903868269902	!(unreadToken == NO_UNREAD_TOKEN)	_
com.google.javascript.rhino.jstype.PrototypeObjectType#boolean#isPrettyPrint#?#405	0.011661807580174927	0.0	0.002332361516034985		_
com.google.javascript.rhino.JSDocInfoBuilder#JSDocInfo#build#?,Node#125	0.0023358422008824295	0.0023358422008824295	0.002330330595791863	populated	_
com.google.javascript.jscomp.parsing.JsDocTokenStream#int#getChar#?#343	0.0023231801755291687	0.002324980625161457	0.002324620535234999	(ungetBuffer[ungetCursor])>= 0	_
com.google.javascript.jscomp.parsing.JsDocTokenStream#void#addToString#?,int#249	0.0023237800154918666	0.0023237800154918666	0.0023237800154918666	stringBufferTop != N	_
com.google.javascript.jscomp.parsing.JsDocTokenStream#void#ungetChar#?,int#255	0.0023237800154918666	0.0023237800154918666	0.0023237800154918666	ungetBuffer[ungetCursor++] >= c	_
com.google.javascript.jscomp.parsing.JsDocTokenStream#boolean#isJSSpace#?,int#310	0.002321382512251741	0.002321382512251741	0.002321382512251741	c <= 127	_
com.google.javascript.jscomp.parsing.JsDocTokenStream#int#getOffset#?#447	0.0023207839092315627	0.002321382512251741	0.0023212627916477054	(sourceCursor - lineStart - ungetCursor- 1)>= 0	_
com.google.javascript.jscomp.NodeTraversal#void#traverseFunction#?,Node,Node#520	0.0023106546854942235	0.0023106546854942235	0.002181857081728712	!(!isFunctionExpression)	_
com.google.javascript.rhino.Node#void#setLineno#?,int#1150	0.0013550135501355014	0.002356020942408377	0.002155819463953802	sourcePosition <= charno	_
com.google.javascript.jscomp.parsing.IRFactory#int#position2charno#?,int#450	0.0013572613482129392	0.0023554043444124575	0.002155775745172554	(position)< 0	_
com.google.javascript.rhino.Node#void#setCharno#?,int#1154	0.001355217587712694	0.002348643006263048	0.0021499579225529772	sourcePosition == charno	_
com.google.javascript.jscomp.ComposeWarningsGuard#CheckLevel#level#?,JSError#114	0.0022522522522522522	0.002126528442317916	0.0021247272535896426	!(newLevel != null)	_
com.google.javascript.jscomp.PrepareAst$PrepareAnnotations#boolean#shouldTraverse#?,NodeTraversal,Node,Node#126	0.002230897936419409	0.002230897936419409	0.002061982674459002	n.isObjectLit()	_
com.google.javascript.jscomp.SyntacticScopeCreator#void#scanRoot#?,Node,Scope#100	0.002025658338960162	0.002037120869171571	0.002034828363129289	!(!fnName.isEmpty() && NodeUtil.isFunctionExpression(n))	_
com.google.javascript.jscomp.NodeTraversal#Node#getScopeRoot#?#625	0.002019295490240072	0.002019295490240072	0.002008020906913977	!(scopeRoots.isEmpty())	_
com.google.javascript.jscomp.parsing.IRFactory#int#transformTokenType#?,int#1323	0.002003561887800534	0.002003561887800534	0.002003561887800534	(Token.ASSIGN)!= 0	_
com.google.javascript.jscomp.NodeTraversal#void#traverseRoots#?,List<Node>#289	0.001992914083259522	0.00199203187250996	0.00199203187250996	!(roots.isEmpty())	_
com.google.javascript.jscomp.parsing.IRFactory$TransformDispatcher#Node#processAssignment#?,Assignment#513	0.0019907100199071004	0.001991150442477876	0.001991062357963721	!(!validAssignmentTarget(target))	_
com.google.javascript.jscomp.SyntacticScopeCreator#Scope#createScope#?,Node,Scope#70	0.0020403536613012923	0.0020403536613012923	0.0019838454290410337	!(parent == null)	_
com.google.javascript.jscomp.parsing.JsDocInfoParser#void#skipEOLs#?#2316	4.580852038479157E-4	0.0023358422008824295	0.001959956280103479	!(match(JsDocToken.EOL))	_
com.google.javascript.jscomp.ProcessClosurePrimitives#?#ProcessClosurePrimitives#?,AbstractCompiler,PreprocessorSymbolTable,CheckLevel#126	0.009779951100244499	0.0	0.001955990220048899		_
com.google.javascript.jscomp.ProcessClosurePrimitives$ProvidedName#?#ProvidedName#?,String,Node,JSModule,boolean#794	0.009779951100244499	0.0	0.001955990220048899		_
com.google.javascript.jscomp.parsing.IRFactory#Node#transformNameAsString#?,Name#366	0.0019488956258120397	0.0019539730785931393	0.0019529575880369192	!(jsDocInfo != null)	_
com.google.javascript.jscomp.parsing.IRFactory$TransformDispatcher#Node#transformAsString#?,AstNode#482	0.0019488956258120397	0.0019488956258120397	0.0019466299559779418	n instanceof Name	_
com.google.javascript.jscomp.parsing.IRFactory$TransformDispatcher#Node#processName#?,Name,boolean#845	0.0019488956258120397	0.0019488956258120397	0.0018325480668048802	asString	_
com.google.javascript.jscomp.SyntacticScopeCreator#void#scanVars#?,Node,Node#170	0.0017769002961500495	0.0018285249898415277	0.001814382491873222	!(NodeUtil.isControlStructure(n) || NodeUtil.isStatementBlock(n))	_
com.google.javascript.jscomp.NodeTraversal#int#getScopeDepth#?#640	0.0017967658215212617	0.0017967658215212617	0.0017967658215212617	(scopes.size() + scopeRoots.size())>= 0	_
com.google.javascript.jscomp.NodeTraversal#Scope#getScope#?#598	0.0018126888217522659	0.0018126888217522659	0.0017944509808907184	scopeRoots.isEmpty()	_
com.google.javascript.jscomp.NodeTraversal#void#popScope#?#584	0.0018537590113285273	0.0018537590113285273	0.001758996169504404	scopeCallback != null	_
com.google.javascript.jscomp.NodeTraversal#void#pushScope#?,Node#567	0.0018537590113285273	0.0018537590113285273	0.001758996169504404	scopeCallback != null	_
com.google.javascript.jscomp.NodeTraversal#?#NodeTraversal#?,AbstractCompiler,Callback,ScopeCreator#232	0.0018537590113285273	0.0018537590113285273	0.0017589538593770944	cb instanceof ScopedCallback	_
com.google.javascript.jscomp.NodeUtil#Node#getRValueOfLValue#?,Node#3077	0.0087527352297593	0.0	0.0017505470459518596		_
com.google.javascript.jscomp.Scope$Var#?#Var#?,boolean,String,Node,JSType,Scope,int,CompilerInput#126	0.0017331022530329288	0.0017331022530329288	0.0017331022530329288	this.index == index	_
com.google.javascript.jscomp.TypedScopeCreator$CollectProperties#?#CollectProperties#?,JSType#1723	0.008571428571428572	0.0	0.001714285714285714		_
com.google.javascript.rhino.jstype.ObjectType#boolean#isImplicitPrototype#?,ObjectType#483	0.001708104004554944	0.001708104004554944	0.0017070053375826612	!(current != null)	_
com.google.javascript.rhino.jstype.PrototypeObjectType#boolean#defineProperty#?,String,JSType,boolean,Node#238	0.0016669753658084831	0.0016669753658084831	0.0016669753658084831	!(hasOwnDeclaredProperty(name))	_
com.google.javascript.jscomp.PrepareAst$PrepareAnnotations#void#annotateDispatchers#?,Node,Node#181	0.0016666666666666668	0.0016669753658084831	0.0016669136259801199	!(parent.getJSDocInfo() != null && parent.getJSDocInfo().isJavaDispatch())	_
com.google.javascript.rhino.jstype.FunctionType#?#FunctionType#?,JSTypeRegistry,String,Node,ArrowType,JSType,ImmutableList<String>,boolean,boolean#147	0.0016589861751152074	0.0016589861751152074	0.0016449294520074352	isConstructor	_
com.google.javascript.jscomp.parsing.TypeSafeDispatcher#T#process#?,AstNode#173	0.002909090909090909	0.0016450374702979345	0.0016381488022941817	node instanceof Block	_
com.google.javascript.rhino.jstype.FunctionType#FunctionType#getSuperClassConstructor#?#823	0.0016450374702979345	0.0016450374702979345	0.0016331547119677347	maybeSuperInstanceType == null	_
com.google.javascript.rhino.jstype.JSTypeRegistry#void#registerPropertyOnType#?,String,JSType#626	0.001626604012289897	0.001626604012289897	0.0016260757035165081	typeSet == null	_
com.google.javascript.rhino.Node#?#Node#?,int,Node,Node#389	0.001612614226841068	0.001612614226841068	0.001612614226841068	sourcePosition != nodeType	_
com.google.javascript.rhino.jstype.PrototypeObjectType#?#PrototypeObjectType#?,JSTypeRegistry,String,ObjectType,boolean,ImmutableList<String>,ImmutableList<JSType>#121	0.0016213294901819492	0.0016213294901819492	0.0016083207251215233	!(nativeType || implicitPrototype != null)	_
com.google.javascript.rhino.Node#int#getIntProp#?,int#819	0.0015873015873015873	0.0015873015873015873	0.0015873015873015873	(0)>= 0	_
com.google.javascript.rhino.jstype.FunctionType#boolean#setPrototypeNoCheck#?,ObjectType,Node#461	0.0015861825872400424	0.0015873015873015873	0.0015869660055706568	!(isInterface())	_
com.google.javascript.rhino.jstype.PrototypeObjectType#boolean#implicitPrototypeChainIsUnknown#?#496	0.0015867418899858955	0.0015867418899858955	0.0015867418899858955	!(p != null)	_
com.google.javascript.rhino.jstype.FunctionType#ObjectType#getPrototype#?#367	0.0015864621893178213	0.0015864621893178213	0.0015864621893178213	!(refName == null)	_
com.google.javascript.rhino.jstype.FunctionType#void#addSubType#?,FunctionType#1102	0.0015861825872400424	0.0015861825872400424	0.0015861825872400424	!(subTypes == null)	_
com.google.javascript.rhino.jstype.FunctionType#boolean#setPrototype#?,ObjectType,Node#433	0.0015856236786469344	0.0015856236786469344	0.0015856236786469346	!(isConstructor() && prototype == getInstanceType())	_
com.google.javascript.jscomp.parsing.IRFactory$TransformDispatcher#boolean#isDirective#?,Node#559	0.0013572613482129392	0.0016233766233766235	0.0015697448162438376	n == null	_
com.google.javascript.rhino.jstype.JSType#boolean#isEnumElementType#?#384	0.007722007722007722	0.0	0.0015444015444015442		_
com.google.javascript.rhino.jstype.JSType#int#hashCode#?#755	0.0015418879561418537	0.0015418879561418537	0.0015418879561418537	(System.identityHashCode(this))> 0	_
com.google.javascript.rhino.jstype.UnionTypeBuilder#UnionTypeBuilder#addAlternate#?,JSType#186	0.0015381985985301657	0.001541623843782117	0.0015409387947317268	!(current.isSubtype(alternate))	_
com.google.javascript.rhino.jstype.UnionTypeBuilder#JSType#reduceAlternatesWithoutUnion#?#234	0.00154030463802841	0.00154030463802841	0.0015391490812667178	size > 1	_
com.google.javascript.rhino.jstype.UnionTypeBuilder#JSType#build#?#252	0.00154030463802841	0.00154030463802841	0.001538314106613852	result == null	_
com.google.javascript.rhino.jstype.JSType#boolean#hasAnyTemplateTypes#?#460	0.0015374103177314656	0.0015374103177314656	0.0015374103177314656	!this.inTemplatedCheckVisit	_
com.google.javascript.rhino.jstype.JSType#boolean#hasAnyTemplateTypesInternal#?#472	0.0015374103177314656	0.0015374103177314656	0.0015374103177314656	!(isTemplatized())	_
com.google.javascript.rhino.jstype.UnionTypeBuilder#?#UnionTypeBuilder#?,JSTypeRegistry,int#106	0.0015254237288135593	0.0015254237288135593	0.0015254237288135593	this.maxUnionSize == maxUnionSize	_
com.google.javascript.rhino.Node#int#extractCharno#?,int#1206	0.0014788038120276043	0.001525940996948118	0.0015165135599640152	(lineCharNo & COLUMN_MASK)!= 0	_
com.google.javascript.rhino.jstype.JSType#?#JSType#?,JSTypeRegistry,ImmutableList<String>,ImmutableList<JSType>#119	0.0015108275977841195	0.0015108275977841195	0.0015108275977841195	!(typesLength > keysLength)	_
com.google.javascript.jscomp.NodeUtil#InputId#getInputId#?,Node#2869	0.0014885874958650348	0.0014885874958650348	0.0014885874958650348	n != null && !n.isScript()	_
com.google.javascript.rhino.Node#int#getCharno#?#1126	0.0013229457592238718	0.0015264586160108548	0.0014857560446534582	(extractCharno(sourcePosition))> 0	_
com.google.javascript.jscomp.Compiler#int#getErrorCount#?#2110	0.0014084507042253522	0.0014111006585136407	0.0014105706676559831	(errorManager.getErrorCount())<= 0	_
com.google.javascript.jscomp.parsing.IRFactory#void#maybeSetLengthFrom#?,Node,AstNode#442	0.001355217587712694	0.0014122077514514358	0.0014008097187036873	!(config.isIdeMode)	_
com.google.javascript.rhino.Node#int#getChildCount#?#1388	0.001392757660167131	0.001392757660167131	0.001392757660167131	n != null	_
com.google.javascript.jscomp.CompilerInput#Node#getAstRoot#?,AbstractCompiler#118	0.0013923267326732673	0.0013923267326732673	0.0013923267326732673	root != null	_
com.google.javascript.rhino.InputId#int#hashCode#?#61	0.0013901760889712697	0.00139254216308216	0.0013920689482599818	(id.hashCode())< 0	_
com.google.javascript.jscomp.CompilerInput#?#CompilerInput#?,SourceAst,InputId,boolean#78	0.0013912505796877415	0.0013912505796877415	0.001391207573487442	ast != null && ast.getSourceFile() != null	_
com.google.javascript.jscomp.PrepareAst#void#process#?,Node,Node#67	0.0013863216266173752	0.0013863216266173752	0.0013863216266173752	root != null	_
com.google.javascript.jscomp.JsAst#void#parse#?,AbstractCompiler#95	0.0013863216266173752	0.0013863216266173752	0.0013858100688215755	!(root == null || compiler.hasHaltingErrors())	_
com.google.javascript.jscomp.JsAst#Node#getAstRoot#?,AbstractCompiler#51	0.0013837638376383763	0.0013837638376383763	0.0013837638376383763	root == null	_
com.google.javascript.jscomp.Compiler#Config#getParserConfig#?#2022	0.001569584931984653	0.0013837638376383763	0.0013837638376383763	parserConfig == null	_
com.google.javascript.jscomp.parsing.IRFactory#void#setSourceInfo#?,Node,AstNode#395	0.001355217587712694	0.001388888888888889	0.0013821546286536498	!(irNode.getLineno() == -1)	_
com.google.javascript.jscomp.BasicErrorManager#int#getErrorCount#?#76	0.0013774104683195593	0.0013827008757105546	0.0013816427942323554	(errorCount)<= 0	_
com.google.javascript.jscomp.SourceFile#?#SourceFile#?,String#82	0.0013704888076747374	0.0013704888076747374	0.0013704888076747374	!(fileName == null || fileName.isEmpty())	_
com.google.javascript.jscomp.parsing.ParserRunner#Node#parse#?,StaticSourceFile,String,Config,ErrorReporter,Logger#141	0.0013663276149992408	0.0013663276149992408	0.0013654179703471005	astRoot != null	_
com.google.javascript.rhino.Node#PropListItem#removeProp#?,PropListItem,int#792	0.0013861081164330818	0.0013861081164330818	0.0013646773130981493	result != item.getNext()	_
com.google.javascript.jscomp.NodeUtil#boolean#isObjectLitKey#?,Node,Node#2056	0.0068143100511073255	0.0	0.0013628620102214648		_
com.google.javascript.rhino.Node#PropListItem#lookupProperty#?,int#752	0.0013626040878122634	0.0013626040878122634	0.0013626040878122634	x != null && propType != x.getType()	_
com.google.javascript.rhino.Node#void#removeProp#?,int#774	0.0013846153846153845	0.0013846153846153845	0.0013600759307994302	result != propListHead	_
com.google.javascript.jscomp.parsing.ParserRunner#void#initResourceConfig#?#77	0.0013576708402473978	0.0013576708402473978	0.0013562852539178642	annotationNames != null	_
com.google.javascript.jscomp.parsing.IRFactory#void#setFileOverviewJsDoc#?,Node#214	0.001355217587712694	0.0013558300692979813	0.0013557075729809238	!(fileOverviewInfo != null)	_
com.google.javascript.jscomp.parsing.IRFactory$TransformDispatcher#void#parseDirectives#?,Node#553	0.001355217587712694	0.001355217587712694	0.001355217587712694	!(directives != null)	_
com.google.javascript.jscomp.parsing.ParserRunner#Config#createConfig#?,boolean,LanguageMode,boolean,Set<String>#66	0.0013509456619633744	0.0013509456619633744	0.0013509051112906454	extraAnnotationNames == null	_
com.google.javascript.rhino.Node#int#extractLineno#?,int#1192	0.0013497300539892022	0.0013501350135013501	0.0013497300539892022	(-1)<= 0	_
com.google.javascript.rhino.Node#int#getLineno#?#1122	0.001320228839665542	0.0013505402160864347	0.0013444779408022562	(extractLineno(sourcePosition))> 0	_
com.google.javascript.rhino.Node#void#addChildToBack#?,Node#604	0.0013436846819946252	0.0013436846819946252	0.0013372237182024318	!(last == null)	_
com.google.javascript.rhino.Node#Object#getProp#?,int#802	0.001345492599790701	0.001345492599790701	0.0013316770184228317	item == null	_
com.google.javascript.rhino.Node$StringNode#?#StringNode#?,int,String#189	0.0013237240770701574	0.0013237240770701574	0.0013237240770701574	!(null == str)	_
com.google.javascript.rhino.JSDocInfo#Set<String>#getSuppressions#?#1342	0.006611570247933884	0.0	0.0013223140495867765		_
com.google.javascript.rhino.Node#int#getType#?#520	0.001294777729823047	0.001294777729823047	0.001294777729823047	(type)>= 0	_
com.google.javascript.rhino.Node$IntPropListItem#?#IntPropListItem#?,int,int,PropListItem#328	0.0012908777969018934	0.0012908777969018934	0.0012908777969018934	this.intValue >= intValue	_
com.google.javascript.rhino.Node#void#putIntProp#?,int,int#845	0.0012908777969018934	0.0012908777969018934	0.0012908407718682808	value != 0	_
com.google.javascript.rhino.Node#void#putProp#?,int,Object#834	0.00128077415682368	0.00128077415682368	0.0012793603387620859	value != null	_
com.google.javascript.jscomp.parsing.Config#Map<String,Annotation>#buildAnnotationNames#?,Set<String>#94	0.001276776847779827	0.001276776847779827	0.001276776847779827	!Annotation.recognizedAnnotations.containsKey(unrecognizedAnnotation)	_
com.google.javascript.rhino.Node$AbstractPropListItem#int#getType#?#275	0.0012635125649305067	0.0012635125649305067	0.0012635125649305067	(propType)>= 0	_
com.google.javascript.rhino.Node$AbstractPropListItem#?#AbstractPropListItem#?,int,PropListItem#269	0.0012635125649305067	0.0012635125649305067	0.0012635125649305067	this.propType == propType	_
com.google.javascript.rhino.Node#?#Node#?,int#355	0.0012405237767057202	0.0012405237767057202	0.00124052377670572	sourcePosition != nodeType	_
com.google.javascript.rhino.jstype.FunctionBuilder#FunctionBuilder#setIsConstructor#?,boolean#137	0.005952380952380952	0.0	0.0011904761904761901		_
com.google.javascript.rhino.jstype.JSTypeRegistry#ObjectType#createAnonymousObjectType#?,JSDocInfo#1376	0.005571030640668524	0.0	0.0011142061281337046		_
com.google.javascript.rhino.jstype.FunctionBuilder#FunctionBuilder#withParams#?,FunctionParamBuilder#84	0.005376344086021506	0.0	0.0010752688172043009		_
com.google.javascript.jscomp.TypeCheck#void#visitVar#?,NodeTraversal,Node#1495	0.0010845986984815619	0.0010845986984815619	0.0010126064950171335	!(var.isTypeInferred())	_
com.google.javascript.jscomp.Compiler#void#initCompilerOptionsIfTesting#?#1571	9.225092250922509E-4	9.925558312655087E-4	9.78546510030857E-4	!(options == null)	_
com.google.javascript.rhino.jstype.InstanceObjectType#String#toStringHelper#?,boolean#105	9.640877319836105E-4	9.645526886906198E-4	9.644596973492178E-4	!(!templatizedTypes.isEmpty())	_
com.google.javascript.jscomp.TypeCheck#?#TypeCheck#?,AbstractCompiler,ReverseAbstractInterpreter,JSTypeRegistry#338	0.0047789725209080045	0.0	9.557945041816007E-4		_
com.google.javascript.jscomp.Compiler#JSModuleGraph#getModuleGraph#?#1170	0.004656577415599534	0.0	9.313154831199067E-4		_
com.google.javascript.rhino.jstype.SimpleSlot#boolean#isTypeInferred#?#76	0.0045045045045045045	0.0	9.009009009009007E-4		_
com.google.javascript.rhino.jstype.JSType#boolean#isConstructor#?#561	0.004269449715370019	0.0	8.538899430740036E-4		_
com.google.javascript.rhino.jstype.ArrowType#int#hashCode#?#241	4.761904761904762E-4	9.416195856873823E-4	8.465357617899991E-4	(hashCode)< 0	_
com.google.javascript.rhino.jstype.FunctionType#int#hashCode#?#899	4.662004662004662E-4	9.416195856873823E-4	8.465357617899991E-4	(isInterface() ? getReferenceName().hashCode() : call.hashCode())< 0	_
com.google.javascript.rhino.jstype.ObjectType$Property#void#setJSDocInfo#?,JSDocInfo#670	0.004186046511627907	0.0	8.372093023255812E-4		_
com.google.javascript.jscomp.FunctionTypeBuilder#boolean#isFunctionTypeDeclaration#?,JSDocInfo#720	0.004136029411764706	0.0	8.272058823529411E-4		_
com.google.javascript.jscomp.NodeUtil#String#getStringValue#?,Node#181	0.004066877541798464	0.0	8.133755083596925E-4		_
com.google.javascript.rhino.jstype.ObjectType$Property#JSDocInfo#getJSDocInfo#?#666	0.004044943820224719	0.0	8.089887640449437E-4		_
com.google.javascript.rhino.jstype.JSType#boolean#isInstanceType#?#601	0.004039497307001795	0.0	8.078994614003588E-4		_
com.google.javascript.rhino.jstype.FunctionType#JSType#getTypeOfThis#?#1071	0.004007123775601068	0.0	8.014247551202134E-4		_
com.google.javascript.jscomp.TypeValidator#void#expectAllInterfaceProperties#?,NodeTraversal,Node,FunctionType#594	0.003971756398940865	0.0	7.943512797881728E-4		_
com.google.javascript.rhino.jstype.FunctionType#Iterable<ObjectType>#getAllImplementedInterfaces#?#485	0.003954305799648506	0.0	7.908611599297011E-4		_
com.google.javascript.rhino.jstype.ObjectType$Property#void#setNode#?,Node#674	0.0038910505836575876	0.0	7.782101167315173E-4		_
com.google.javascript.jscomp.TypeCheck#void#ensureTyped#?,NodeTraversal,Node#1905	0.0038860103626943004	0.0	7.7720207253886E-4		_
com.google.javascript.rhino.jstype.JSTypeRegistry#FunctionType#createConstructorType#?,String,Node,Node,JSType,ImmutableList<String>#1424	0.003884333189469141	0.0	7.76866637893828E-4		_
com.google.javascript.jscomp.TypeCheck#Scope#processForTesting#?,Node,Node#373	0.003877638948728996	0.0	7.755277897457991E-4		_
com.google.javascript.jscomp.TypedScopeCreator$GlobalScopeBuilder#void#maybeDeclareQualifiedName#?,NodeTraversal,JSDocInfo,Node,Node,Node#1821	0.0038576939562794685	0.0	7.715387912558935E-4		_
com.google.javascript.rhino.JSDocInfo#boolean#isNoTypeCheck#?#502	0.0038232795242141037	0.0	7.646559048428206E-4		_
com.google.javascript.jscomp.TypeCheck#void#ensureTyped#?,NodeTraversal,Node,JSTypeNative#1909	0.0038151759220008477	0.0	7.630351844001694E-4		_
com.google.javascript.rhino.jstype.JSType#boolean#canAssignTo#?,JSType#846	0.003810330228619814	0.0	7.620660457239626E-4		_
com.google.javascript.jscomp.InferJSDocInfo#ObjectType#dereferenceToObject#?,JSType#195	0.0038054968287526427	0.0	7.610993657505284E-4		_
com.google.javascript.rhino.jstype.JSType#boolean#isEnumType#?#395	0.0038038884192730348	0.0	7.607776838546068E-4		_
com.google.javascript.rhino.jstype.JSType#ObjectType#dereference#?#896	0.003787878787878788	0.0	7.575757575757575E-4		_
com.google.javascript.rhino.jstype.JSType#JSType#autobox#?#886	0.0037767519932857744	0.0	7.553503986571547E-4		_
com.google.javascript.rhino.jstype.JSType#JSType#autoboxesTo#?#855	0.0037656903765690376	0.0	7.531380753138074E-4		_
com.google.javascript.rhino.jstype.ObjectType$Property#boolean#isTypeInferred#?#654	0.0037641154328732747	0.0	7.528230865746548E-4		_
com.google.javascript.jscomp.CodingConventions$Proxy#Collection<AssertionFunctionSpec>#getAssertionFunctions#?#210	0.003762541806020067	0.0	7.525083612040132E-4		_
com.google.javascript.jscomp.TypeCheck#JSType#getNativeType#?,JSTypeNative#1967	0.0037593984962406013	0.0	7.518796992481201E-4		_
com.google.javascript.jscomp.TypeValidator#void#setShouldReport#?,boolean#156	0.0037251655629139072	0.0	7.450331125827813E-4		_
com.google.javascript.jscomp.TypeInference#FlowScope#traverseGetProp#?,Node,FlowScope#1235	0.003723624327678941	0.0	7.44724865535788E-4		_
com.google.javascript.jscomp.TypeInference#FlowScope#traverseAssign#?,Node,FlowScope#511	0.0037174721189591076	0.0	7.434944237918213E-4		_
com.google.javascript.jscomp.TypeCheck#?#TypeCheck#?,AbstractCompiler,ReverseAbstractInterpreter,JSTypeRegistry,Scope,MemoizedScopeCreator,CheckLevel,CheckLevel#316	0.003709810387469085	0.0	7.419620774938168E-4		_
com.google.javascript.jscomp.Compiler#CompilerOptions#getOptions#?#2217	0.0037052284890901604	0.0	7.410456978180319E-4		_
com.google.javascript.rhino.jstype.ObjectType#boolean#isObject#?#525	0.003703703703703704	0.0	7.407407407407406E-4		_
com.google.javascript.jscomp.InferJSDocInfo#?#InferJSDocInfo#?,AbstractCompiler#69	0.0036930652441526466	0.0	7.386130488305292E-4		_
com.google.javascript.rhino.jstype.JSTypeRegistry#void#setTemplateTypeNames#?,List<String>#1739	0.00367047308319739	0.0	7.340946166394778E-4		_
com.google.javascript.rhino.JSDocInfo#boolean#makesDicts#?#477	0.0036363636363636364	0.0	7.272727272727271E-4		_
com.google.javascript.rhino.jstype.PrototypeObjectType#boolean#hasProperty#?,String#171	0.0036348949919224557	0.0	7.269789983844909E-4		_
com.google.javascript.rhino.JSDocInfo#boolean#makesStructs#?#469	0.0036348949919224557	0.0	7.269789983844909E-4		_
com.google.javascript.rhino.jstype.JSType#JSDocInfo#getJSDocInfo#?#157	0.0036319612590799033	0.0	7.263922518159805E-4		_
com.google.javascript.jscomp.NodeUtil#boolean#isBleedingFunctionName#?,Node#1935	0.003630496167809601	0.0	7.2609923356192E-4		_
com.google.javascript.rhino.JSDocInfo#boolean#isJavaDispatch#?#606	0.0035785288270377734	0.0	7.157057654075546E-4		_
com.google.javascript.rhino.jstype.ObjectType#void#setJSDocInfo#?,JSDocInfo#157	0.003523884103367267	0.0	7.047768206734533E-4		_
com.google.javascript.rhino.JSTypeExpression#JSType#evaluate#?,StaticScope<JSType>,JSTypeRegistry#101	0.0035197497066875244	0.0	7.039499413375047E-4		_
com.google.javascript.jscomp.FunctionTypeBuilder$AstFunctionContents#boolean#mayBeFromExterns#?#860	0.003515625	0.0	7.031249999999999E-4		_
com.google.javascript.jscomp.NodeTraversal#String#getSourceName#?#427	0.003514252245216712	0.0	7.028504490433423E-4		_
com.google.javascript.jscomp.FunctionTypeBuilder$AstFunctionContents#boolean#mayHaveSingleThrow#?#874	0.003514252245216712	0.0	7.028504490433423E-4		_
com.google.javascript.jscomp.TypeInferencePass#?#TypeInferencePass#?,AbstractCompiler,ReverseAbstractInterpreter,Scope,MemoizedScopeCreator#54	0.0035087719298245615	0.0	7.017543859649121E-4		_
com.google.javascript.jscomp.TypeInferencePass#void#inferAllScopes#?,Node#101	0.0035074045206547155	0.0	7.01480904130943E-4		_
com.google.javascript.jscomp.TypeInferencePass$FirstScopeBuildingCallback#void#enterScope#?,NodeTraversal#128	0.0035074045206547155	0.0	7.01480904130943E-4		_
com.google.javascript.jscomp.TypeInferencePass#void#inferScope#?,Node,Scope#110	0.0035074045206547155	0.0	7.01480904130943E-4		_
com.google.javascript.jscomp.TypeInferencePass#void#process#?,Node,Node#73	0.0035074045206547155	0.0	7.01480904130943E-4		_
com.google.javascript.jscomp.TypeInferencePass#ControlFlowGraph<Node>#computeCfg#?,Node#153	0.0035074045206547155	0.0	7.01480904130943E-4		_
com.google.javascript.jscomp.TypeInferencePass$SecondScopeBuildingCallback#void#enterScope#?,NodeTraversal#143	0.0035074045206547155	0.0	7.01480904130943E-4		_
com.google.javascript.jscomp.NodeTraversal#void#traverseWithScope#?,Node,Scope#342	0.003506038176860148	0.0	7.012076353720294E-4		_
com.google.javascript.jscomp.MemoizedScopeCreator#?#MemoizedScopeCreator#?,ScopeCreator#56	0.0035046728971962616	0.0	7.009345794392522E-4		_
com.google.javascript.rhino.jstype.ObjectType#ObjectType#cast#?,JSType#554	0.0035046728971962616	0.0	7.009345794392522E-4		_
com.google.javascript.jscomp.FunctionTypeBuilder$AstFunctionContents#boolean#mayHaveNonEmptyReturns#?#865	0.003497862417411582	0.0	6.995724834823162E-4		_
com.google.javascript.rhino.jstype.SimpleSlot#String#getName#?#66	0.003472222222222222	0.0	6.944444444444443E-4		_
com.google.javascript.jscomp.ClosureCodingConvention$AssertInstanceofSpec#?#AssertInstanceofSpec#?,String#444	0.003468208092485549	0.0	6.936416184971097E-4		_
com.google.javascript.jscomp.CodingConvention$AssertionFunctionSpec#String#getFunctionName#?#395	0.003468208092485549	0.0	6.936416184971097E-4		_
com.google.javascript.jscomp.CodingConvention$AssertionFunctionSpec#?#AssertionFunctionSpec#?,String,JSTypeNative#390	0.003468208092485549	0.0	6.936416184971097E-4		_
com.google.javascript.jscomp.ClosureCodingConvention#Collection<AssertionFunctionSpec>#getAssertionFunctions#?#369	0.003468208092485549	0.0	6.936416184971097E-4		_
com.google.javascript.jscomp.CodingConvention$AssertionFunctionSpec#?#AssertionFunctionSpec#?,String#384	0.003468208092485549	0.0	6.936416184971097E-4		_
com.google.javascript.jscomp.FunctionTypeBuilder$AstFunctionContents#Node#getSourceNode#?#855	0.003464203233256351	0.0	6.928406466512701E-4		_
com.google.javascript.jscomp.FunctionTypeBuilder$AstFunctionContents#Iterable<String>#getEscapedVarNames#?#880	0.0034615384615384616	0.0	6.923076923076922E-4		_
com.google.javascript.jscomp.FunctionTypeBuilder$AstFunctionContents#?#AstFunctionContents#?,Node#850	0.0034615384615384616	0.0	6.923076923076922E-4		_
com.google.javascript.jscomp.TypedScopeCreator$LocalScopeBuilder#?#LocalScopeBuilder#?,Scope#1871	0.0034615384615384616	0.0	6.923076923076922E-4		_
com.google.javascript.jscomp.FunctionTypeBuilder$AstFunctionContents#Multiset<String>#getAssignedNameCounts#?#906	0.0034615384615384616	0.0	6.923076923076922E-4		_
com.google.javascript.rhino.jstype.SimpleSlot#JSType#getType#?#71	0.0034602076124567475	0.0	6.920415224913494E-4		_
com.google.javascript.rhino.JSDocInfo#String#getLendsName#?#1211	0.0034575489819439107	0.0	6.915097963887819E-4		_
com.google.javascript.rhino.jstype.FunctionType#Node#getParametersNode#?#285	0.0034535686876438986	0.0	6.907137375287796E-4		_
com.google.javascript.rhino.JSDocInfoBuilder#boolean#hasAnyTypeRelatedTags#?#996	0.0034535686876438986	0.0	6.907137375287796E-4		_
com.google.javascript.jscomp.TypedScopeCreator#JSType#getNativeType#?,JSTypeNative#405	0.003450920245398773	0.0	6.901840490797544E-4		_
com.google.javascript.jscomp.FunctionTypeBuilder#?#FunctionTypeBuilder#?,String,AbstractCompiler,Node,String,Scope#205	0.0034495975469528554	0.0	6.89919509390571E-4		_
com.google.javascript.rhino.jstype.JSTypeRegistry#void#clearTemplateTypeNames#?#1749	0.0034495975469528554	0.0	6.89919509390571E-4		_
com.google.javascript.jscomp.FunctionTypeBuilder$UnknownFunctionContents#FunctionContents#get#?#803	0.0034495975469528554	0.0	6.89919509390571E-4		_
com.google.javascript.jscomp.Scope$Var#Node#getInitialValue#?#227	0.003437738731856379	0.0	6.875477463712756E-4		_
com.google.javascript.jscomp.Scope#Var#getSlot#?,String#517	0.003435114503816794	0.0	6.870229007633586E-4		_
com.google.javascript.rhino.Node#boolean#isQualifiedName#?#1576	0.003409090909090909	0.0	6.818181818181817E-4		_
com.google.javascript.jscomp.TypedScopeCreator$DeferredSetType#?#DeferredSetType#?,Node,JSType#163	0.003401360544217687	0.0	6.802721088435373E-4		_
com.google.javascript.jscomp.TypedScopeCreator$AbstractScopeBuilder#void#setDeferredType#?,Node,JSType#460	0.003401360544217687	0.0	6.802721088435373E-4		_
com.google.javascript.jscomp.TypedScopeCreator$DeferredSetType#void#resolve#?,Scope#174	0.003401360544217687	0.0	6.802721088435373E-4		_
com.google.javascript.jscomp.Scope$Var#boolean#isTypeInferred#?#278	0.0033975084937712344	0.0	6.795016987542467E-4		_
com.google.javascript.jscomp.TypedScopeCreator$AbstractScopeBuilder#void#assertDefinitionNode#?,Node,int#732	0.0033962264150943396	0.0	6.792452830188678E-4		_
com.google.javascript.rhino.Node#boolean#isFromExterns#?#1109	0.003384731101918014	0.0	6.769462203836026E-4		_
com.google.javascript.jscomp.Scope$Var#JSType#getType#?#236	0.0033695245226506927	0.0	6.739049045301384E-4		_
com.google.javascript.jscomp.CodingConventions$Proxy#void#defineDelegateProxyPrototypeProperties#?,JSTypeRegistry,StaticScope<JSType>,List<ObjectType>,Map<String,String>#199	0.003367003367003367	0.0	6.734006734006732E-4		_
com.google.javascript.jscomp.TypedScopeCreator$AbstractScopeBuilder#?#AbstractScopeBuilder#?,Scope#456	0.0033657442034405387	0.0	6.731488406881076E-4		_
com.google.javascript.jscomp.TypeInference#List<FlowScope>#branchedFlowThrough#?,Node,FlowScope#197	0.0033657442034405387	0.0	6.731488406881076E-4		_
com.google.javascript.jscomp.TypedScopeCreator$GlobalScopeBuilder#void#visit#?,NodeTraversal,Node,Node#1804	0.0033657442034405387	4.2283298097251583E-4	6.731488406881076E-4		_
com.google.javascript.jscomp.TypeInference#FlowScope#createInitialEstimateLattice#?#168	0.0033657442034405387	0.0	6.731488406881076E-4		_
com.google.javascript.jscomp.TypedScopeCreator$FirstOrderFunctionAnalyzer#?#FirstOrderFunctionAnalyzer#?,AbstractCompiler,Map<Node,AstFunctionContents>#2003	0.0033657442034405387	0.0	6.731488406881076E-4		_
com.google.javascript.jscomp.NodeUtil#boolean#isCallOrNewTarget#?,Node#3006	0.0033657442034405387	0.0	6.731488406881076E-4		_
com.google.javascript.jscomp.NodeTraversal#InputId#getInputId#?#661	0.0033657442034405387	0.0	6.731488406881076E-4		_
com.google.javascript.jscomp.TypedScopeCreator$GlobalScopeBuilder#?#GlobalScopeBuilder#?,Scope#1792	0.0033657442034405387	0.0	6.731488406881076E-4		_
com.google.javascript.jscomp.TypeInference#FlowScope#createEntryLattice#?#173	0.0033657442034405387	0.0	6.731488406881076E-4		_
com.google.javascript.jscomp.Scope#Iterator<Var>#getDeclarativelyUnboundVarsWithoutTypes#?#617	0.0033657442034405387	0.0	6.731488406881076E-4		_
com.google.javascript.jscomp.Scope#Scope#createLatticeBottom#?,Node#414	0.0033657442034405387	0.0	6.731488406881076E-4		_
com.google.javascript.jscomp.type.SemanticReverseAbstractInterpreter#?#SemanticReverseAbstractInterpreter#?,CodingConvention,JSTypeRegistry#121	0.0033657442034405387	0.0	6.731488406881076E-4		_
com.google.javascript.jscomp.TypeInference#?#TypeInference#?,AbstractCompiler,ControlFlowGraph<Node>,ReverseAbstractInterpreter,Scope,Map<String,AssertionFunctionSpec>#114	0.0033657442034405387	0.0	6.731488406881076E-4		_
com.google.javascript.jscomp.TypedScopeCreator#?#TypedScopeCreator#?,AbstractCompiler#179	0.0033657442034405387	0.0	6.731488406881076E-4		_
com.google.javascript.jscomp.NodeTraversal$AbstractScopedCallback#boolean#shouldTraverse#?,NodeTraversal,Node,Node#145	0.0033644859813084112	0.0	6.728971962616821E-4		_
com.google.javascript.rhino.jstype.AllType#JSType#resolveInternal#?,ErrorReporter,StaticScope<JSType>#110	0.0033644859813084112	0.0	6.728971962616821E-4		_
com.google.javascript.jscomp.DataFlowAnalysis$BranchedForwardDataFlowAnalysis#boolean#isForward#?#427	0.0033644859813084112	0.0	6.728971962616821E-4		_
com.google.javascript.jscomp.DataFlowAnalysis$BranchedForwardDataFlowAnalysis#?#BranchedForwardDataFlowAnalysis#?,ControlFlowGraph<N>,JoinOp<L>#411	0.0033644859813084112	0.0	6.728971962616821E-4		_
com.google.javascript.jscomp.DataFlowAnalysis$BranchedFlowState#void#setIn#?,L#508	0.0033644859813084112	0.0	6.728971962616821E-4		_
com.google.javascript.jscomp.Scope#StaticScope<JSType>#getParentScope#?#450	0.0033644859813084112	0.0	6.728971962616821E-4		_
com.google.javascript.jscomp.DataFlowAnalysis$BranchedFlowState#?#BranchedFlowState#?,L,List<L>#499	0.0033644859813084112	0.0	6.728971962616821E-4		_
com.google.javascript.jscomp.NodeUtil#boolean#isCallOrNew#?,Node#1872	0.0033644859813084112	0.0	6.728971962616821E-4		_
com.google.javascript.rhino.jstype.JSTypeRegistry#JSType#createUnionType#?,JSTypeNative#1030	0.0033632286995515697	0.0	6.726457399103138E-4		_
com.google.javascript.jscomp.TypedScopeCreator#Scope#createInitialScope#?,Node#329	0.0033632286995515697	0.0	6.726457399103138E-4		_
com.google.javascript.jscomp.TypedScopeCreator#void#declareNativeFunctionType#?,Scope,JSTypeNative#343	0.0033632286995515697	0.0	6.726457399103138E-4		_
com.google.javascript.jscomp.TypedScopeCreator$DiscoverEnumsAndTypedefs#?#DiscoverEnumsAndTypedefs#?,JSTypeRegistry#361	0.0033632286995515697	0.0	6.726457399103138E-4		_
com.google.javascript.jscomp.TypeValidator#?#TypeValidator#?,AbstractCompiler#141	0.0033632286995515697	0.0	6.726457399103138E-4		_
com.google.javascript.jscomp.TypedScopeCreator#void#declareNativeValueType#?,Scope,String,JSTypeNative#349	0.0033632286995515697	0.0	6.726457399103138E-4		_
com.google.javascript.jscomp.TypedScopeCreator#void#declareNativeType#?,Scope,String,JSType#353	0.0033632286995515697	0.0	6.726457399103138E-4		_
com.google.javascript.rhino.jstype.JSTypeRegistry#ErrorReporter#getErrorReporter#?#225	0.0033632286995515697	0.0	6.726457399103138E-4		_
com.google.javascript.jscomp.TypedScopeCreator#?#TypedScopeCreator#?,AbstractCompiler,CodingConvention#185	0.0033632286995515697	0.0	6.726457399103138E-4		_
com.google.javascript.rhino.jstype.NoObjectType#JSType#resolveInternal#?,ErrorReporter,StaticScope<JSType>#186	0.0033619723571161747	0.0	6.723944714232347E-4		_
com.google.javascript.rhino.jstype.UnknownType#JSType#resolveInternal#?,ErrorReporter,StaticScope<JSType>#196	0.0033582089552238806	0.0	6.71641791044776E-4		_
com.google.javascript.rhino.jstype.ValueType#JSType#resolveInternal#?,ErrorReporter,StaticScope<JSType>#54	0.0033582089552238806	0.0	6.71641791044776E-4		_
com.google.javascript.jscomp.LinkedFlowScope#Scope#getFunctionScope#?#88	0.003355704697986577	0.0	6.711409395973153E-4		_
com.google.javascript.rhino.jstype.UnionType#UnionType#toMaybeUnionType#?#373	0.003355704697986577	0.0	6.711409395973153E-4		_
com.google.javascript.rhino.jstype.ObjectType$Property#void#setType#?,JSType#662	0.0033532041728763042	0.0	6.706408345752607E-4		_
com.google.javascript.rhino.jstype.JSType#JSType#safeResolve#?,JSType,ErrorReporter,StaticScope<JSType>#1437	0.0033519553072625698	0.0	6.703910614525138E-4		_
com.google.javascript.rhino.jstype.UnknownType#boolean#isUnknownType#?#70	0.0033507073715562173	0.0	6.701414743112434E-4		_
com.google.javascript.jscomp.NodeTraversal$AbstractShallowStatementCallback#boolean#shouldTraverse#?,NodeTraversal,Node,Node#179	0.003345724907063197	0.0	6.691449814126393E-4		_
com.google.javascript.jscomp.type.ChainableReverseAbstractInterpreter#?#ChainableReverseAbstractInterpreter#?,CodingConvention,JSTypeRegistry#69	0.0033419977720014855	0.0	6.683995544002969E-4		_
com.google.javascript.jscomp.BasicErrorManager#JSError[]#toArray#?,CheckLevel#107	0.0014858841010401188	6.71591672263264E-4	6.669750239325308E-4	!(p.level == level)	_
com.google.javascript.rhino.jstype.JSType#void#setResolvedTypeInternal#?,JSType#1416	0.0033333333333333335	0.0	6.666666666666665E-4		_
com.google.javascript.jscomp.parsing.JsDocInfoParser#Node#parseAndRecordTypeNode#?,JsDocToken,boolean#1095	0.0033100404560500183	0.0	6.620080912100035E-4		_
com.google.javascript.jscomp.parsing.JsDocInfoParser#Node#parseAndRecordTypeNode#?,JsDocToken#1083	0.0033100404560500183	0.0	6.620080912100035E-4		_
com.google.javascript.jscomp.LinkedFlowScope#LinkedFlowScope#createEntryLattice#?,Scope#100	0.003303964757709251	0.0	6.607929515418501E-4		_
com.google.javascript.jscomp.LinkedFlowScope$FlatFlowScopeCache#?#FlatFlowScopeCache#?,Scope#403	0.003303964757709251	0.0	6.607929515418501E-4		_
com.google.javascript.jscomp.LinkedFlowScope#?#LinkedFlowScope#?,FlatFlowScopeCache#79	0.0032967032967032967	0.0	6.593406593406592E-4		_
com.google.javascript.jscomp.LinkedFlowScope#?#LinkedFlowScope#?,LinkedFlowScope#83	0.0032918800292611556	0.0	6.583760058522309E-4		_
com.google.javascript.rhino.jstype.JSType#JSType#restrictByNotNullOrUndefined#?#1294	0.0032798833819241984	0.0	6.559766763848395E-4		_
com.google.javascript.jscomp.NodeTraversal#Node#getCurrentNode#?#447	0.003218884120171674	0.0	6.437768240343346E-4		_
com.google.javascript.jscomp.ControlFlowAnalysis#void#visit#?,NodeTraversal,Node,Node#323	0.003209700427960057	0.0	6.419400855920113E-4		_
com.google.javascript.jscomp.ControlFlowAnalysis#void#handleFunction#?,Node#530	0.003209700427960057	0.0	6.419400855920113E-4		_
com.google.javascript.rhino.jstype.JSType#FunctionType#toMaybeFunctionType#?,JSType#380	0.003200568990042674	0.0	6.401137980085347E-4		_
com.google.javascript.jscomp.TypeInference#boolean#isUnflowable#?,Var#1532	0.0031974420463629096	0.0	6.394884092725818E-4		_
com.google.javascript.jscomp.ControlFlowAnalysis#void#handleExpr#?,Node#536	0.0031847133757961785	0.0	6.369426751592355E-4		_
com.google.javascript.rhino.JSDocInfo#void#setConstructor#?,boolean#352	0.0031163434903047093	0.0	6.232686980609417E-4		_
com.google.javascript.jscomp.parsing.JsDocInfoParser#Node#newStringNode#?,String,int,int#2210	0.003076923076923077	0.0	6.153846153846153E-4		_
com.google.javascript.rhino.Node#Node#newString#?,String,int,int#512	0.0030748206354629312	0.0	6.149641270925861E-4		_
com.google.javascript.rhino.JSTypeExpression#?#JSTypeExpression#?,Node,String#65	0.0030570652173913045	0.0	6.114130434782608E-4		_
com.google.javascript.jscomp.parsing.JsDocInfoParser#JSTypeExpression#createJSTypeExpression#?,Node#1248	0.003046716316858497	0.0	6.093432633716993E-4		_
com.google.javascript.jscomp.DataFlowAnalysis#void#analyze#?#180	0.0030405405405405407	0.0	6.08108108108108E-4		_
com.google.javascript.jscomp.DataFlowAnalysis#ControlFlowGraph<N>#getCfg#?#139	0.0030405405405405407	0.0	6.08108108108108E-4		_
com.google.javascript.jscomp.ControlFlowAnalysis$AstControlFlowGraph#int#getPosition#?,DiGraphNode<Node,Branch>#1053	0.00303951367781155	0.0	6.079027355623099E-4		_
com.google.javascript.jscomp.parsing.JsDocTokenStream#boolean#isJSDocString#?,int#298	0.0030354131534569982	0.0	6.070826306913995E-4		_
com.google.javascript.rhino.JSDocInfo#boolean#hasBaseType#?#1248	0.003033367037411527	0.0	6.066734074823052E-4		_
com.google.javascript.jscomp.graph.LinkedDirectedGraph#List<DiGraphEdge<N,E>>#getOutEdges#?,N#130	0.003026227303295225	0.0	6.052454606590449E-4		_
com.google.javascript.rhino.JSDocInfo#boolean#hasReturnType#?#1093	0.0030221625251846875	0.0	6.044325050369374E-4		_
com.google.javascript.rhino.JSDocInfo#JSTypeExpression#getBaseType#?#1167	0.0030211480362537764	0.0	6.042296072507552E-4		_
com.google.javascript.jscomp.SourceFile#boolean#isExtern#?#181	0.003013056578506863	0.0	6.026113157013725E-4		_
com.google.javascript.jscomp.ControlFlowGraph#boolean#isEnteringNewCfgNode#?,Node#161	0.003011040481766477	0.0	6.022080963532953E-4		_
com.google.javascript.rhino.JSDocInfo#boolean#hasThisType#?#1155	0.0030100334448160534	0.0	6.020066889632106E-4		_
com.google.javascript.jscomp.graph.LinkedDirectedGraph$LinkedDirectedGraphEdge#DiGraphNode<N,E>#getSource#?#480	0.003007016371533578	0.0	6.014032743067155E-4		_
com.google.javascript.jscomp.parsing.JsDocInfoParser#String#getSourceName#?#150	0.002982107355864811	0.0	5.964214711729621E-4		_
com.google.javascript.rhino.JSDocInfo#boolean#isConstant#?#453	0.0029771749917300696	0.0	5.954349983460138E-4		_
com.google.javascript.jscomp.graph.LinkedDirectedGraph$AnnotatedLinkedDirectedGraphNode#A#getAnnotation#?#444	0.002976190476190476	0.0	5.952380952380951E-4		_
com.google.javascript.jscomp.graph.LinkedDirectedGraph$AnnotatedLinkedDirectedGraphNode#void#setAnnotation#?,Annotation#449	0.002976190476190476	0.0	5.952380952380951E-4		_
com.google.javascript.rhino.JSDocInfo#boolean#isDefine#?#486	0.0029702970297029703	0.0	5.940594059405939E-4		_
com.google.javascript.jscomp.NodeUtil#boolean#isForIn#?,Node#1593	0.0029585798816568047	0.0	5.917159763313608E-4		_
com.google.javascript.jscomp.ControlFlowAnalysis#Node#computeFollowNode#?,Node,ControlFlowAnalysis#675	0.0029459901800327334	0.0	5.891980360065466E-4		_
com.google.javascript.jscomp.ControlFlowAnalysis$AstControlFlowGraph#?#AstControlFlowGraph#?,Node,Map<DiGraphNode<Node,Branch>,Integer>,boolean#1018	0.002939255388634879	0.0	5.878510777269757E-4		_
com.google.javascript.jscomp.ControlFlowAnalysis#ControlFlowGraph<Node>#getCfg#?#145	0.002939255388634879	0.0	5.878510777269757E-4		_
com.google.javascript.jscomp.ControlFlowAnalysis#void#createEdge#?,Node,ControlFlowGraph.Branch,Node#822	0.002939255388634879	0.0	5.878510777269757E-4		_
com.google.javascript.jscomp.ControlFlowAnalysis#?#ControlFlowAnalysis#?,AbstractCompiler,boolean,boolean#139	0.002939255388634879	0.0	5.878510777269757E-4		_
com.google.javascript.jscomp.graph.DiGraph#boolean#isConnected#?,N,E,N#99	0.002938295788442703	0.0	5.876591576885405E-4		_
com.google.javascript.jscomp.ControlFlowGraph#?#ControlFlowGraph#?,N,boolean,boolean#49	0.0029354207436399216	0.0	5.870841487279842E-4		_
com.google.javascript.jscomp.ControlFlowGraph#DiGraphNode<N,ControlFlowGraph.Branch>#getImplicitReturn#?#60	0.0029354207436399216	0.0	5.870841487279842E-4		_
com.google.javascript.jscomp.ControlFlowGraph#DiGraphNode<N,ControlFlowGraph.Branch>#getEntry#?#70	0.0029354207436399216	0.0	5.870841487279842E-4		_
com.google.javascript.jscomp.ControlFlowAnalysis#Node#computeFallThrough#?,Node#808	0.0029249268768280793	0.0	5.849853753656158E-4		_
com.google.javascript.jscomp.graph.LinkedDirectedGraph$AnnotatedLinkedDirectedGraphNode#?#AnnotatedLinkedDirectedGraphNode#?,N#438	0.0029135642602784073	0.0	5.827128520556813E-4		_
com.google.javascript.rhino.Node#void#setLength#?,int#1118	0.002896684905053106	0.0	5.79336981010621E-4		_
com.google.javascript.rhino.Node#JSType#getJSType#?#1809	0.0028836911246395386	0.0	5.767382249279076E-4		_
com.google.javascript.rhino.Node#boolean#isSyntheticBlock#?#1911	0.0028319697923222154	0.0	5.663939584644429E-4		_
com.google.javascript.jscomp.Scope$Var#Node#getParentNode#?#170	0.002824858757062147	0.0	5.649717514124293E-4		_
com.google.javascript.jscomp.parsing.IRFactory#Node#newStringNode#?,String#1427	0.0028149190710767065	0.0	5.629838142153412E-4		_
com.google.javascript.jscomp.LinkedFlowScope#void#inferSlotType#?,String,JSType#105	0.0028089887640449437	0.0	5.617977528089886E-4		_
com.google.javascript.jscomp.LinkedFlowScope$LinkedFlowSlot#?#LinkedFlowSlot#?,String,JSType,LinkedFlowSlot#371	0.0028089887640449437	0.0	5.617977528089886E-4		_
com.google.javascript.jscomp.JSError#JSError#make#?,String,Node,DiagnosticType,String#115	0.0027605244996549345	0.0	5.521048999309868E-4		_
com.google.javascript.rhino.jstype.SimpleSlot#?#SimpleSlot#?,String,JSType,boolean#61	0.002751031636863824	0.0	5.502063273727647E-4		_
com.google.javascript.jscomp.JSError#?#JSError#?,String,Node,DiagnosticType,String#171	0.0027472527472527475	0.0	5.494505494505493E-4		_
com.google.javascript.rhino.Node$SiblingNodeIterable#boolean#hasNext#?#1276	0.002736394040741867	0.0	5.472788081483733E-4		_
com.google.javascript.rhino.Node$SiblingNodeIterable#?#SiblingNodeIterable#?,Node#1254	0.002736394040741867	0.0	5.472788081483733E-4		_
com.google.javascript.rhino.JSDocInfo#boolean#isConstructor#?#461	0.0027124773960217	0.0	5.424954792043399E-4		_
com.google.javascript.rhino.jstype.ArrowType#boolean#isSubtype#?,JSType#143	5.420054200542005E-4	5.420054200542005E-4	5.420054200542005E-4	!(!isTopFunction)	_
com.google.javascript.rhino.JSDocInfo#boolean#isInterface#?#542	0.0027092113184828417	0.0	5.418422636965682E-4		_
com.google.javascript.jscomp.graph.LinkedDirectedGraph#boolean#isConnectedInDirection#?,N,E,N#200	0.0026986506746626685	0.0	5.397301349325336E-4		_
com.google.javascript.rhino.Node#boolean#isFor#?#2230	0.002697841726618705	0.0	5.395683453237409E-4		_
com.google.javascript.rhino.Node#boolean#isReturn#?#2318	0.0026556506344054295	0.0	5.311301268810858E-4		_
com.google.javascript.jscomp.graph.LinkedDirectedGraph$LinkedDirectedGraphEdge#E#getValue#?#500	0.0026540843409023885	0.0	5.308168681804776E-4		_
com.google.javascript.rhino.JSDocInfoBuilder#boolean#hasAnySingletonTypeTags#?#1013	0.0026517383618149676	0.0	5.303476723629934E-4		_
com.google.javascript.rhino.IR#Node#string#?,String#443	0.0026472534745201853	0.0	5.29450694904037E-4		_
com.google.javascript.rhino.JSDocInfo#boolean#hasEnumParameterType#?#1077	0.0026254375729288216	0.0	5.250875145857642E-4		_
com.google.javascript.rhino.JSDocInfo#boolean#hasTypedefType#?#1085	0.0026246719160104987	0.0	5.249343832020996E-4		_
com.google.javascript.jscomp.graph.LinkedDirectedGraph#GraphNode<N,E>#getNode#?,N#118	0.0026208503203261502	0.0	5.241700640652299E-4		_
com.google.javascript.jscomp.graph.LinkedDirectedGraph#void#connect#?,N,E,N#86	0.0026208503203261502	0.0	5.241700640652299E-4		_
com.google.javascript.jscomp.graph.LinkedDirectedGraph$LinkedDirectedGraphNode#List<DiGraphEdge<N,E>>#getInEdges#?#389	0.0026208503203261502	0.0	5.241700640652299E-4		_
com.google.javascript.jscomp.graph.LinkedDirectedGraph$LinkedDirectedGraphEdge#?#LinkedDirectedGraphEdge#?,DiGraphNode<N,E>,E,DiGraphNode<N,E>#475	0.0026208503203261502	0.0	5.241700640652299E-4		_
com.google.javascript.rhino.Node#boolean#isTry#?#2354	0.002617801047120419	0.0	5.235602094240837E-4		_
com.google.javascript.jscomp.TypedScopeCreator$AbstractScopeBuilder#FunctionType#findOverriddenFunction#?,ObjectType,String#970	5.367686527106817E-4	5.367686527106817E-4	5.231356344459586E-4	propType != null && propType.isFunctionType()	_
com.google.javascript.rhino.JSDocInfo#boolean#hasType#?#1069	0.0026155187445510027	0.0	5.231037489102005E-4		_
com.google.javascript.jscomp.graph.LinkedDirectedGraph$LinkedDirectedGraphEdge#DiGraphNode<N,E>#getDestination#?#485	0.0026155187445510027	0.0	5.231037489102005E-4		_
com.google.javascript.jscomp.FunctionTypeBuilder#boolean#addParameter#?,FunctionParamBuilder,JSType,boolean,boolean,boolean#560	5.224660397074191E-4	5.224660397074191E-4	5.224660397074191E-4	!(!builder.addVarArgs(paramType) && !warnedAboutArgList)	_
com.google.javascript.rhino.JSDocInfo#boolean#hasType#?,int#1097	0.0026086956521739132	0.0	5.217391304347826E-4		_
com.google.javascript.rhino.Node#Node#newString#?,String#504	0.0026058631921824105	0.0	5.21172638436482E-4		_
com.google.javascript.jscomp.graph.LinkedDirectedGraph#Iterable<DiGraphNode<N,E>>#getDirectedGraphNodes#?#107	0.002600404507367813	0.0	5.200809014735625E-4		_
com.google.javascript.jscomp.parsing.JsDocInfoParser#void#setFileOverviewJSDocInfo#?,JSDocInfo#117	0.0025974025974025974	0.0	5.194805194805194E-4		_
com.google.javascript.jscomp.parsing.IRFactory#JsDocInfoParser#createJsDocInfoParser#?,Comment,Node#419	0.0025974025974025974	0.0	5.194805194805194E-4		_
com.google.javascript.jscomp.parsing.JsDocInfoParser#void#setFileLevelJsDocBuilder#?,Node.FileLevelJsDocBuilder#109	0.0025944076102623233	0.0	5.188815220524645E-4		_
com.google.javascript.jscomp.parsing.JsDocInfoParser#JSDocInfo#getFileOverviewJSDocInfo#?#2344	0.002591419522027066	0.0	5.182839044054131E-4		_
com.google.javascript.jscomp.Scope#Iterator<Var>#getVars#?#567	0.002584721424468696	0.0	5.169442848937391E-4		_
com.google.javascript.rhino.jstype.FunctionType#void#setSource#?,Node#1092	5.162622612287042E-4	5.162622612287042E-4	5.162622612287042E-4	source == null || prototypeSlot.getNode() == null	_
com.google.javascript.rhino.jstype.ArrowType#boolean#hasEqualParameters#?,ArrowType,EquivalenceMethod#201	5.162622612287042E-4	5.162622612287042E-4	5.162622612287042E-4	!(thisParam.isVarArgs() != otherParam.isVarArgs())	_
com.google.javascript.jscomp.Scope#Node#getRootNode#?#433	0.0025780578630764826	0.0	5.156115726152965E-4		_
com.google.javascript.rhino.Node#boolean#isNew#?#2286	0.002572898799313894	0.0	5.145797598627786E-4		_
com.google.javascript.jscomp.FunctionTypeBuilder#boolean#isVarArgsParameter#?,Node,JSDocInfo#517	5.296610169491525E-4	5.296610169491525E-4	5.144317614051271E-4	codingConvention.isVarArgsParameter(param)	_
com.google.javascript.jscomp.graph.LinkedDirectedGraph#GraphNode<N,E>#createNode#?,N#177	0.002562642369020501	0.0	5.125284738041002E-4		_
com.google.javascript.jscomp.graph.LinkedDirectedGraph$LinkedDirectedGraphNode#?#LinkedDirectedGraphNode#?,N#347	0.002554640931024695	0.0	5.109281862049388E-4		_
com.google.javascript.jscomp.TypeValidator#void#expectCanCast#?,NodeTraversal,Node,JSType,JSType#506	5.104645227156713E-4	5.107252298263534E-4	5.10673088404217E-4	!(!type.canAssignTo(castType) && !castType.canAssignTo(type))	_
com.google.javascript.jscomp.graph.LinkedDirectedGraph$LinkedDirectedGraphNode#N#getValue#?#352	0.0025524673851389677	0.0	5.104934770277935E-4		_
com.google.javascript.jscomp.graph.LinkedDirectedGraph#DiGraphNode<N,E>#getDirectedGraphNode#?,N#113	0.002548853016142736	0.0	5.097706032285471E-4		_
com.google.javascript.jscomp.graph.LinkedDirectedGraph$LinkedDirectedGraphNode#List<DiGraphEdge<N,E>>#getOutEdges#?#394	0.002548853016142736	0.0	5.097706032285471E-4		_
com.google.javascript.jscomp.BasicErrorManager$ErrorWithLevel#?#ErrorWithLevel#?,JSError,CheckLevel#188	0.0025477707006369425	0.0	5.095541401273884E-4		_
com.google.javascript.rhino.Node#Node#setJSDocInfo#?,JSDocInfo#1859	0.0025466893039049238	0.0	5.093378607809847E-4		_
com.google.javascript.rhino.jstype.ArrowType#boolean#checkArrowEquivalenceHelper#?,ArrowType,EquivalenceMethod#216	5.104645227156713E-4	5.104645227156713E-4	5.089752399029193E-4	!(!returnType.checkEquivalenceHelper(that.returnType,eqMethod))	_
com.google.javascript.jscomp.graph.LinkedDirectedGraph#?#LinkedDirectedGraph#?,boolean,boolean#73	0.0025380710659898475	0.0	5.076142131979694E-4		_
com.google.javascript.jscomp.parsing.JsDocInfoParser#JsDocToken#eatTokensUntilEOL#?#2239	0.002529510961214165	0.0	5.059021922428329E-4		_
com.google.javascript.rhino.InputId#boolean#equals#?,Object#68	5.047955577990914E-4	5.047955577990914E-4	5.047955577990914E-4	!(getClass() != obj.getClass())	_
com.google.javascript.jscomp.FunctionTypeBuilder#boolean#isOptionalParameter#?,Node,JSDocInfo#502	5.165289256198347E-4	5.165289256198347E-4	5.039260883416728E-4	codingConvention.isOptionalParameter(param)	_
com.google.javascript.rhino.JSDocInfo#JSTypeExpression#getType#?#1104	0.002518186905428092	0.0	5.036373810856183E-4		_
com.google.javascript.rhino.jstype.ArrowType#boolean#hasTemplatedParameterType#?#308	5.00751126690035E-4	5.00751126690035E-4	5.00751126690035E-4	paramNode != null	_
com.google.javascript.rhino.Node#boolean#isThis#?#2342	0.0024875621890547263	0.0	4.975124378109451E-4		_
com.google.javascript.jscomp.Compiler#void#initOptions#?,CompilerOptions#275	3.641660597232338E-4	5.72737686139748E-4	4.900525035398055E-4	!(errorManager == null)	_
com.google.javascript.jscomp.JSError#CheckLevel#getDefaultLevel#?#242	0.0024125452352231603	0.0	4.8250904704463197E-4		_
com.google.javascript.jscomp.TypeInference#void#ensurePropertyDeclared#?,Node#627	4.7596382674916705E-4	4.7596382674916705E-4	4.7596382674916705E-4	ownerType != null	_
com.google.javascript.rhino.JSDocInfo#boolean#isNoCompile#?#614	0.002377179080824089	0.0	4.7543581616481766E-4		_
com.google.javascript.rhino.JSDocInfo#boolean#isExterns#?#598	0.0023752969121140144	0.0	4.7505938242280274E-4		_
com.google.javascript.jscomp.parsing.JsDocInfoParser#Node#parseParamTypeExpressionAnnotation#?,JsDocToken#1601	4.8355899419729207E-4	4.8355899419729207E-4	4.746820658013998E-4	match(JsDocToken.EQUALS)	_
com.google.javascript.rhino.JSDocInfo#boolean#hasFileOverview#?#1417	0.0023721665788086453	0.0	4.7443331576172895E-4		_
com.google.javascript.jscomp.FunctionTypeBuilder#FunctionTypeBuilder#inferThisType#?,JSDocInfo,JSType#382	4.716981132075472E-4	4.716981132075472E-4	4.716981132075472E-4	objType != null && (info == null || !info.hasType())	_
com.google.javascript.rhino.JSDocInfo#boolean#declareParam#?,JSTypeExpression,String#918	4.3649061545176777E-4	4.7938638542665386E-4	4.708072314316766E-4	!(info.parameters == null)	_
com.google.javascript.jscomp.TypeCheck#void#checkDeclaredPropertyInheritance#?,NodeTraversal,Node,FunctionType,String,JSDocInfo,JSType#1179	4.7080979284369113E-4	4.7080979284369113E-4	4.7050048561235317E-4	!declaredOverride && !superClassHasProperty && !superInterfaceHasProperty	_
com.google.javascript.jscomp.TypeCheck#boolean#hasUnknownOrEmptySupertype#?,FunctionType#1262	4.6948356807511736E-4	4.6948356807511736E-4	4.6948356807511736E-4	!(ctor == null)	_
com.google.javascript.rhino.JSDocInfoBuilder#boolean#isPopulatedWithFileOverview#?#102	0.0023376623376623377	0.0	4.6753246753246743E-4		_
com.google.javascript.jscomp.parsing.JsDocInfoParser#boolean#hasParsedFileOverviewDocInfo#?#2329	0.0023376623376623377	0.0	4.6753246753246743E-4		_
com.google.javascript.rhino.JSDocInfoBuilder#boolean#isPopulated#?#93	0.0023376623376623377	0.0	4.6753246753246743E-4		_
com.google.javascript.jscomp.parsing.JsDocInfoParser#JSDocInfo#retrieveAndResetParsedJSDocInfo#?#2337	0.0023376623376623377	0.0	4.6753246753246743E-4		_
com.google.javascript.rhino.JSDocInfoBuilder#boolean#shouldParseDocumentation#?#85	0.0023370553103090105	0.0	4.67411062061802E-4		_
com.google.javascript.rhino.JSDocInfo#void#setAssociatedNode#?,Node#1439	0.0023358422008824295	0.0	4.6716844017648577E-4		_
com.google.javascript.rhino.JSDocInfo#void#setVisibility#?,Visibility#645	0.0023346303501945525	0.0	4.669260700389104E-4		_
com.google.javascript.jscomp.parsing.JsDocInfoParser#JsDocToken#current#?#2307	0.00233402489626556	0.0	4.668049792531119E-4		_
com.google.javascript.jscomp.parsing.JsDocInfoParser#boolean#match#?,JsDocToken#2277	0.00233402489626556	0.0	4.668049792531119E-4		_
com.google.javascript.jscomp.parsing.JsDocInfoParser#Node#createTemplateNode#?#2217	0.00233341975628727	0.0	4.666839512574539E-4		_
com.google.javascript.rhino.JSDocInfo#Visibility#getVisibility#?#968	0.00233160621761658	0.0	4.663212435233159E-4		_
com.google.javascript.rhino.JSDocInfo#JSTypeExpression#getParameterType#?,String#978	4.662004662004662E-4	4.662004662004662E-4	4.657247514390371E-4	!(info == null || info.parameters == null)	_
com.google.javascript.jscomp.parsing.JsDocTokenStream#String#getString#?#232	0.002324980625161457	0.0	4.6499612503229123E-4		_
com.google.javascript.jscomp.parsing.JsDocTokenStream#String#getStringFromBuffer#?#238	0.0023237800154918666	0.0	4.647560030983732E-4		_
com.google.javascript.rhino.JSDocInfo#boolean#getFlag#?,int#640	0.0023231801755291687	0.0	4.6463603510583365E-4		_
com.google.javascript.rhino.JSDocInfoBuilder#?#JSDocInfoBuilder#?,boolean#71	0.002304147465437788	0.0	4.608294930875575E-4		_
com.google.javascript.jscomp.NodeUtil#boolean#isHoistedFunctionDeclaration#?,Node#1898	0.0022994379151762903	0.0	4.5988758303525795E-4		_
com.google.javascript.rhino.JSDocInfo#?#JSDocInfo#?,boolean#337	0.0022953328232593728	0.0	4.5906656465187446E-4		_
com.google.javascript.jscomp.TypedScopeCreator$AbstractScopeBuilder#void#defineName#?,Node,Node,Node,JSDocInfo#804	4.0816326530612246E-4	4.71253534401508E-4	4.5863548058243094E-4	!(type == null)	_
com.google.javascript.rhino.IR#Node#script#?#127	0.002283684344075108	0.0	4.567368688150215E-4		_
com.google.javascript.rhino.jstype.FunctionType#JSType#getPropertyType#?,String#592	4.5475216007276033E-4	4.5495905368516835E-4	4.5491767496268676E-4	!("apply".equals(name))	_
com.google.javascript.rhino.JSDocInfoBuilder#void#markName#?,String,StaticSourceFile,int,int#207	4.363001745200698E-4	4.5599635202918376E-4	4.5205711652736096E-4	!(currentMarker != null)	_
com.google.javascript.rhino.JSDocInfo#void#lazyInitInfo#?#649	3.700962250185048E-4	4.714757190004715E-4	4.5119982020407816E-4	!(info == null)	_
com.google.javascript.rhino.jstype.FunctionType#Iterable<Node>#getParameters#?#276	4.409171075837742E-4	4.409171075837742E-4	4.409171075837742E-4	n != null	_
com.google.javascript.rhino.jstype.JSTypeRegistry#JSType#createOptionalType#?,JSType#972	5.042864346949068E-4	5.042864346949068E-4	4.400189757837337E-4	!(type instanceof UnknownType || type.isAllType())	_
com.google.javascript.rhino.jstype.JSTypeRegistry#JSType#createDefaultObjectUnion#?,JSType#984	4.3706293706293706E-4	4.3706293706293706E-4	4.3672044107394563E-4	!(type.isTemplateType())	_
com.google.javascript.rhino.JSDocInfoBuilder#boolean#recordParameter#?,String,JSTypeExpression#267	4.3649061545176777E-4	4.3649061545176777E-4	4.364525272654282E-4	!hasAnySingletonTypeTags() && currentInfo.declareParam(type,parameterName)	_
com.google.javascript.jscomp.parsing.JsDocInfoParser#Node#parseAndRecordParamTypeNode#?,JsDocToken#1133	4.3649061545176777E-4	4.3649061545176777E-4	4.3641447230035886E-4	typeNode != null	_
com.google.javascript.rhino.Node#?#Node#?,int,Node,int,int#444	4.2052144659377626E-4	4.3840420868040335E-4	4.3482765626307794E-4	sourcePosition > charno	_
com.google.javascript.jscomp.DiagnosticGroup#boolean#matches#?,JSError#103	0.0021424745581146223	0.0	4.2849491162292436E-4		_
com.google.javascript.jscomp.DiagnosticGroupWarningsGuard#CheckLevel#level#?,JSError#40	0.0021424745581146223	0.0	4.2849491162292436E-4		_
com.google.javascript.jscomp.JSError#DiagnosticType#getType#?#179	0.0021424745581146223	0.0	4.2849491162292436E-4		_
com.google.javascript.rhino.JSDocInfoBuilder#boolean#recordReturnType#?,JSTypeExpression#482	4.2607584149978694E-4	4.2607584149978694E-4	4.260032870780756E-4	jsType != null && currentInfo.getReturnType() == null && !hasAnySingletonTypeTags()	_
com.google.javascript.jscomp.NodeUtil#boolean#isStatementParent#?,Node#1748	0.0020637468470534283	0.0	4.1274936941068554E-4		_
com.google.javascript.jscomp.NodeTraversal#void#traverseRoots#?,AbstractCompiler,List<Node>,Callback#465	0.0020440608675902795	0.0	4.088121735180558E-4		_
com.google.javascript.jscomp.TypedScopeCreator$AbstractScopeBuilder#void#defineVar#?,Node,Node#750	4.084967320261438E-4	4.084967320261438E-4	4.084300386821395E-4	!(n.hasMoreThanOneChild())	_
com.google.javascript.jscomp.Scope#?#Scope#?,Scope,Node#387	0.001989389920424403	0.0	3.9787798408488057E-4		_
com.google.javascript.jscomp.parsing.IRFactory$TransformDispatcher#Node#processPropertyGet#?,PropertyGet#948	0.0019836896627727575	0.0	3.967379325545514E-4		_
com.google.javascript.rhino.JSDocInfoBuilder#boolean#recordType#?,JSTypeExpression#435	3.946329913180742E-4	3.946329913180742E-4	3.944775628063302E-4	type != null && !hasAnyTypeRelatedTags()	_
com.google.javascript.jscomp.NodeTraversal#CompilerInput#getInput#?#434	0.00195993031358885	0.0	3.919860627177699E-4		_
com.google.javascript.jscomp.parsing.IRFactory$TransformDispatcher#boolean#validAssignmentTarget#?,Node#1135	0.001956521739130435	0.0	3.913043478260869E-4		_
com.google.javascript.jscomp.NodeUtil#boolean#isFunctionDeclaration#?,Node#1889	0.001932574618853339	0.0	3.8651492377066773E-4		_
com.google.javascript.jscomp.parsing.JsDocTokenStream#void#ungetCharIgnoreLineEnd#?,int#439	3.8550501156515033E-4	3.8550501156515033E-4	3.855050115651504E-4	ungetBuffer[ungetCursor++] <= c	_
com.google.javascript.jscomp.parsing.JsDocInfoParser#boolean#lookAheadForTypeAnnotation#?#2362	3.779289493575208E-4	3.779289493575208E-4	3.764721439189299E-4	c == '{'	_
com.google.javascript.rhino.Node#boolean#isParamList#?#2310	0.0018552875695732839	0.0	3.710575139146567E-4		_
com.google.javascript.jscomp.parsing.IRFactory$TransformDispatcher#Node#processInfixExpression#?,InfixExpression#800	0.0018491884117526197	0.0	3.698376823505239E-4		_
com.google.javascript.jscomp.CompilerOptions#CodingConvention#getCodingConvention#?#1351	0.0018152480839048004	0.0	3.6304961678096E-4		_
com.google.javascript.jscomp.Compiler#CodingConvention#getCodingConvention#?#1993	0.0018152480839048004	0.0	3.6304961678096E-4		_
com.google.javascript.rhino.Node#boolean#isExprResult#?#2222	0.0018057784911717496	0.0	3.6115569823434984E-4		_
com.google.javascript.jscomp.NodeTraversal#boolean#inGlobalScope#?#636	0.0017971246006389776	0.0	3.594249201277954E-4		_
com.google.javascript.jscomp.NodeUtil#boolean#isAssignmentOp#?,Node#1483	0.0017769002961500495	0.0	3.553800592300098E-4		_
com.google.javascript.jscomp.Scope#boolean#isLocal#?#610	0.0017709563164108619	0.0	3.541912632821723E-4		_
com.google.javascript.jscomp.Scope#boolean#isGlobal#?#603	0.0017513134851138354	0.0	3.50262697022767E-4		_
com.google.javascript.jscomp.Scope#Scope#getParent#?#437	0.0017438480914551443	0.0	3.487696182910288E-4		_
com.google.javascript.jscomp.NodeUtil#boolean#isGet#?,Node#1534	0.0017341040462427746	0.0	3.4682080924855485E-4		_
com.google.javascript.jscomp.Scope#Var#declare#?,String,Node,JSType,CompilerInput,boolean#500	0.0017331022530329288	0.0	3.466204506065857E-4		_
com.google.javascript.rhino.Node#boolean#isAssign#?#2162	0.001710051301539046	0.0	3.420102603078091E-4		_
com.google.javascript.jscomp.Compiler#CompilerInput#getInput#?,InputId#1043	0.0017094017094017094	0.0	3.418803418803418E-4		_
com.google.javascript.jscomp.Scope#Scope#createGlobalScope#?,Node#410	0.0017016449234259785	0.0	3.403289846851956E-4		_
com.google.javascript.jscomp.Scope#?#Scope#?,Node,boolean#403	0.0017016449234259785	0.0	3.403289846851956E-4		_
com.google.javascript.jscomp.NodeUtil#boolean#isControlStructure#?,Node#1663	0.0016955538809344385	0.0	3.391107761868876E-4		_
com.google.javascript.jscomp.ComposeWarningsGuard#boolean#enables#?,DiagnosticGroup#153	3.526093088857546E-4	3.361344537815126E-4	3.361344537815126E-4	!(guard.disables(group))	_
com.google.javascript.rhino.jstype.ObjectType#boolean#defineDeclaredProperty#?,String,JSType,Node#279	0.0016700686583781777	0.0	3.3401373167563547E-4		_
com.google.javascript.jscomp.NodeTraversal$AbstractPostOrderCallback#boolean#shouldTraverse#?,NodeTraversal,Node,Node#133	0.0016700686583781777	0.0	3.3401373167563547E-4		_
com.google.javascript.rhino.jstype.PrototypeObjectType#FunctionType#getConstructor#?#410	0.0016682113067655235	0.0	3.336422613531046E-4		_
com.google.javascript.rhino.jstype.ObjectType#boolean#hasOwnDeclaredProperty#?,String#438	0.0016669753658084831	0.0	3.3339507316169654E-4		_
com.google.javascript.jscomp.PrepareAst$PrepareAnnotations#void#visit#?,NodeTraversal,Node,Node#140	0.0016666666666666668	0.0	3.3333333333333327E-4		_
com.google.javascript.rhino.jstype.PrototypeObjectType#boolean#hasOwnProperty#?,String#176	0.001665741254858412	0.0	3.331482509716823E-4		_
com.google.javascript.jscomp.NodeUtil#boolean#isStatementBlock#?,Node#1727	0.0016623568526043591	0.0	3.324713705208717E-4		_
com.google.javascript.jscomp.NodeUtil#boolean#isFunctionExpression#?,Node#1927	0.001661436219309581	0.0	3.3228724386191613E-4		_
com.google.javascript.rhino.jstype.JSTypeRegistry#ArrowType#createArrowType#?,Node,JSType#1052	0.00165959800848239	0.0	3.319196016964779E-4		_
com.google.javascript.rhino.jstype.ArrowType#?#ArrowType#?,JSTypeRegistry,Node,JSType#64	0.0016562384983437614	0.0	3.312476996687522E-4		_
com.google.javascript.rhino.jstype.InstanceObjectType#?#InstanceObjectType#?,JSTypeRegistry,FunctionType,boolean,ImmutableList<JSType>#63	0.001655933762649494	0.0	3.311867525298987E-4		_
com.google.javascript.rhino.Node#boolean#isString#?#2330	0.001650467632495874	0.0	3.300935264991747E-4		_
com.google.javascript.jscomp.parsing.IRFactory$TransformDispatcher#Node#processBlock#?,Block#569	0.0016450374702979345	0.0	3.2900749405958684E-4		_
com.google.javascript.rhino.Node#boolean#isCall#?#2178	0.001632208922742111	0.0	3.264417845484221E-4		_
com.google.javascript.jscomp.parsing.IRFactory#Node#newNode#?,int,Node,Node#1419	0.0016316171138506164	0.0	3.263234227701232E-4		_
com.google.javascript.jscomp.NodeUtil#boolean#isStatement#?,Node#1734	0.0016298442593263311	0.0	3.2596885186526615E-4		_
com.google.javascript.rhino.Node#boolean#hasChildren#?#528	0.0016274864376130199	0.0	3.254972875226039E-4		_
com.google.javascript.rhino.jstype.JSType#ImmutableList<String>#getTemplateKeys#?#493	0.0016248420292471566	0.0	3.2496840584943123E-4		_
com.google.javascript.jscomp.parsing.IRFactory$TransformDispatcher#Node#processGeneric#?,com.google.javascript.rhino.head.Node#464	0.0016105941302791697	0.0	3.2211882605583385E-4		_
com.google.javascript.rhino.jstype.JSType#JSType#getNativeType#?,JSTypeNative#148	0.0015991471215351812	0.0	3.1982942430703617E-4		_
com.google.javascript.rhino.jstype.InstanceObjectType#boolean#isNominalType#?#164	0.0015892636411795867	0.0	3.1785272823591724E-4		_
com.google.javascript.rhino.jstype.FunctionParamBuilder#Node#build#?#142	0.0015892636411795867	0.0	3.1785272823591724E-4		_
com.google.javascript.rhino.jstype.FunctionParamBuilder#?#FunctionParamBuilder#?,JSTypeRegistry#55	0.0015892636411795867	0.0	3.1785272823591724E-4		_
com.google.javascript.rhino.jstype.FunctionType#boolean#hasCachedValues#?#1140	0.0015867418899858955	0.0	3.1734837799717903E-4		_
com.google.javascript.rhino.jstype.ArrowType#?#ArrowType#?,JSTypeRegistry,Node,JSType,boolean#71	0.0015867418899858955	0.0	3.1734837799717903E-4		_
com.google.javascript.rhino.jstype.JSType#boolean#isNoObjectType#?#195	0.0015859030837004405	0.0	3.1718061674008806E-4		_
com.google.javascript.rhino.jstype.PrototypeObjectType#void#setOwnerFunction#?,FunctionType#518	0.0015856236786469344	0.0	3.171247357293868E-4		_
com.google.javascript.rhino.jstype.JSType#boolean#isEmptyType#?#199	0.0015853443720274794	0.0	3.170688744054958E-4		_
com.google.javascript.rhino.jstype.PrototypeObjectType#Iterable<ObjectType>#getCtorExtendedInterfaces#?#536	0.0015833919774806474	0.0	3.166783954961294E-4		_
com.google.javascript.rhino.jstype.ObjectType#boolean#isFunctionPrototypeType#?#559	0.0015833919774806474	0.0	3.166783954961294E-4		_
com.google.javascript.rhino.jstype.PrototypeObjectType#FunctionType#getOwnerFunction#?#524	0.0015833919774806474	0.0	3.166783954961294E-4		_
com.google.javascript.rhino.jstype.FunctionType#boolean#hasInstanceType#?#1063	0.0015781167806417674	0.0	3.1562335612835343E-4		_
com.google.javascript.rhino.jstype.FunctionType#ObjectType#getInstanceType#?#1047	0.0015781167806417674	0.0	3.1562335612835343E-4		_
com.google.javascript.rhino.jstype.ObjectType$Property#?#Property#?,String,JSType,boolean,Node#619	0.0015742522301906594	0.0	3.148504460381318E-4		_
com.google.javascript.rhino.jstype.FunctionType#FunctionType#toMaybeFunctionType#?#254	0.0015742522301906594	0.0	3.148504460381318E-4		_
com.google.javascript.rhino.jstype.JSTypeRegistry#FunctionType#getNativeFunctionType#?,JSTypeNative#899	0.0015737016961007168	0.0	3.147403392201433E-4		_
com.google.javascript.rhino.jstype.InstanceObjectType#boolean#hasReferenceName#?#76	0.0015734265734265735	0.0	3.1468531468531463E-4		_
com.google.javascript.rhino.jstype.InstanceObjectType#Iterable<ObjectType>#getCtorExtendedInterfaces#?#187	0.0015720524017467249	0.0	3.1441048034934493E-4		_
com.google.javascript.rhino.Node#boolean#hasOneChild#?#1373	0.0015706806282722514	0.0	3.141361256544502E-4		_
com.google.javascript.rhino.jstype.PrototypeObjectType#void#setPrettyPrint#?,boolean#401	0.001566579634464752	0.0	3.1331592689295035E-4		_
com.google.javascript.jscomp.parsing.IRFactory#?#IRFactory#?,String,StaticSourceFile,Config,ErrorReporter#160	0.0015663069961712496	0.0	3.1326139923424983E-4		_
com.google.javascript.rhino.jstype.FunctionType#boolean#isConstructor#?#191	0.0015663069961712496	0.0	3.1326139923424983E-4		_
com.google.javascript.rhino.jstype.FunctionType#Iterable<ObjectType>#getExtendedInterfaces#?#567	0.0015630427231677665	0.0	3.1260854463355324E-4		_
com.google.javascript.rhino.jstype.PrototypeObjectType#boolean#hasReferenceName#?#442	0.0015595217466643563	0.0	3.119043493328712E-4		_
com.google.javascript.jscomp.CompilerInput#String#getName#?#100	0.0015589814654425776	0.0	3.1179629308851546E-4		_
com.google.javascript.rhino.jstype.InstanceObjectType#String#getReferenceName#?#71	0.0015587114651887772	0.0	3.1174229303775535E-4		_
com.google.javascript.rhino.jstype.ObjectType#boolean#hasCachedValues#?#534	0.0015562856648798202	0.0	3.1125713297596396E-4		_
com.google.javascript.rhino.jstype.ObjectType#?#ObjectType#?,JSTypeRegistry,ImmutableList<String>,ImmutableList<JSType>#95	0.0015562856648798202	0.0	3.1125713297596396E-4		_
com.google.javascript.rhino.jstype.PrototypeObjectType#boolean#hasCachedValues#?#507	0.0015562856648798202	0.0	3.1125713297596396E-4		_
com.google.javascript.rhino.jstype.PrototypeObjectType#void#setImplicitPrototype#?,ObjectType#426	0.0015562856648798202	0.0	3.1125713297596396E-4		_
com.google.javascript.rhino.jstype.PrototypeObjectType#boolean#isNativeObjectType#?#513	0.0015549412577747063	0.0	3.109882515549412E-4		_
com.google.javascript.rhino.InputId#String#getIdName#?#56	0.0015535991714137752	0.0	3.1071983428275496E-4		_
com.google.javascript.rhino.jstype.FunctionType#boolean#isInterface#?#196	0.0015487867836861124	0.0	3.097573567372224E-4		_
com.google.javascript.rhino.jstype.InstanceObjectType#ObjectType#getImplicitPrototype#?#81	0.0015471892728210418	0.0	3.094378545642083E-4		_
com.google.javascript.rhino.jstype.JSTypeRegistry#ObjectType#getNativeObjectType#?,JSTypeNative#895	0.0015469233413544173	0.0	3.093846682708834E-4		_
com.google.javascript.rhino.jstype.ObjectType$Property#JSType#getType#?#649	0.0015445340655568904	0.0	3.08906813111378E-4		_
com.google.javascript.rhino.jstype.InstanceObjectType#FunctionType#getConstructor#?#86	0.0015432098765432098	0.0	3.086419753086419E-4		_
com.google.javascript.rhino.jstype.PrototypeObjectType#ObjectType#getImplicitPrototype#?#415	0.0015421521590130226	0.0	3.0843043180260447E-4		_
com.google.javascript.rhino.jstype.UnionTypeBuilder#Collection<JSType>#getAlternateListCopy#?#260	0.00154030463802841	0.0	3.080609276056819E-4		_
com.google.javascript.rhino.jstype.UnionType#?#UnionType#?,JSTypeRegistry,Collection<JSType>#82	0.00154030463802841	0.0	3.080609276056819E-4		_
com.google.javascript.rhino.jstype.JSType#ObjectType#toObjectType#?#874	0.00154030463802841	0.0	3.080609276056819E-4		_
com.google.javascript.rhino.jstype.JSType#boolean#isSubtype#?,JSType#1324	0.0015397775876817793	0.0	3.079555175363558E-4		_
com.google.javascript.rhino.Node#boolean#isGetProp#?#2246	0.0015376729882111738	0.0	3.075345976422347E-4		_
com.google.javascript.rhino.jstype.JSType#boolean#isTemplatized#?#486	0.0015368852459016393	0.0	3.073770491803278E-4		_
com.google.javascript.rhino.jstype.UnionTypeBuilder#?#UnionTypeBuilder#?,JSTypeRegistry#101	0.0015308725973805068	0.0	3.061745194761013E-4		_
com.google.javascript.rhino.jstype.JSType#boolean#isUnknownType#?#280	0.001530612244897959	0.0	3.0612244897959177E-4		_
com.google.javascript.rhino.Node#void#setJSType#?,JSType#1813	0.0015298317185109638	0.0	3.059663437021927E-4		_
com.google.javascript.rhino.jstype.JSType#boolean#isNoResolvedType#?#191	0.0015249068112504235	0.0	3.0498136225008465E-4		_
com.google.javascript.rhino.jstype.JSType#boolean#isNominalType#?#569	0.0015220700152207	0.0	3.0441400304413995E-4		_
com.google.javascript.rhino.jstype.JSType#RecordType#toMaybeRecordType#?#418	0.0015220700152207	0.0	3.0441400304413995E-4		_
com.google.javascript.rhino.jstype.JSType#ParameterizedType#toMaybeParameterizedType#?#430	0.0015220700152207	0.0	3.0441400304413995E-4		_
com.google.javascript.rhino.jstype.JSType#?#JSType#?,JSTypeRegistry#109	0.0015218126479540075	0.0	3.043625295908014E-4		_
com.google.javascript.rhino.jstype.JSType#boolean#isRecordType#?#410	0.0015218126479540075	0.0	3.043625295908014E-4		_
com.google.javascript.jscomp.parsing.IRFactory$TransformDispatcher#Node#processExpressionStatement#?,ExpressionStatement#650	0.0015212981744421906	0.0	3.042596348884381E-4		_
com.google.javascript.rhino.jstype.JSType#FunctionType#toMaybeFunctionType#?#373	0.0015179625569235959	0.0	3.035925113847191E-4		_
com.google.javascript.rhino.jstype.JSType#boolean#isAllType#?#276	0.0015164279696714407	0.0	3.0328559393428807E-4		_
com.google.javascript.rhino.jstype.JSType#boolean#isNoType#?#187	0.0015159171298635675	0.0	3.0318342597271343E-4		_
com.google.javascript.rhino.jstype.JSType#boolean#isFunctionType#?#357	0.0015141318977119785	0.0	3.0282637954239563E-4		_
com.google.javascript.rhino.jstype.JSType#boolean#isUnionType#?#288	0.0015136226034308778	0.0	3.027245206861755E-4		_
com.google.javascript.rhino.jstype.JSType#UnionType#toMaybeUnionType#?#347	0.0015136226034308778	0.0	3.027245206861755E-4		_
com.google.javascript.jscomp.ComposeWarningsGuard$GuardComparator#int#compare#?,WarningsGuard,WarningsGuard#70	1.59821000479463E-4	3.3772374197906115E-4	3.020311993484982E-4	(orderOfAddition.get(b).intValue() - orderOfAddition.get(a).intValue())!= 0	_
com.google.javascript.rhino.jstype.JSTypeRegistry#JSType#getNativeType#?,JSTypeNative#891	0.001507537688442211	0.0	3.015075376884421E-4		_
com.google.javascript.rhino.jstype.JSType#boolean#isEquivalentTo#?,JSType#624	0.001498751040799334	0.0	2.997502081598667E-4		_
com.google.javascript.jscomp.Compiler#JSError[]#getErrors#?#981	0.001490066225165563	0.0	2.9801324503311253E-4		_
com.google.javascript.jscomp.BasicErrorManager#JSError[]#getErrors#?#86	0.0014898195662969708	0.0	2.979639132593941E-4		_
com.google.javascript.rhino.Node#boolean#isVar#?#2362	0.0014701078079059132	0.0	2.940215615811826E-4		_
com.google.javascript.rhino.Node#boolean#isBlock#?#2170	0.0014596172559195588	0.0	2.919234511839117E-4		_
com.google.javascript.rhino.Node#boolean#getBooleanProp#?,int#809	0.0014499758337361043	0.0	2.8999516674722077E-4		_
com.google.javascript.rhino.Node#boolean#isName#?#2278	0.0014367816091954023	0.0	2.873563218390804E-4		_
com.google.javascript.jscomp.DiagnosticGroup#boolean#matches#?,DiagnosticType#110	0.0014256296530967844	0.0	2.851259306193568E-4		_
com.google.javascript.jscomp.DiagnosticType#boolean#equals#?,Object#115	0.0014251781472684087	0.0	2.8503562945368167E-4		_
com.google.javascript.rhino.Node#boolean#isFunction#?#2234	0.0014113219382154618	0.0	2.822643876430923E-4		_
com.google.javascript.rhino.Node#Node#getParent#?#1305	0.0014042752379466376	0.0	2.8085504758932744E-4		_
com.google.javascript.jscomp.Compiler#CompilerInput#putCompilerInput#?,InputId,CompilerInput#1079	0.0013923267326732673	0.0	2.784653465346534E-4		_
com.google.javascript.jscomp.CompilerInput#InputId#getInputId#?#94	0.0013918960717599752	0.0	2.7837921435199496E-4		_
com.google.javascript.jscomp.CompilerInput#void#setCompiler#?,AbstractCompiler#147	0.0013912505796877415	0.0	2.7825011593754826E-4		_
com.google.javascript.jscomp.JsAst#InputId#getInputId#?#69	0.0013912505796877415	0.0	2.7825011593754826E-4		_
com.google.javascript.jscomp.SourceFile#void#setIsExtern#?,boolean#186	0.0013912505796877415	0.0	2.7825011593754826E-4		_
com.google.javascript.jscomp.CompilerInput#?#CompilerInput#?,SourceFile,boolean#88	0.0013912505796877415	0.0	2.7825011593754826E-4		_
com.google.javascript.jscomp.CompilerInput#?#CompilerInput#?,SourceAst,boolean#65	0.0013912505796877415	0.0	2.7825011593754826E-4		_
com.google.javascript.jscomp.CompilerInput#?#CompilerInput#?,SourceFile#84	0.0013912505796877415	0.0	2.7825011593754826E-4		_
com.google.javascript.jscomp.JsAst#SourceFile#getSourceFile#?#74	0.0013901760889712697	0.0	2.7803521779425387E-4		_
com.google.javascript.jscomp.PrepareAst#?#PrepareAst#?,AbstractCompiler,boolean#45	0.0013863216266173752	0.0	2.7726432532347497E-4		_
com.google.javascript.rhino.Node#boolean#isObjectLit#?#2302	0.0013863216266173752	0.0	2.7726432532347497E-4		_
com.google.javascript.jscomp.PrepareAst#?#PrepareAst#?,AbstractCompiler#40	0.0013863216266173752	0.0	2.7726432532347497E-4		_
com.google.javascript.jscomp.Compiler#void#prepareAst#?,Node#1943	0.0013863216266173752	0.0	2.7726432532347497E-4		_
com.google.javascript.rhino.Node$IntPropListItem#PropListItem#chain#?,PropListItem#348	0.0013861081164330818	0.0	2.772216232866163E-4		_
com.google.javascript.jscomp.Compiler#boolean#acceptConstKeyword#?#2017	0.0013837638376383763	0.0	2.767527675276752E-4		_
com.google.javascript.jscomp.NodeTraversal#String#getSourceName#?,Node#657	0.0013837638376383763	0.0	2.767527675276752E-4		_
com.google.javascript.jscomp.Compiler#ErrorReporter#getDefaultErrorReporter#?#1598	0.0013837638376383763	0.0	2.767527675276752E-4		_
com.google.javascript.jscomp.Compiler#boolean#hasHaltingErrors#?#2122	0.0013824884792626728	0.0	2.764976958525345E-4		_
com.google.javascript.jscomp.JsAst#?#JsAst#?,SourceFile#44	0.0013824884792626728	0.0	2.764976958525345E-4		_
com.google.javascript.rhino.Node#String#getSourceFileName#?#1085	0.0013818516812528789	0.0	2.7637033625057573E-4		_
com.google.javascript.jscomp.SourceFile#String#getCode#?#132	0.001381639545594105	0.0	2.7632790911882095E-4		_
com.google.javascript.jscomp.CompilerOptions#LanguageMode#getLanguageIn#?#1445	0.0013810035292312413	0.0	2.762007058462482E-4		_
com.google.javascript.jscomp.Compiler#boolean#isIdeMode#?#1998	0.0013805798435342844	0.0	2.761159687068568E-4		_
com.google.javascript.jscomp.NodeTraversal#void#traverse#?,AbstractCompiler,Node,Callback#455	0.0013799448022079118	0.0	2.759889604415823E-4		_
com.google.javascript.jscomp.NodeTraversal#void#traverse#?,Node#274	0.0013799448022079118	0.0	2.759889604415823E-4		_
com.google.javascript.rhino.Node#InputId#getInputId#?#1105	0.0013797332515713629	0.0	2.759466503142725E-4		_
com.google.javascript.jscomp.NodeTraversal#?#NodeTraversal#?,AbstractCompiler,Callback#222	0.0013797332515713629	0.0	2.759466503142725E-4		_
com.google.javascript.jscomp.SyntacticScopeCreator#?#SyntacticScopeCreator#?,AbstractCompiler#58	0.001379310344827586	0.0	2.7586206896551714E-4		_
com.google.javascript.rhino.Node#boolean#isScript#?#2322	0.0013761467889908258	0.0	2.752293577981651E-4		_
com.google.javascript.rhino.Node#Node#getLastChild#?#536	0.0013740458015267176	0.0	2.748091603053434E-4		_
com.google.javascript.jscomp.SourceFile#String#getName#?#175	0.0013709063214013709	0.0	2.741812642802741E-4		_
com.google.javascript.jscomp.SourceFile#void#setCode#?,String#148	0.0013706975327444412	0.0	2.741395065488882E-4		_
com.google.javascript.jscomp.SourceFile#void#setOriginalPath#?,String#156	0.0013706975327444412	0.0	2.741395065488882E-4		_
com.google.javascript.jscomp.SourceFile#Builder#builder#?#355	0.0013706975327444412	0.0	2.741395065488882E-4		_
com.google.javascript.jscomp.SourceFile$Preloaded#?#Preloaded#?,String,String,String#423	0.0013706975327444412	0.0	2.741395065488882E-4		_
com.google.javascript.jscomp.SourceFile$Builder#SourceFile#buildFromCode#?,String,String#391	0.0013706975327444412	0.0	2.741395065488882E-4		_
com.google.javascript.jscomp.SourceFile#SourceFile#fromCode#?,String,String#323	0.0013706975327444412	0.0	2.741395065488882E-4		_
com.google.javascript.jscomp.parsing.IRFactory$TransformDispatcher#boolean#isReservedKeyword#?,String#862	0.0013681970203709335	0.0	2.7363940407418665E-4		_
com.google.javascript.jscomp.parsing.IRFactory$TransformDispatcher#Node#processName#?,Name#841	0.0013681970203709335	0.0	2.7363940407418665E-4		_
com.google.javascript.jscomp.parsing.IRFactory#Node#newStringNode#?,int,String#1431	0.0013669501822600244	0.0	2.733900364520048E-4		_
com.google.javascript.rhino.Node#void#setIsSyntheticBlock#?,boolean#1903	0.0013615733736762482	0.0	2.7231467473524956E-4		_
com.google.javascript.jscomp.parsing.IRFactory$TransformDispatcher#Node#processAstRoot#?,AstRoot#526	0.0013572613482129392	0.0	2.7145226964258776E-4		_
com.google.javascript.jscomp.parsing.IRFactory#Node#createTemplateNode#?#176	0.001355217587712694	0.0	2.710435175425387E-4		_
com.google.javascript.jscomp.parsing.IRFactory#Node#justTransform#?,AstNode#458	0.001355217587712694	0.0	2.710435175425387E-4		_
com.google.javascript.jscomp.parsing.IRFactory#Node#newNode#?,int#1411	0.001355217587712694	0.0	2.710435175425387E-4		_
com.google.javascript.rhino.Node#FileLevelJsDocBuilder#getJsDocBuilderForNode#?#1817	0.001354198013842913	0.0	2.7083960276858254E-4		_
com.google.javascript.rhino.Node$StringNode#String#getString#?#209	0.0013513513513513514	0.0	2.702702702702702E-4		_
com.google.javascript.rhino.Node#JSDocInfo#getJSDocInfo#?#1851	0.0013487187172186424	0.0	2.697437434437284E-4		_
com.google.javascript.rhino.Node#void#putBooleanProp#?,int,boolean#840	0.0013469021251122418	0.0	2.693804250224483E-4		_
com.google.javascript.rhino.Node#Node#getNext#?#540	0.0013366998366255755	0.0	2.6733996732511504E-4		_
com.google.javascript.rhino.Node#boolean#hasChild#?,Node#1397	2.67022696929239E-4	2.67022696929239E-4	2.67022696929239E-4	child == n	_
com.google.javascript.rhino.Node#Node#newString#?,int,String#508	0.0013280212483399733	0.0	2.656042496679946E-4		_
com.google.javascript.rhino.Node#void#setInputId#?,InputId#1098	0.001309662398137369	0.0	2.6193247962747374E-4		_
com.google.javascript.rhino.InputId#?#InputId#?,String#52	0.00130718954248366	0.0	2.6143790849673194E-4		_
com.google.javascript.rhino.Node#Node#clonePropsFrom#?,Node#769	0.0013024602026049203	0.0	2.60492040520984E-4		_
com.google.javascript.rhino.Node#StaticSourceFile#getStaticSourceFile#?#1091	0.0013017066820943013	0.0	2.603413364188602E-4		_
com.google.javascript.rhino.Node$ObjectPropListItem#Object#getObjectValue#?#306	0.001299638989169675	0.0	2.5992779783393495E-4		_
com.google.javascript.rhino.Node#Node#getFirstChild#?#532	0.0012972038051311616	0.0	2.5944076102623226E-4		_
com.google.javascript.rhino.Node#PropListItem#createProp#?,int,int,PropListItem#855	0.0012908777969018934	0.0	2.5817555938037863E-4		_
com.google.javascript.rhino.Node#PropListItem#createProp#?,int,Object,PropListItem#851	0.00128077415682368	0.0	2.56154831364736E-4		_
com.google.javascript.rhino.Node$ObjectPropListItem#?#ObjectPropListItem#?,int,Object,PropListItem#296	0.00128077415682368	0.0	2.56154831364736E-4		_
com.google.javascript.rhino.Node#void#setStaticSourceFile#?,StaticSourceFile#1076	0.0012773204655123474	0.0	2.554640931024694E-4		_
com.google.javascript.jscomp.parsing.Config#?#Config#?,Set<String>,Set<String>,boolean,LanguageMode,boolean#76	0.0012756909992912829	0.0	2.5513819985825654E-4		_
com.google.javascript.rhino.Node$AbstractPropListItem#PropListItem#getNext#?#280	0.0012697516930022573	0.0	2.539503386004514E-4		_
com.google.javascript.jscomp.parsing.IRFactory$TransformDispatcher#Node#processVariableInitializer#?,VariableInitializer#1157	2.4937655860349125E-4	2.586652871184687E-4	2.435622663248116E-4	!(initializerNode.getInitializer() != null)	_
com.google.javascript.rhino.jstype.VoidType#String#toStringHelper#?,boolean#96	0.001036001036001036	0.0	2.0720020720020718E-4		_
com.google.javascript.rhino.jstype.VoidType#String#getDisplayName#?#101	0.001036001036001036	0.0	2.0720020720020718E-4		_
com.google.javascript.jscomp.SyntacticScopeCreator#void#declareVar#?,Node#238	2.014098690835851E-4	2.014098690835851E-4	2.014098690835851E-4	!(scope.isDeclared(name,false) || (scope.isLocal() && name.equals(ARGUMENTS)))	_
com.google.javascript.rhino.jstype.ObjectType#?#ObjectType#?,JSTypeRegistry#90	9.857072449482504E-4	0.0	1.9714144898965005E-4		_
com.google.javascript.rhino.jstype.JSType#ImmutableList<JSType>#getTemplatizedTypes#?#497	9.640877319836105E-4	0.0	1.9281754639672205E-4		_
com.google.javascript.jscomp.DiagnosticGroupWarningsGuard#boolean#enables#?,DiagnosticGroup#52	3.374957813027337E-4	1.8832391713747646E-4	1.8827433024938306E-4	group.matches(type)	_
com.google.javascript.rhino.jstype.InstanceObjectType#int#hashCode#?#174	1.792435920415845E-4	1.890359168241966E-4	1.8707745186767418E-4	(getReferenceName().hashCode())> 0	_
com.google.javascript.rhino.jstype.InstanceObjectType#boolean#defineProperty#?,String,JSType,boolean,Node#93	1.8698578908002991E-4	1.8698578908002991E-4	1.8698578908002991E-4	!(proto != null && proto.hasOwnDeclaredProperty(name))	_
com.google.javascript.rhino.jstype.FunctionParamBuilder#boolean#addVarArgs#?,JSType#104	1.84945441094877E-4	1.84945441094877E-4	1.84945441094877E-4	!type.isEmptyType()	_
com.google.javascript.rhino.jstype.FunctionParamBuilder#boolean#addOptionalParams#?,JSType#80	1.8474043968224645E-4	1.8474043968224645E-4	1.8474043968224645E-4	!(hasVarArgs())	_
com.google.javascript.jscomp.parsing.IRFactory$TransformDispatcher#Node#processVariableDeclaration#?,VariableDeclaration#1142	1.8315018315018315E-4	1.8318373328448433E-4	1.831770232576241E-4	!(!config.acceptConstKeyword && declarationNode.getType() == com.google.javascript.rhino.head.Token.CONST)	_
com.google.javascript.rhino.jstype.FunctionParamBuilder#boolean#addRequiredParams#?,JSType#63	1.8258170531312764E-4	1.8258170531312764E-4	1.8258170531312764E-4	!(hasOptionalOrVarArgs())	_
com.google.javascript.rhino.jstype.PrototypeObjectType#?#PrototypeObjectType#?,JSTypeRegistry,String,ObjectType#106	8.944543828264759E-4	0.0	1.7889087656529514E-4		_
com.google.javascript.rhino.Node#?#Node#?,int,Node#369	1.7577781683951485E-4	1.7577781683951485E-4	1.7577781683951485E-4	sourcePosition < nodeType	_
com.google.javascript.jscomp.Compiler#void#initBasedOnOptions#?#417	1.7358097552508245E-4	1.7513134851138354E-4	1.7482127391412334E-4	!(options.sourceMapOutputPath != null)	_
com.google.javascript.jscomp.Compiler#void#initInputsByIdMap#?#522	1.7415534656913968E-4	1.7415534656913968E-4	1.7415534656913968E-4	!(previous != null)	_
com.google.javascript.jscomp.Compiler#void#initModules#?,List<T>,List<JSModule>,CompilerOptions#392	1.7385257301808066E-4	1.7385257301808066E-4	1.7379825351948103E-4	!(modules.size() > 1)	_
com.google.javascript.jscomp.Compiler#void#fillEmptyModules#?,List<JSModule>#468	1.7358097552508245E-4	1.7364125716270185E-4	1.7362920083517798E-4	!(module.getInputs().isEmpty())	_
com.google.javascript.jscomp.Compiler#void#checkFirstModule#?,List<JSModule>#445	1.7358097552508245E-4	1.7358097552508245E-4	1.7358097552508245E-4	!(modules.isEmpty())	_
com.google.javascript.rhino.Node$IntPropListItem#int#getIntValue#?#333	1.7313019390581717E-4	1.7313019390581717E-4	1.7313019390581717E-4	(intValue)>= 0	_
com.google.javascript.rhino.jstype.JSType#String#toString#?#1466	8.186655751125665E-4	0.0	1.6373311502251327E-4		_
com.google.javascript.jscomp.WarningsGuard#int#getPriority#?#84	1.5976993129892953E-4	1.5976993129892953E-4	1.5976993129892953E-4	(Priority.DEFAULT.value)!= 0	_
com.google.javascript.jscomp.ComposeWarningsGuard#void#addGuard#?,WarningsGuard#90	1.5931177314003505E-4	1.5933715742511153E-4	1.5933208056809623E-4	!(composeGuard.demoteErrors)	_
com.google.javascript.jscomp.SuppressDocWarningsGuard#int#getPriority#?#99	1.5931177314003505E-4	1.5931177314003505E-4	1.5931177314003505E-4	(WarningsGuard.Priority.SUPPRESS_DOC.value)!= 0	_
com.google.javascript.jscomp.BasicErrorManager#JSError[]#getWarnings#?#91	6.986899563318777E-4	0.0	1.397379912663755E-4		_
com.google.javascript.jscomp.Compiler#JSError[]#getWarnings#?#988	6.986899563318777E-4	0.0	1.397379912663755E-4		_
com.google.javascript.jscomp.TypeCheck#?#TypeCheck#?,AbstractCompiler,ReverseAbstractInterpreter,JSTypeRegistry,CheckLevel,CheckLevel#331	6.724949562878278E-4	0.0	1.3449899125756554E-4		_
com.google.javascript.rhino.jstype.FunctionParamBuilder#Node#newParameterFromNode#?,Node#118	5.425935973955507E-4	0.0	1.0851871947911013E-4		_
com.google.javascript.rhino.jstype.FunctionType#boolean#isReturnTypeInferred#?#325	5.353319057815846E-4	0.0	1.070663811563169E-4		_
com.google.javascript.rhino.jstype.UnknownType#boolean#isSubtype#?,JSType#115	5.299417064122947E-4	0.0	1.059883412824589E-4		_
com.google.javascript.rhino.jstype.NumberType#JSType#autoboxesTo#?#117	5.189413596263622E-4	0.0	1.0378827192527241E-4		_
com.google.javascript.rhino.jstype.FunctionType#boolean#hasEqualCallType#?,FunctionType#903	5.162622612287042E-4	0.0	1.0325245224574082E-4		_
com.google.javascript.rhino.jstype.ObjectType$Property#String#getName#?#624	5.162622612287042E-4	0.0	1.0325245224574082E-4		_
com.google.javascript.rhino.jstype.ObjectType$Property#Node#getNode#?#629	5.136106831022085E-4	0.0	1.0272213662044168E-4		_
com.google.javascript.rhino.jstype.FunctionType#boolean#isInstanceType#?#186	5.115089514066496E-4	0.0	1.0230179028132989E-4		_
com.google.javascript.jscomp.Scope#void#undeclare#?,Var#511	5.045408678102926E-4	0.0	1.009081735620585E-4		_
com.google.javascript.rhino.jstype.ArrowType#boolean#hasAnyTemplateTypesInternal#?#301	4.96031746031746E-4	0.0	9.920634920634918E-5		_
com.google.javascript.rhino.jstype.FunctionType#boolean#hasAnyTemplateTypesInternal#?#1247	4.96031746031746E-4	0.0	9.920634920634918E-5		_
com.google.javascript.rhino.jstype.UnknownType#FunctionType#getConstructor#?#161	4.945598417408506E-4	0.0	9.89119683481701E-5		_
com.google.javascript.rhino.jstype.FunctionType#Node#getSource#?#1079	4.916420845624386E-4	0.0	9.83284169124877E-5		_
com.google.javascript.rhino.JSDocInfo#boolean#isOverride#?#518	4.914004914004914E-4	0.0	9.828009828009825E-5		_
com.google.javascript.rhino.jstype.NoObjectType#ObjectType#getImplicitPrototype#?#95	4.8638132295719845E-4	0.0	9.727626459143967E-5		_
com.google.javascript.rhino.jstype.InstanceObjectType#boolean#isInstanceType#?#123	4.854368932038835E-4	0.0	9.708737864077668E-5		_
com.google.javascript.rhino.JSDocInfo#boolean#isImplicitCast#?#582	4.8355899419729207E-4	0.0	9.67117988394584E-5		_
com.google.javascript.jscomp.GoogleCodingConvention#boolean#isVarArgsParameter#?,Node#130	4.803073967339097E-4	0.0	9.606147934678191E-5		_
com.google.javascript.jscomp.GoogleCodingConvention#boolean#isOptionalParameter#?,Node#125	4.803073967339097E-4	0.0	9.606147934678191E-5		_
com.google.javascript.rhino.JSTypeExpression#boolean#isOptionalArg#?#86	4.7192071731949034E-4	0.0	9.438414346389805E-5		_
com.google.javascript.rhino.JSTypeExpression#boolean#isVarArgs#?#93	4.714757190004715E-4	0.0	9.429514380009427E-5		_
com.google.javascript.rhino.jstype.JSType#boolean#isInterface#?#609	4.7080979284369113E-4	0.0	9.41619585687382E-5		_
com.google.javascript.rhino.JSDocInfo#boolean#hasParameterType#?,String#1001	4.697040864255519E-4	0.0	9.394081728511037E-5		_
com.google.javascript.rhino.Node#boolean#isOptionalArg#?#1895	4.578754578754579E-4	0.0	9.157509157509155E-5		_
com.google.javascript.rhino.jstype.FunctionType#JSType#getReturnType#?#321	4.5351473922902497E-4	0.0	9.070294784580498E-5		_
com.google.javascript.rhino.Node#boolean#isVarArgs#?#1877	4.496402877697842E-4	0.0	8.992805755395682E-5		_
com.google.javascript.jscomp.Scope$Var#void#markAssignedExactlyOnce#?#336	4.478280340349306E-4	0.0	8.95656068069861E-5		_
com.google.javascript.rhino.jstype.UnionType#JSType#restrictByNotNullOrUndefined#?#221	4.440497335701599E-4	0.0	8.880994671403195E-5		_
com.google.javascript.rhino.jstype.NullType#JSType#restrictByNotNullOrUndefined#?#84	4.415011037527594E-4	0.0	8.830022075055186E-5		_
com.google.javascript.jscomp.parsing.JsDocInfoParser#Node#newNode#?,int#2199	4.409171075837742E-4	0.0	8.818342151675483E-5		_
com.google.javascript.jscomp.FunctionTypeBuilder$AstFunctionContents#void#recordAssignedName#?,String#910	4.391743522178305E-4	0.0	8.783487044356608E-5		_
com.google.javascript.jscomp.parsing.IRFactory#boolean#isExprStmt#?,AstNode#349	4.3821209465381246E-4	0.0	8.764241893076247E-5		_
com.google.javascript.rhino.jstype.JSTypeRegistry#boolean#shouldTolerateUndefinedValues#?#229	4.3706293706293706E-4	0.0	8.74125874125874E-5		_
com.google.javascript.rhino.jstype.JSType#TemplateType#toMaybeTemplateType#?#449	4.3649061545176777E-4	0.0	8.729812309035353E-5		_
com.google.javascript.rhino.jstype.JSType#boolean#isTemplateType#?#441	4.3535045711797995E-4	0.0	8.707009142359597E-5		_
com.google.javascript.rhino.jstype.UnionType#Iterable<JSType>#getAlternates#?#93	4.336513443191674E-4	0.0	8.673026886383345E-5		_
com.google.javascript.rhino.jstype.ObjectType#JSType#findPropertyType#?,String#397	4.2753313381787086E-4	0.0	8.550662676357415E-5		_
com.google.javascript.rhino.JSDocInfo#void#setReturnType#?,JSTypeExpression#1033	4.2517006802721087E-4	0.0	8.503401360544216E-5		_
com.google.javascript.rhino.jstype.JSType#EnumType#toMaybeEnumType#?#402	4.23908435777872E-4	0.0	8.478168715557437E-5		_
com.google.javascript.rhino.JSDocInfo#JSTypeExpression#getReturnType#?#1111	4.2301184433164127E-4	0.0	8.460236886632823E-5		_
com.google.javascript.jscomp.Scope$Var#Node#getNameNode#?#243	4.219409282700422E-4	0.0	8.438818565400842E-5		_
com.google.javascript.jscomp.parsing.JsDocInfoParser#Node#wrapNode#?,int,Node#2193	4.203446826397646E-4	0.0	8.406893652795291E-5		_
com.google.javascript.jscomp.Scope$Var#Scope#getScope#?#185	4.1597337770382697E-4	0.0	8.319467554076538E-5		_
com.google.javascript.rhino.jstype.FunctionBuilder#FunctionBuilder#withTemplateKeys#?,ImmutableList<String>#125	4.032258064516129E-4	0.0	8.064516129032257E-5		_
com.google.javascript.rhino.jstype.FunctionBuilder#FunctionBuilder#withReturnType#?,JSType,boolean#105	4.032258064516129E-4	0.0	8.064516129032257E-5		_
com.google.javascript.rhino.jstype.FunctionBuilder#FunctionBuilder#withSourceNode#?,Node#78	4.032258064516129E-4	0.0	8.064516129032257E-5		_
com.google.javascript.rhino.jstype.FunctionBuilder#FunctionBuilder#withName#?,String#72	4.0306328093510683E-4	0.0	8.061265618702135E-5		_
com.google.javascript.rhino.jstype.FunctionBuilder#FunctionBuilder#withTypeOfThis#?,JSType#117	3.968253968253968E-4	0.0	7.936507936507935E-5		_
com.google.javascript.rhino.JSDocInfo#void#setType#?,JSTypeExpression#1029	3.9385584875935406E-4	0.0	7.87711697518708E-5		_
com.google.javascript.jscomp.TypedScopeCreator$AbstractScopeBuilder#void#defineSlot#?,Node,Node,JSType#1059	3.835826620636747E-4	0.0	7.671653241273493E-5		_
com.google.javascript.rhino.Node#boolean#isInc#?#2262	3.779289493575208E-4	0.0	7.558578987150414E-5		_
com.google.javascript.rhino.Node#boolean#isDec#?#2202	3.779289493575208E-4	0.0	7.558578987150414E-5		_
com.google.javascript.jscomp.WarningsGuard#boolean#disables#?,DiagnosticGroup#95	3.6403349108117945E-4	0.0	7.280669821623588E-5		_
com.google.javascript.jscomp.WarningsGuard#boolean#enables#?,DiagnosticGroup#106	3.6403349108117945E-4	0.0	7.280669821623588E-5		_
com.google.javascript.jscomp.ControlFlowAnalysis#void#handleStmt#?,Node#670	3.572704537334762E-4	0.0	7.145409074669523E-5		_
com.google.javascript.jscomp.DiagnosticGroupWarningsGuard#boolean#disables#?,DiagnosticGroup#45	3.374957813027337E-4	0.0	6.749915626054672E-5		_
com.google.javascript.rhino.jstype.FunctionBuilder#FunctionBuilder#withReturnType#?,JSType#97	2.603488674824265E-4	0.0	5.2069773496485286E-5		_
com.google.javascript.rhino.Node#boolean#isGetElem#?#2242	2.2153300841825432E-4	0.0	4.430660168365085E-5		_
com.google.javascript.rhino.jstype.JSTypeRegistry#JSType#createNullableType#?,JSType#1000	2.1358393848782572E-4	0.0	4.2716787697565136E-5		_
com.google.javascript.jscomp.Scope#Var#declare#?,String,Node,JSType,CompilerInput#480	1.9936204146730463E-4	0.0	3.987240829346092E-5		_
com.google.javascript.rhino.Node#boolean#hasMoreThanOneChild#?#1383	1.8964536317087047E-4	0.0	3.792907263417409E-5		_
com.google.javascript.rhino.Node#void#setVarArgs#?,boolean#1868	1.8487705675725643E-4	0.0	3.697541135145128E-5		_
com.google.javascript.rhino.Node#void#setOptionalArg#?,boolean#1886	1.8467220683287164E-4	0.0	3.693444136657432E-5		_
com.google.javascript.rhino.jstype.AllType#boolean#isAllType#?#58	1.8412815319462345E-4	0.0	3.682563063892468E-5		_
com.google.javascript.rhino.jstype.FunctionParamBuilder#boolean#hasVarArgs#?#153	1.8351991191044228E-4	0.0	3.670398238208845E-5		_
com.google.javascript.rhino.jstype.FunctionParamBuilder#boolean#hasOptionalOrVarArgs#?#146	1.8258170531312764E-4	0.0	3.651634106262552E-5		_
com.google.javascript.rhino.jstype.FunctionParamBuilder#Node#newParameter#?,JSType#135	1.8158707100054475E-4	0.0	3.631741420010894E-5		_
com.google.javascript.rhino.jstype.FunctionBuilder#FunctionBuilder#withParamsNode#?,Node#91	1.7866714311238162E-4	0.0	3.5733428622476316E-5		_
com.google.javascript.rhino.jstype.NoType#boolean#isNoType#?#75	1.784758165268606E-4	0.0	3.569516330537211E-5		_
com.google.javascript.rhino.jstype.FunctionBuilder#?#FunctionBuilder#?,JSTypeRegistry#66	1.775883502042266E-4	0.0	3.551767004084531E-5		_
com.google.javascript.rhino.jstype.FunctionBuilder#FunctionType#build#?#161	1.775883502042266E-4	0.0	3.551767004084531E-5		_
com.google.javascript.jscomp.Compiler#void#init#?,List<T1>,List<T2>,CompilerOptions#357	1.7458100558659218E-4	0.0	3.4916201117318426E-5		_
com.google.javascript.jscomp.Compiler#List<CompilerInput>#makeCompilerInput#?,List<T>,boolean#426	1.7415534656913968E-4	0.0	3.483106931382793E-5		_
com.google.javascript.jscomp.Compiler#List<CompilerInput>#getAllInputsFromModules#?,List<JSModule>#504	1.7358097552508245E-4	0.0	3.4716195105016484E-5		_
com.google.javascript.jscomp.JSModule#?#JSModule#?,String#64	1.7355085039916696E-4	0.0	3.471017007983338E-5		_
com.google.javascript.jscomp.JSModule#void#add#?,SourceFile#94	1.7346053772766696E-4	0.0	3.4692107545533384E-5		_
com.google.javascript.jscomp.CompilerInput#void#setModule#?,JSModule#328	1.7340038148083925E-4	0.0	3.468007629616784E-5		_
com.google.javascript.jscomp.JSModule#void#add#?,CompilerInput#104	1.7340038148083925E-4	0.0	3.468007629616784E-5		_
com.google.javascript.jscomp.JSModule#List<CompilerInput>#getInputs#?#205	1.733402669440111E-4	0.0	3.466805338880221E-5		_
com.google.javascript.rhino.jstype.JSTypeRegistry#JSType#createUnionType#?,JSType#1020	1.725327812284334E-4	0.0	3.4506556245686676E-5		_
com.google.javascript.jscomp.DiagnosticGroup#Iterable<DiagnosticType>#getTypes#?#129	1.5931177314003505E-4	0.0	3.1862354628007E-5		_
com.google.javascript.jscomp.DiagnosticGroups#Map<String,DiagnosticGroup>#getRegisteredGroups#?#64	1.5931177314003505E-4	0.0	3.1862354628007E-5		_
com.google.javascript.jscomp.SuppressDocWarningsGuard#?#SuppressDocWarningsGuard#?,Map<String,DiagnosticGroup>#43	1.5931177314003505E-4	0.0	3.1862354628007E-5		_
com.google.javascript.jscomp.CompilerOptions#WarningsGuard#getWarningsGuard#?#1111	1.5931177314003505E-4	0.0	3.1862354628007E-5		_
com.google.javascript.jscomp.ComposeWarningsGuard#void#addGuards#?,Iterable<WarningsGuard>#105	1.5931177314003505E-4	0.0	3.1862354628007E-5		_
com.google.javascript.jscomp.CompilerOptions#boolean#enables#?,DiagnosticGroup#1092	1.5931177314003505E-4	0.0	3.1862354628007E-5		_
com.google.javascript.jscomp.DiagnosticGroupWarningsGuard#?#DiagnosticGroupWarningsGuard#?,DiagnosticGroup,CheckLevel#34	1.5926102882624622E-4	0.0	3.185220576524924E-5		_
com.google.javascript.jscomp.Compiler#DiagnosticGroups#getDiagnosticGroups#?#2062	1.5926102882624622E-4	0.0	3.185220576524924E-5		_
com.google.javascript.jscomp.ComposeWarningsGuard#?#ComposeWarningsGuard#?,List<WarningsGuard>#80	1.5910898965791568E-4	0.0	3.182179793158313E-5		_
com.google.javascript.jscomp.ComposeWarningsGuard$GuardComparator#?#GuardComparator#?,Map<WarningsGuard,Integer>#58	1.5910898965791568E-4	0.0	3.182179793158313E-5		_
com.google.javascript.jscomp.DiagnosticType#DiagnosticType#warning#?,String,String#65	0.0	0.0	0.0		_
com.google.javascript.jscomp.parsing.JsDocInfoParser#void#checkExtendedTypes#?,List<ExtendedTypeInfo>#966	0.0	0.0	0.0		_
com.google.javascript.jscomp.parsing.ParserRunner#Set<String>#extractList#?,String#90	0.0	0.0	0.0		_
com.google.javascript.jscomp.TypedScopeCreator$AbstractScopeBuilder#void#resolveStubDeclarations#?#1708	0.0	0.0	0.0		_
com.google.javascript.jscomp.DiagnosticType#?#DiagnosticType#?,String,CheckLevel,MessageFormat#100	0.0	0.0	0.0		_
com.google.javascript.jscomp.DiagnosticType#DiagnosticType#make#?,String,CheckLevel,String#90	0.0	0.0	0.0		_
com.google.javascript.jscomp.DiagnosticType#DiagnosticType#error#?,String,String#54	0.0	0.0	0.0		_
