line	original_score	max_predicate_score	total	predicate	label
com.google.javascript.jscomp.ScopedAliases$Traversal#void#findAliases#?,NodeTraversal#366	4.0	4.0	2.2857142857142856	!(isVar)	GT
com.google.javascript.jscomp.ScopedAliases#void#hotSwapScript#?,Node,Node#136	0.01532567049808429	0.5	0.25766283524904215	!(!traversal.hasErrors())	_
com.google.javascript.jscomp.ScopedAliases$Traversal#void#report#?,NodeTraversal,Node,DiagnosticType,String#349	0.5	0.0	0.25		_
com.google.javascript.jscomp.ScopedAliases$Traversal#void#findNamespaceShadows#?,NodeTraversal#443	0.23529411764705882	0.23529411764705882	0.23529411764705882	!(hasNamespaceShadows)	_
com.google.javascript.jscomp.ScopedAliases$Traversal#void#visit#?,NodeTraversal,Node,Node#520	0.06896551724137931	0.23529411764705882	0.15212981744421905	!(t.getScopeDepth() == 2)	_
com.google.javascript.jscomp.ScopedAliases$Traversal#void#exitScope#?,NodeTraversal#305	0.23529411764705882	0.23529411764705882	0.12530989407257156	t.getScopeDepth() > 2	_
com.google.javascript.jscomp.ScopedAliases$Traversal#void#renameNamespaceShadows#?,NodeTraversal#462	0.06896551724137931	0.07142857142857142	0.07019704433497537	!(hasNamespaceShadows)	_
com.google.javascript.jscomp.ScopedAliases$Traversal#void#validateScopeCall#?,NodeTraversal,Node,Node#477	0.07017543859649122	0.07017543859649122	0.06957047791893527	!(preprocessorSymbolTable != null)	_
com.google.javascript.jscomp.ScopedAliases$Traversal#boolean#shouldTraverse#?,NodeTraversal,Node,Node#322	0.02247191011235955	0.06896551724137931	0.04571871367686943	!(parent == null || !isCallToScopeMethod(parent))	_
com.google.javascript.jscomp.ScopedAliases$Traversal#void#enterScope#?,NodeTraversal#296	0.06896551724137931	0.06896551724137931	0.0421455938697318	n != null && isCallToScopeMethod(n)	_
com.google.javascript.jscomp.CompilerOptions$NullAliasTransformationHandler#AliasTransformation#logAliasTransformation#?,String,SourcePosition<AliasTransformation>#2344	0.07272727272727272	0.0	0.03636363636363636		_
com.google.javascript.jscomp.ScopedAliases$Traversal#SourcePosition<AliasTransformation>#getSourceRegion#?,Node#331	0.06896551724137931	0.0	0.034482758620689655		_
com.google.javascript.jscomp.Scope#Iterable<Var>#getVarIterable#?#574	0.06896551724137931	0.0	0.034482758620689655		_
com.google.javascript.rhino.SourcePosition#void#setPositionInformation#?,int,int,int,int#93	0.031007751937984496	0.037383177570093455	0.031007751937984496	!(startLineno > endLineno)	_
com.google.javascript.jscomp.JSError#String#toString#?#203	0.04878048780487805	0.0	0.024390243902439025		_
com.google.javascript.jscomp.Scope$Var#Node#getNode#?#144	0.032	0.0	0.016		_
com.google.javascript.jscomp.NodeUtil#String#getFunctionName#?,Node#442	0.02631578947368421	0.0	0.013157894736842105		_
com.google.javascript.rhino.SourcePosition#void#setItem#?,T#77	0.01694915254237288	0.0	0.00847457627118644		_
com.google.javascript.jscomp.Scope$Var#boolean#isBleedingFunction#?#178	0.01646090534979424	0.0	0.00823045267489712		_
com.google.javascript.jscomp.ScopedAliases#void#process#?,Node,Node#128	0.01532567049808429	0.0	0.007662835249042145		_
com.google.javascript.jscomp.ScopedAliases$Traversal#boolean#hasErrors#?#285	0.01532567049808429	0.0	0.007662835249042145		_
com.google.javascript.jscomp.ScopedAliases$Traversal#boolean#isCallToScopeMethod#?,Node#289	0.01532567049808429	0.0	0.007662835249042145		_
com.google.javascript.jscomp.ScopedAliases#?#ScopedAliases#?,AbstractCompiler,PreprocessorSymbolTable,AliasTransformationHandler#121	0.01532567049808429	0.0	0.007662835249042145		_
com.google.javascript.jscomp.BasicErrorManager#void#report#?,CheckLevel,JSError#46	0.012738853503184714	0.012738853503184714	0.007579348106704275	level == CheckLevel.ERROR	_
com.google.javascript.jscomp.Compiler#int#getErrorCount#?#2178	5.994305409860632E-4	0.01384083044982699	0.0072201304954065265	(errorManager.getErrorCount())!= 0	_
com.google.javascript.jscomp.BasicErrorManager#int#getErrorCount#?#75	5.687473339968719E-4	0.013201320132013201	0.0068850337330050365	(errorCount)> 0	_
com.google.javascript.jscomp.NodeTraversal#JSError#makeError#?,Node,DiagnosticType,String#720	0.013559322033898305	0.0	0.006779661016949152		_
com.google.javascript.jscomp.SuppressDocWarningsGuard#CheckLevel#level#?,JSError#62	0.005471956224350205	0.005471956224350205	0.003959219702389169	type == Token.FUNCTION	_
com.google.javascript.jscomp.NodeUtil#Node#getFunctionParameters#?,Node#2850	0.007142857142857143	0.0	0.0035714285714285713		_
com.google.javascript.jscomp.AstValidator#void#validateIf#?,Node#469	0.0028011204481792717	0.003424657534246575	0.0031128889912129237	!(n.getChildCount() == 3)	_
com.google.javascript.jscomp.NodeTraversal#String#getBestSourceFileName#?,Node#724	0.005747126436781609	0.0	0.0028735632183908046		_
com.google.javascript.jscomp.JSError#int#getCharno#?#214	0.0024096385542168677	0.002635046113306983	0.0025223423337619255	(charno)> 0	_
com.google.javascript.jscomp.BasicErrorManager#JSError[]#toArray#?,CheckLevel#106	0.002482929857231533	0.0025412960609911056	0.002498395114596228	!(p.level == level)	_
com.google.javascript.jscomp.BasicErrorManager$LeveledJSErrorComparator#int#compare#?,ErrorWithLevel,ErrorWithLevel#148	0.002442002442002442	0.002443494196701283	0.0024427483193518625	!(sourceCompare != 0)	_
com.google.javascript.jscomp.Compiler#void#report#?,JSError#2138	0.002421307506053269	0.002569043031470777	0.0024365952484542825	!(newLevel != null)	_
com.google.javascript.jscomp.JSError#?#JSError#?,String,Node,int,int,DiagnosticType,CheckLevel,String#158	0.0019704433497536944	0.0025806451612903226	0.0022755442555220085	this.lineNumber < charno	_
com.google.javascript.jscomp.AstValidator#void#validateMinimumChildCount#?,Node,int#795	0.002304147465437788	0.002304147465437788	0.0020936933184062764	i == 2	_
com.google.javascript.jscomp.ComposeWarningsGuard#CheckLevel#level#?,JSError#113	0.0021152829190904283	0.001998001998001998	0.0019935310835360563	!(newLevel != null)	_
com.google.javascript.jscomp.NodeUtil#JSDocInfo#getBestJSDocInfo#?,Node#3110	0.0019579050416054823	0.001968503937007874	0.001963204489306678	!(parent.isCast())	_
com.google.javascript.jscomp.AstValidator#void#validateBlock#?,Node#280	0.0018885741265344666	0.0018885741265344666	0.0018885741265344666	c != null	_
com.google.javascript.jscomp.PrepareAst$PrepareAnnotations#void#annotateCalls#?,Node#169	0.0016333197223356473	0.0025957170668397143	0.0018438590794204032	!(!NodeUtil.isGet(first))	_
com.google.javascript.jscomp.parsing.IRFactory$TransformDispatcher#Node#processIfStatement#?,IfStatement#875	0.001579778830963665	0.001949317738791423	0.001764548284877544	!(statementNode.getElsePart() != null)	_
com.google.javascript.jscomp.AstValidator#void#validateCall#?,Node#377	0.0016148566814695195	0.0016148566814695195	0.0016148566814695195	c != null	_
com.google.javascript.rhino.Node#boolean#isEquivalentTo#?,Node,boolean,boolean,boolean#1548	0.0016051364365971107	0.0016051364365971107	0.0016051364365971107	!(this.getBooleanProp(FREE_CALL) != node.getBooleanProp(FREE_CALL))	_
com.google.javascript.jscomp.AstValidator#void#validateVar#?,Node#399	0.0011933174224343676	0.0019011406844106464	0.001547229053422507	!(c.hasChildren())	_
com.google.javascript.jscomp.AstValidator#void#validateMaximumChildCount#?,Node,int#810	0.0017730496453900709	0.0017730496453900709	0.0014314839507604306	!(i == 1)	_
com.google.javascript.jscomp.AstValidator#void#validateStatement#?,Node#121	0.0028011204481792717	0.0	0.0014005602240896359		_
com.google.javascript.jscomp.NodeUtil#void#mtocHelper#?,Map<Node,Node>,Node,Node#3334	0.0016207455429497568	0.0016207455429497568	0.0013328388111822974	main.isFunction()	_
com.google.javascript.jscomp.JSError#JSError#make#?,String,Node,DiagnosticType,String#115	0.0026109660574412533	0.0	0.0013054830287206266		_
com.google.javascript.jscomp.JSError#?#JSError#?,String,Node,DiagnosticType,String#171	0.0025974025974025974	0.0	0.0012987012987012987		_
com.google.javascript.jscomp.parsing.IRFactory#Node#transformBlock#?,AstNode#245	0.001037344398340249	0.0013717421124828531	0.001204543255411551	!(!irNode.isBlock())	_
com.google.javascript.jscomp.BasicErrorManager$ErrorWithLevel#?#ErrorWithLevel#?,JSError,CheckLevel#187	0.002408187838651415	0.0	0.0012040939193257074		_
com.google.javascript.jscomp.JSError#CheckLevel#getDefaultLevel#?#242	0.0023014959723820483	0.0	0.0011507479861910242		_
com.google.javascript.jscomp.LineNumberCheck#void#visit#?,NodeTraversal,Node,Node#72	0.0011350737797956867	0.0011350737797956867	0.0011350737797956867	!(n.getLineno() == -1)	_
com.google.javascript.jscomp.LineNumberCheck#boolean#shouldTraverse#?,NodeTraversal,Node,Node#61	0.0011123470522803114	0.0011123470522803114	0.001103219478000112	n.isScript()	_
com.google.javascript.jscomp.parsing.TypeSafeDispatcher#T#process#?,AstNode#175	0.001579778830963665	0.001098901098901099	0.001098901098901099	node instanceof Scope	_
com.google.javascript.jscomp.parsing.IRFactory#int#transformTokenType#?,int#1401	0.001085481682496608	0.001085481682496608	0.001085481682496608	(Token.CALL)!= 0	_
com.google.javascript.rhino.Node#Node#getChildAtIndex#?,int#566	0.0010330578512396695	0.0010330578512396695	0.0010330578512396695	i > 0	_
com.google.javascript.jscomp.AstValidator#void#validateExpression#?,Node#269	0.0020304568527918783	0.0	0.0010152284263959391		_
com.google.javascript.rhino.Node#Node#cloneTree#?#1724	0.0010170353419781336	0.0010170353419781336	0.0010117889341999375	result.last != null	_
com.google.javascript.jscomp.AstValidator#void#validateChildCount#?,Node,int#779	0.0010587612493382743	0.0010587612493382743	0.0010106125784708697	i == 1	_
com.google.javascript.jscomp.DiagnosticGroup#boolean#matches#?,JSError#103	0.00202020202020202	0.0	0.00101010101010101		_
com.google.javascript.jscomp.JSError#DiagnosticType#getType#?#179	0.00202020202020202	0.0	0.00101010101010101		_
com.google.javascript.jscomp.DiagnosticGroupWarningsGuard#CheckLevel#level#?,JSError#37	0.00202020202020202	0.0	0.00101010101010101		_
com.google.javascript.rhino.jstype.JSTypeRegistry#FunctionType#createFunctionType#?,JSType,boolean,JSType#1300	0.0010042681395932714	0.0010042681395932714	0.0010038902163094303	lastVarArgs	_
com.google.javascript.rhino.Node#String#getQualifiedName#?#1582	9.99000999000999E-4	9.99000999000999E-4	9.985024955084835E-4	!(left == null)	_
com.google.javascript.rhino.jstype.JSTypeRegistry#Node#createParameters#?,boolean,JSType#1282	0.001000250062515629	0.001000250062515629	9.946848729986651E-4	!(lastVarArgs && i == max)	_
com.google.javascript.jscomp.AstValidator#void#validateOptionalName#?,Node#346	0.0019860973187686196	0.0	9.930486593843098E-4		_
com.google.javascript.jscomp.AstValidator#void#validateFunctionExpression#?,Node#360	0.0019860973187686196	0.0	9.930486593843098E-4		_
com.google.javascript.jscomp.Scope#Var#getVar#?,String#532	0.0010570824524312897	0.0010570824524312897	9.801104291960016E-4	parent != null	_
com.google.javascript.jscomp.AstValidator#void#validateNonEmptyString#?,Node#328	9.729992702505473E-4	9.729992702505473E-4	9.729992702505473E-4	!(n.getString().isEmpty())	_
com.google.javascript.jscomp.AstValidator#void#validateNonNullString#?,Node#334	9.725261366399222E-4	9.725261366399222E-4	9.725261366399222E-4	!(n.getString() == null)	_
com.google.javascript.jscomp.AstValidator#void#validateCodeRoot#?,Node#79	9.699321047526673E-4	9.699321047526673E-4	9.699321047526673E-4	!(c != null)	_
com.google.javascript.jscomp.AstValidator#void#validateIsSynthetic#?,Node#294	9.694619486185168E-4	9.694619486185168E-4	9.694619486185168E-4	!(!n.getBooleanProp(Node.SYNTHETIC_BLOCK_PROP))	_
com.google.javascript.jscomp.parsing.IRFactory$TransformDispatcher#Node#processFunctionNode#?,FunctionNode#791	9.633911368015414E-4	9.633911368015414E-4	9.633911368015414E-4	!(functionType != FunctionNode.FUNCTION_EXPRESSION)	_
com.google.javascript.jscomp.AstValidator#void#validateScript#?,Node#88	9.629272989889263E-4	9.629272989889263E-4	9.629272989889263E-4	c != null	_
com.google.javascript.jscomp.AstValidator#void#validateHasInputId#?,Node#308	9.613073780341264E-4	9.62000962000962E-4	9.616541700175443E-4	!(inputId == null)	_
com.google.javascript.jscomp.AstValidator#void#validateHasSourceName#?,Node#301	9.613073780341264E-4	9.62000962000962E-4	9.616541700175443E-4	!(sourceName == null || sourceName.isEmpty())	_
com.google.javascript.jscomp.AstValidator#void#validateNodeType#?,int,Node#768	9.613073780341264E-4	9.615384615384616E-4	9.61422919786294E-4	!(n.getType() != type)	_
com.google.javascript.jscomp.SyntacticScopeCreator#void#scanVars#?,Node#125	9.608455440787893E-4	9.608455440787893E-4	9.608455440787893E-4	!(NodeUtil.isFunctionExpression(n))	_
com.google.javascript.rhino.Node#int#mergeLineCharNo#?,int,int#1196	9.569377990430622E-4	9.569377990430622E-4	9.569377990430622E-4	(-1)!= 0	_
com.google.javascript.rhino.jstype.FunctionType#void#setPrototypeBasedOn#?,ObjectType,Node#417	9.535160905840286E-4	9.535160905840286E-4	9.513664933223893E-4	baseType.hasReferenceName() || isNativeObjectType() || baseType.isFunctionPrototypeType()	_
com.google.javascript.jscomp.BasicErrorManager#int#getWarningCount#?#80	9.084714967067908E-4	9.828009828009828E-4	9.456362397538868E-4	(warningCount)<= 0	_
com.google.javascript.jscomp.Compiler#Node#parseInputs#?#1381	9.184845005740528E-4	9.365488176071178E-4	9.255167263194047E-4	!(staleInputs)	_
com.google.javascript.jscomp.Compiler#void#hoistExterns#?,Node#1432	9.157509157509158E-4	9.365488176071178E-4	9.24895413369769E-4	!(options.dependencyOptions.needsManagement())	_
com.google.javascript.jscomp.Compiler#void#hoistNoCompileFiles#?#1487	9.14703864623828E-4	9.14703864623828E-4	9.14703864623828E-4	!(staleInputs)	_
com.google.javascript.jscomp.Compiler#Tracer#newTracer#?,String#967	9.132420091324201E-4	9.132420091324201E-4	9.132420091324201E-4	!(options.tracer.isOn())	_
com.google.javascript.jscomp.Compiler#void#stopTracer#?,Tracer,String#975	9.132420091324201E-4	9.132420091324201E-4	9.132420091324201E-4	!(options.tracer.isOn())	_
com.google.javascript.rhino.IR#boolean#mayBeStatement#?,Node#539	9.126169290440338E-4	9.126169290440338E-4	9.126169290440338E-4	!(!mayBeStatementNoReturn(n))	_
com.google.javascript.jscomp.Tracer#long#stop#?#441	9.109542245502164E-4	9.109542245502164E-4	9.109542245502164E-4	(stop(-1))<= 0	_
com.google.javascript.jscomp.Tracer#long#stop#?,int#413	9.109542245502164E-4	9.109542245502164E-4	9.109542245502164E-4	(0)<= 0	_
com.google.javascript.jscomp.Tracer#?#Tracer#?,String,String#240	9.107468123861566E-4	9.107468123861566E-4	9.107468123861566E-4	!(!extraTracingStatistics.isEmpty())	_
com.google.javascript.jscomp.Tracer#ThreadTrace#getThreadTrace#?#960	9.107468123861566E-4	9.107468123861566E-4	9.107468123861566E-4	!(t == null)	_
com.google.javascript.rhino.jstype.InstanceObjectType#String#toStringHelper#?,boolean#97	8.800880088008801E-4	8.800880088008801E-4	8.800880088008801E-4	constructor.hasReferenceName()	_
com.google.javascript.rhino.Node#int#extractCharno#?,int#1224	6.135910415707931E-4	0.0011373329542223485	8.754619978965708E-4	(lineCharNo & COLUMN_MASK)<= 0	_
com.google.javascript.jscomp.parsing.IRFactory$TransformDispatcher#Node#processFunctionCall#?,FunctionCall#775	0.0017398869073510222	0.0	8.699434536755111E-4		_
com.google.javascript.rhino.jstype.FunctionParamBuilder#boolean#addVarArgs#?,JSType#104	6.828269033799932E-4	0.0010052777079668257	8.440523056734094E-4	!(!type.isEmptyType())	_
com.google.javascript.rhino.Node#int#getCharno#?#1144	5.46000546000546E-4	0.0011376564277588168	8.418284868796814E-4	(extractCharno(sourcePosition))== 0	_
com.google.javascript.jscomp.parsing.IRFactory$TransformDispatcher#boolean#isAllowedProp#?,String#948	8.800880088008801E-4	8.800880088008801E-4	8.414892071302674E-4	!(config.languageMode == LanguageMode.ECMASCRIPT3)	_
com.google.javascript.jscomp.Compiler#JSTypeRegistry#getTypeRegistry#?#1204	0.001008318628686665	0.001008318628686665	8.333232379773022E-4	typeRegistry == null	_
com.google.javascript.rhino.jstype.ProxyObjectType#void#setReferencedType#?,JSType#88	9.9626400996264E-4	9.9626400996264E-4	8.316320883563408E-4	!(referencedType instanceof ObjectType)	_
com.google.javascript.jscomp.SyntacticScopeCreator#void#scanRoot#?,Node#88	8.257638315441783E-4	8.312551953449709E-4	8.285095134445747E-4	!(!fnName.isEmpty() && NodeUtil.isFunctionExpression(n))	_
com.google.javascript.jscomp.Compiler#void#initOptions#?,CompilerOptions#286	8.368200836820083E-4	8.368200836820083E-4	8.271572317040739E-4	outStream == null	_
com.google.javascript.rhino.jstype.FunctionType#boolean#setPrototypeNoCheck#?,ObjectType,Node#469	6.511476477291225E-4	9.9626400996264E-4	8.235998650301401E-4	!(superClass != null)	_
com.google.javascript.jscomp.NodeTraversal#void#traverseFunction#?,Node,Node#552	9.49893137022085E-4	9.49893137022085E-4	8.211470185716276E-4	!(!isFunctionExpression)	_
com.google.javascript.jscomp.AstValidator#void#validateFunctionStatement#?,Node#356	0.0016386726751331422	0.0	8.193363375665711E-4		_
com.google.javascript.jscomp.parsing.IRFactory$TransformDispatcher#Node#processPropertyGet#?,PropertyGet#1052	8.169934640522876E-4	8.171603677221655E-4	8.170769158872265E-4	!(nodeProp instanceof Name && !isAllowedProp(((Name)nodeProp).getIdentifier()))	_
com.google.javascript.rhino.Node#boolean#isHook#?#2323	0.0016286644951140066	0.0	8.143322475570033E-4		_
com.google.javascript.jscomp.parsing.IRFactory$TransformDispatcher#Node#processVariableInitializer#?,VariableInitializer#1274	6.796941376380628E-4	9.440641963653528E-4	8.118214287976952E-4	!(initializerNode.getInitializer() != null)	_
com.google.javascript.jscomp.Compiler#void#reconcileOptionsWithGuards#?#347	7.004027315706532E-4	0.0010259040779687098	8.095559244952551E-4	!(!options.checkSymbols && !options.enables(DiagnosticGroups.CHECK_VARIABLES))	_
com.google.javascript.jscomp.parsing.IRFactory#Node#transformNameAsString#?,Name#424	8.028904054596548E-4	8.048289738430583E-4	8.038596896513565E-4	!(jsDocInfo != null)	_
com.google.javascript.rhino.jstype.FunctionType#void#addSubType#?,FunctionType#1134	9.50344499881207E-4	9.50344499881207E-4	8.007460738051647E-4	subTypes == null	_
com.google.javascript.jscomp.parsing.IRFactory$TransformDispatcher#Node#transformAsString#?,AstNode#569	8.028904054596548E-4	8.028904054596548E-4	8.006467995362146E-4	n instanceof Name	_
com.google.javascript.rhino.Node#boolean#isAnd#?#2223	0.0015631105900742479	0.0	7.815552950371239E-4		_
com.google.javascript.jscomp.SyntacticScopeCreator#Scope#createScope#?,Node,Scope#58	8.312551953449709E-4	8.312551953449709E-4	7.778152108561145E-4	!(parent == null)	_
com.google.javascript.rhino.Node#boolean#isOr#?#2379	0.0015444015444015444	0.0	7.722007722007722E-4		_
com.google.javascript.jscomp.AstValidator#void#validateGetProp#?,Node#621	0.001536688436419516	0.0	7.68344218209758E-4		_
com.google.javascript.jscomp.parsing.IRFactory#int#position2charno#?,int#537	5.595970900951316E-4	9.63159162051529E-4	7.613781260733302E-4	(position)< 0	_
com.google.javascript.rhino.Node#void#setLineno#?,int#1168	5.587372538063976E-4	9.633911368015414E-4	7.610641953039695E-4	sourcePosition <= charno	_
com.google.javascript.rhino.Node#void#setCharno#?,int#1172	5.588153115395362E-4	9.606147934678194E-4	7.597150525036778E-4	sourcePosition == charno	_
com.google.javascript.jscomp.SyntacticScopeCreator#void#declareVar#?,Node#195	7.472445357743321E-4	7.472445357743321E-4	7.472445357743321E-4	!(scope.isDeclared(name,false) || (scope.isLocal() && name.equals(ARGUMENTS)))	_
com.google.javascript.jscomp.JsAst#Node#getAstRoot#?,AbstractCompiler#54	5.71183778380694E-4	9.149130832570906E-4	7.430484308188923E-4	!(root == null)	_
com.google.javascript.jscomp.NodeTraversal#int#getScopeDepth#?#676	7.393715341959334E-4	7.393715341959334E-4	7.393715341959334E-4	(scopes.size() + scopeRoots.size())> 0	_
com.google.javascript.jscomp.Scope#boolean#isDeclared#?,String,boolean#557	7.31528895391368E-4	7.31528895391368E-4	7.31528895391368E-4	!(scope.parent != null && recurse)	_
com.google.javascript.jscomp.NodeTraversal#Scope#getScope#?#634	7.458512026850643E-4	7.458512026850643E-4	7.291143813959605E-4	scopeRoots.isEmpty()	_
com.google.javascript.jscomp.NodeTraversal#Node#getScopeRoot#?#661	7.969715082685794E-4	7.969715082685794E-4	7.250163663791876E-4	scopeRoots.isEmpty()	_
com.google.javascript.jscomp.Scope$Var#?#Var#?,boolean,String,Node,JSType,Scope,int,CompilerInput#126	7.163323782234957E-4	7.163323782234957E-4	7.163323782234957E-4	this.index == index	_
com.google.javascript.rhino.jstype.TemplateTypeMap#boolean#checkEquivalenceHelper#?,TemplateTypeMap,EquivalenceMethod#216	7.144132880871584E-4	7.18132854578097E-4	7.162730713326276E-4	!(thisKey == thatKey)	_
com.google.javascript.rhino.jstype.ObjectType#boolean#isImplicitPrototype#?,ObjectType#536	7.159477358152855E-4	7.159477358152855E-4	7.062845610459221E-4	current.isEquivalentTo(prototype)	_
com.google.javascript.jscomp.NodeUtil#boolean#isControlStructure#?,Node#1709	0.0014005602240896359	0.0	7.002801120448179E-4		_
com.google.javascript.rhino.jstype.JSTypeRegistry#void#addReferenceTypeIndexedByProperty#?,String,JSType#649	6.704659738518271E-4	7.158196134574087E-4	6.930866124937455E-4	!(typeSet == null)	_
com.google.javascript.jscomp.PrepareAst$PrepareAnnotations#void#annotateDispatchers#?,Node,Node#186	6.924009001211701E-4	6.925207756232687E-4	6.924608378722194E-4	!(parent.getJSDocInfo() != null && parent.getJSDocInfo().isJavaDispatch())	_
com.google.javascript.rhino.jstype.InstanceObjectType#boolean#defineProperty#?,String,JSType,boolean,Node#89	6.902502157031924E-4	6.902502157031924E-4	6.902502157031924E-4	!(proto != null && proto.hasOwnDeclaredProperty(name))	_
com.google.javascript.jscomp.parsing.IRFactory#Node#transformNodeWithInlineJsDoc#?,AstNode#411	6.872852233676976E-4	6.874033339061695E-4	6.873442786369335E-4	!(comment != null)	_
com.google.javascript.rhino.Node#int#getChildCount#?#1411	5.733123118818977E-4	8.030515960650472E-4	6.86791808587366E-4	(c)== 0	_
com.google.javascript.jscomp.DiagnosticGroupWarningsGuard#boolean#enables#?,DiagnosticGroup#49	6.950477845351868E-4	6.950477845351868E-4	6.861052364355298E-4	group.matches(type)	_
com.google.javascript.rhino.jstype.JSTypeRegistry#void#registerPropertyOnType#?,String,JSType#632	6.665555740709882E-4	7.06090026478376E-4	6.858237154022495E-4	!(typeSet == null)	_
com.google.javascript.jscomp.parsing.IRFactory$TransformDispatcher#Node#processName#?,Name,boolean#934	8.028904054596548E-4	8.028904054596548E-4	6.834133403302786E-4	asString	_
com.google.javascript.rhino.jstype.PropertyMap#void#putProperty#?,String,Property#194	6.831767719897524E-4	6.831767719897524E-4	6.831767719897524E-4	!(oldProp != null)	_
com.google.javascript.rhino.jstype.PrototypeObjectType#boolean#defineProperty#?,String,JSType,boolean,Node#137	6.831767719897524E-4	6.831767719897524E-4	6.831767719897524E-4	!(hasOwnDeclaredProperty(name))	_
com.google.javascript.rhino.jstype.FunctionParamBuilder#boolean#addOptionalParams#?,JSType#80	6.818956699624957E-4	6.818956699624957E-4	6.818956699624957E-4	!(hasVarArgs())	_
com.google.javascript.rhino.jstype.JSTypeRegistry#JSType#createOptionalType#?,JSType#998	6.836438215689625E-4	6.836438215689625E-4	6.797168254660153E-4	type instanceof UnknownType || type.isAllType()	_
com.google.javascript.jscomp.parsing.IRFactory$TransformDispatcher#Node#processVariableDeclaration#?,VariableDeclaration#1251	6.795786612300374E-4	6.796941376380628E-4	6.796363994340501E-4	!(!config.acceptConstKeyword && declarationNode.getType() == com.google.javascript.rhino.head.Token.CONST)	_
com.google.javascript.rhino.jstype.UnionTypeBuilder#UnionTypeBuilder#addAlternate#?,JSType#271	6.988120195667365E-4	6.988120195667365E-4	6.765899864682003E-4	functionTypePosition >= currentIndex	_
com.google.javascript.jscomp.parsing.IRFactory#Node#transformTree#?,AstRoot,StaticSourceFile,String,Config,ErrorReporter#207	5.588153115395362E-4	7.939658594680428E-4	6.763905855037896E-4	!(node.getComments() != null)	_
com.google.javascript.rhino.jstype.FunctionParamBuilder#boolean#addRequiredParams#?,JSType#63	6.736274840013472E-4	6.736274840013472E-4	6.736274840013472E-4	!(hasOptionalOrVarArgs())	_
com.google.javascript.rhino.jstype.PrototypeObjectType#String#getReferenceName#?#304	6.738544474393531E-4	6.738544474393531E-4	6.693187809741223E-4	ownerFunction != null	_
com.google.javascript.rhino.jstype.InstanceObjectType#int#hashCode#?#163	6.512536633018561E-4	6.851661527920521E-4	6.682099080469542E-4	(getReferenceName().hashCode())>= 0	_
com.google.javascript.jscomp.NodeTraversal#void#pushScope#?,Node#599	7.651109410864575E-4	7.651109410864575E-4	6.674151771377309E-4	scopeCallback != null	_
com.google.javascript.jscomp.NodeTraversal#void#popScope#?#617	7.651109410864575E-4	7.651109410864575E-4	6.674151771377309E-4	scopeCallback != null	_
com.google.javascript.jscomp.NodeTraversal#?#NodeTraversal#?,AbstractCompiler,Callback,ScopeCreator#241	7.651109410864575E-4	7.651109410864575E-4	6.673746103894264E-4	cb instanceof ScopedCallback	_
com.google.javascript.rhino.jstype.FunctionType#?#FunctionType#?,JSTypeRegistry,String,Node,ArrowType,JSType,TemplateTypeMap,boolean,boolean#147	6.796941376380628E-4	6.796941376380628E-4	6.657923100185099E-4	isConstructor	_
com.google.javascript.jscomp.NodeTraversal#Node#getCurrentNode#?#452	0.0013311148086522463	0.0	6.655574043261231E-4		_
com.google.javascript.rhino.Node#?#Node#?,int,Node,Node#395	6.654466810846781E-4	6.654466810846781E-4	6.654466810846781E-4	sourcePosition != nodeType	_
com.google.javascript.rhino.jstype.FunctionType#FunctionType#getSuperClassConstructor#?#851	6.739679865206403E-4	6.739679865206403E-4	6.623988972629235E-4	maybeSuperInstanceType == null	_
com.google.javascript.rhino.jstype.PrototypeObjectType#?#PrototypeObjectType#?,JSTypeRegistry,String,ObjectType,boolean,TemplateTypeMap#121	6.647831145088915E-4	6.647831145088915E-4	6.521357618907368E-4	!(nativeType || implicitPrototype != null)	_
com.google.javascript.rhino.Node#?#Node#?,int,Node#375	6.515719172503665E-4	6.515719172503665E-4	6.515719172503665E-4	sourcePosition <= nodeType	_
com.google.javascript.rhino.jstype.FunctionType#ObjectType#getPrototype#?#370	6.512536633018561E-4	6.512536633018561E-4	6.512536633018561E-4	!(refName == null)	_
com.google.javascript.rhino.jstype.FunctionType#boolean#setPrototype#?,ObjectType,Node#441	6.509357200976403E-4	6.509357200976403E-4	6.509357200976403E-4	!(prototype == null)	_
com.google.javascript.rhino.jstype.ObjectType#boolean#isUnknownType#?#558	6.462035541195477E-4	6.462035541195477E-4	6.459948994362672E-4	implicitProto == null || implicitProto.isNativeObjectType()	_
com.google.javascript.jscomp.Compiler#void#initInputsByIdMap#?#538	6.448492664839593E-4	6.448492664839593E-4	6.448492664839593E-4	!(previous != null)	_
com.google.javascript.jscomp.Compiler#void#initBasedOnOptions#?#433	6.421576497030021E-4	6.474587245063128E-4	6.448081871046575E-4	!(options.sourceMapOutputPath != null)	_
com.google.javascript.rhino.jstype.PrototypeObjectType#boolean#implicitPrototypeChainIsUnknown#?#367	6.447453255963894E-4	6.447453255963894E-4	6.447453255963894E-4	p != null	_
com.google.javascript.rhino.jstype.PrototypeObjectType#boolean#isSubtype#?,JSType#356	6.447453255963894E-4	6.447453255963894E-4	6.447453255963894E-4	!(isUnknownType() || implicitPrototypeChainIsUnknown())	_
com.google.javascript.jscomp.Compiler#void#initModules#?,List<T>,List<JSModule>,CompilerOptions#408	6.430868167202572E-4	6.430868167202572E-4	6.426222332116297E-4	!(modules.size() > 1)	_
com.google.javascript.jscomp.Compiler#void#fillEmptyModules#?,List<JSModule>#484	6.421576497030021E-4	6.423638991488678E-4	6.42260774425935E-4	!(module.getInputs().isEmpty())	_
com.google.javascript.jscomp.Compiler#void#checkFirstModule#?,List<JSModule>#461	6.421576497030021E-4	6.421576497030021E-4	6.421576497030021E-4	!(modules.isEmpty())	_
com.google.javascript.rhino.jstype.JSType#boolean#isSubtypeHelper#?,JSType,JSType#1269	6.558452205279554E-4	6.558452205279554E-4	6.415497076451915E-4	!(isExemptFromTemplateTypeInvariance(thatType))	_
com.google.javascript.rhino.Node#int#getIntProp#?,int#833	6.4E-4	6.4E-4	6.4E-4	(item.getIntValue())> 0	_
com.google.javascript.rhino.Node$IntPropListItem#int#getIntValue#?#339	6.4E-4	6.4E-4	6.4E-4	(intValue)!= 0	_
com.google.javascript.rhino.jstype.PropertyMap#void#setParentSource#?,ObjectType#92	6.39488409272582E-4	6.39488409272582E-4	6.39488409272582E-4	this != EMPTY_MAP	_
com.google.javascript.rhino.jstype.JSType#boolean#checkEquivalenceHelper#?,JSType,EquivalenceMethod#610	6.442261233693026E-4	6.442261233693026E-4	6.342716382415422E-4	!getTemplateTypeMap().checkEquivalenceHelper(that.getTemplateTypeMap(),eqMethod)	_
com.google.javascript.jscomp.ComposeWarningsGuard#boolean#enables#?,DiagnosticGroup#150	6.950477845351868E-4	6.950477845351868E-4	6.342622435220736E-4	guard.enables(group)	_
com.google.javascript.rhino.jstype.JSType#int#hashCode#?#657	6.326111023248458E-4	6.326111023248458E-4	6.326111023248458E-4	(System.identityHashCode(this))!= 0	_
com.google.javascript.jscomp.NodeTraversal#void#traverseBranch#?,Node,Node#527	6.924009001211701E-4	6.924009001211701E-4	6.311413248290705E-4	type == Token.FUNCTION	_
com.google.javascript.rhino.jstype.UnionTypeBuilder#JSType#reduceAlternatesWithoutUnion#?#301	6.31911532385466E-4	6.31911532385466E-4	6.307676660825489E-4	size > 1	_
com.google.javascript.rhino.jstype.JSType#boolean#hasAnyTemplateTypes#?#437	6.306164275579379E-4	6.306164275579379E-4	6.306164275579379E-4	!this.inTemplatedCheckVisit	_
com.google.javascript.rhino.jstype.UnionTypeBuilder#JSType#build#?#319	6.31911532385466E-4	6.31911532385466E-4	6.299768056023734E-4	result == null	_
com.google.javascript.rhino.jstype.TemplateTypeMap#int#getTemplateTypeIndex#?,TemplateType#175	6.272541947624275E-4	6.272541947624275E-4	6.272541947624275E-4	(-1)< 0	_
com.google.javascript.rhino.jstype.UnionTypeBuilder#?#UnionTypeBuilder#?,JSTypeRegistry,int#105	6.259780907668231E-4	6.259780907668231E-4	6.259780907668231E-4	this.maxUnionSize <= maxUnionSize	_
com.google.javascript.jscomp.AstValidator#void#validateParameters#?,Node#368	0.0012345679012345679	0.0	6.172839506172839E-4		_
com.google.javascript.jscomp.NodeUtil#InputId#getInputId#?,Node#2932	6.133088009812941E-4	6.133088009812941E-4	6.133088009812941E-4	n != null && !n.isScript()	_
com.google.javascript.jscomp.parsing.IRFactory$TransformDispatcher#boolean#isDirective#?,Node#646	6.668889629876625E-4	6.668889629876625E-4	6.128521372635994E-4	n == null	_
com.google.javascript.jscomp.parsing.IRFactory$TransformDispatcher#boolean#isReservedKeyword#?,String#955	6.479831524380366E-4	6.479831524380366E-4	6.062382598204859E-4	!(config.languageMode == LanguageMode.ECMASCRIPT3)	_
com.google.javascript.jscomp.Compiler#Config#getParserConfig#?#2090	6.436041834271923E-4	6.383657835939994E-4	6.047747809873466E-4	!(parserConfig == null)	_
com.google.javascript.jscomp.Compiler#CompilerOptions#getOptions#?#2285	0.0011976047904191617	0.0	5.988023952095808E-4		_
com.google.javascript.jscomp.ComposeWarningsGuard$GuardComparator#int#compare#?,WarningsGuard,WarningsGuard#64	5.957700327673518E-4	5.96836765144733E-4	5.957700327673518E-4	(priorityDiff)> 0	_
com.google.javascript.jscomp.WarningsGuard#int#getPriority#?#83	5.955926146515784E-4	5.955926146515784E-4	5.955926146515784E-4	(Priority.DEFAULT.value)> 0	_
com.google.javascript.jscomp.ComposeWarningsGuard#void#addGuard#?,WarningsGuard#89	5.932077710218003E-4	5.932957579353308E-4	5.932517644785656E-4	!(composeGuard.demoteErrors)	_
com.google.javascript.jscomp.SuppressDocWarningsGuard#int#getPriority#?#107	5.932077710218003E-4	5.932077710218003E-4	5.932077710218003E-4	(WarningsGuard.Priority.SUPPRESS_DOC.value)>= 0	_
com.google.javascript.rhino.Node#boolean#isComma#?#2263	0.0011830819284235432	0.0	5.915409642117716E-4		_
com.google.javascript.jscomp.Scope$Var#Node#getParentNode#?#170	0.0011584129742253113	0.0	5.792064871126556E-4		_
com.google.javascript.jscomp.CompilerInput#Node#getAstRoot#?,AbstractCompiler#119	5.744650294413328E-4	5.744650294413328E-4	5.744650294413328E-4	root != null	_
com.google.javascript.rhino.InputId#int#hashCode#?#61	5.73641187437258E-4	5.751258087706686E-4	5.743834981039634E-4	(id.hashCode())<= 0	_
com.google.javascript.jscomp.CompilerInput#?#CompilerInput#?,SourceAst,InputId,boolean#79	5.74052812858783E-4	5.74052812858783E-4	5.740116266905481E-4	ast != null && ast.getSourceFile() != null	_
com.google.javascript.jscomp.PrepareAst$PrepareAnnotations#boolean#shouldTraverse#?,NodeTraversal,Node,Node#125	5.721642111285939E-4	5.721642111285939E-4	5.721642111285939E-4	!(n.isObjectLit())	_
com.google.javascript.jscomp.PrepareAst#void#process#?,Node,Node#56	5.721642111285939E-4	5.721642111285939E-4	5.721642111285939E-4	!(checkOnly)	_
com.google.javascript.jscomp.JsAst#void#parse#?,AbstractCompiler#101	5.721642111285939E-4	5.721642111285939E-4	5.716739947546439E-4	!(root == null || (compiler.getErrorManager().getErrorCount() > startErrorCount && !compiler.isIdeMode()))	_
com.google.javascript.jscomp.Compiler#ErrorManager#getErrorManager#?#2312	5.707762557077625E-4	5.707762557077625E-4	5.707762557077625E-4	!(options == null)	_
com.google.javascript.jscomp.Compiler#void#setScope#?,Node#2008	5.697194131890044E-4	5.697194131890044E-4	5.697194131890044E-4	!(phaseOptimizer != null)	_
com.google.javascript.jscomp.parsing.IRFactory#void#maybeSetLengthFrom#?,Node,AstNode#522	5.588153115395362E-4	5.802988539097636E-4	5.695570827246499E-4	!(config.isIdeMode)	_
com.google.javascript.jscomp.parsing.IRFactory#void#setSourceInfo#?,Node,AstNode#453	5.588153115395362E-4	5.73641187437258E-4	5.662282494883972E-4	!(irNode.getLineno() == -1)	_
com.google.javascript.jscomp.SourceFile#?#SourceFile#?,String#82	5.660110372152257E-4	5.660110372152257E-4	5.660110372152257E-4	!(fileName == null || fileName.isEmpty())	_
com.google.javascript.rhino.Node#PropListItem#lookupProperty#?,int#764	5.629838142153413E-4	5.629838142153413E-4	5.629838142153413E-4	x != null && propType != x.getType()	_
com.google.javascript.jscomp.parsing.ParserRunner#ParseResult#parse#?,StaticSourceFile,String,Config,ErrorReporter,Logger#141	5.630630630630631E-4	5.630630630630631E-4	5.621938947086296E-4	astRoot != null	_
com.google.javascript.jscomp.LineNumberCheck#void#process#?,Node,Node#54	0.0011210762331838565	0.0	5.605381165919282E-4		_
com.google.javascript.jscomp.parsing.IRFactory#void#setFileOverviewJsDoc#?,Node#233	5.588153115395362E-4	5.590496156533892E-4	5.589324635964627E-4	!(fileOverviewInfo != null)	_
com.google.javascript.jscomp.parsing.IRFactory#?#IRFactory#?,String,StaticSourceFile,Config,ErrorReporter#158	6.423638991488678E-4	5.588153115395362E-4	5.588153115395362E-4	true	_
com.google.javascript.jscomp.parsing.IRFactory$TransformDispatcher#void#parseDirectives#?,Node#640	5.588153115395362E-4	5.588153115395362E-4	5.588153115395362E-4	!(directives != null)	_
com.google.javascript.jscomp.parsing.IRFactory#Node#transform#?,AstNode#381	5.588153115395362E-4	5.588153115395362E-4	5.588153115395362E-4	!(jsDocInfo != null)	_
com.google.javascript.jscomp.parsing.IRFactory#JSDocInfo#handleJsDoc#?,AstNode,Node#293	5.588153115395362E-4	5.588153115395362E-4	5.588153115395362E-4	!(comment != null)	_
com.google.javascript.jscomp.parsing.ParserRunner#void#initResourceConfig#?#79	5.596753882748006E-4	5.596753882748006E-4	5.583892261708265E-4	annotationNames != null	_
com.google.javascript.jscomp.parsing.ParserRunner#Config#createConfig#?,boolean,LanguageMode,boolean,Set<String>#63	5.595970900951316E-4	5.595970900951316E-4	5.58350077080992E-4	extraAnnotationNames == null	_
com.google.javascript.jscomp.parsing.IRFactory$TransformDispatcher#Node#processGeneric#?,com.google.javascript.rhino.head.Node#552	0.0011157601115760112	0.0	5.578800557880056E-4		_
com.google.javascript.rhino.Node#int#extractLineno#?,int#1210	5.567928730512249E-4	5.568703884170959E-4	5.567928730512249E-4	(-1)< 0	_
com.google.javascript.rhino.Node#int#getLineno#?#1140	5.448848930663398E-4	5.570254839158892E-4	5.509551884911145E-4	(extractLineno(sourcePosition))> 0	_
com.google.javascript.jscomp.parsing.IRFactory$TransformDispatcher#Node#processScope#?,Scope#1094	0.001098901098901099	0.0	5.494505494505495E-4		_
com.google.javascript.rhino.testing.BaseJSTypeTestCase#void#addNativeProperties#?,JSTypeRegistry#382	0.0010979961570134504	0.0	5.489980785067252E-4		_
com.google.javascript.rhino.testing.BaseJSTypeTestCase#void#addMethod#?,JSTypeRegistry,ObjectType,String,JSType#391	0.0010979961570134504	0.0	5.489980785067252E-4		_
com.google.javascript.rhino.Node#PropListItem#removeProp#?,PropListItem,int#804	5.720823798627002E-4	5.720823798627002E-4	5.489914923241979E-4	result != item.getNext()	_
com.google.javascript.rhino.Node#void#addChildToBack#?,Node#611	5.550159567087554E-4	5.550159567087554E-4	5.483272065195774E-4	!(last == null)	_
com.google.javascript.jscomp.AstValidator#void#validateExprStmt#?,Node#476	0.001095890410958904	0.0	5.47945205479452E-4		_
com.google.javascript.jscomp.LineNumberCheck#?#LineNumberCheck#?,AbstractCompiler#41	0.0010940919037199124	0.0	5.470459518599562E-4		_
com.google.javascript.jscomp.PrepareAst$PrepareAnnotations#void#visit#?,NodeTraversal,Node,Node#136	0.001092001092001092	0.0	5.46000546000546E-4		_
com.google.javascript.rhino.Node$StringNode#?#StringNode#?,int,String#194	5.459260270233384E-4	5.459260270233384E-4	5.459260270233384E-4	!(null == str)	_
com.google.javascript.rhino.Node#void#removeProp#?,int#786	5.709391949757351E-4	5.709391949757351E-4	5.449066191508588E-4	result != propListHead	_
com.google.javascript.rhino.Node#Object#getProp#?,int#814	5.550929780738274E-4	5.550929780738274E-4	5.400481296721678E-4	item == null	_
com.google.javascript.rhino.Node#int#getType#?#526	5.332622317024396E-4	5.332622317024396E-4	5.332622317024396E-4	(type)> 0	_
com.google.javascript.rhino.Node$IntPropListItem#?#IntPropListItem#?,int,int,PropListItem#334	5.318441696582901E-4	5.318441696582901E-4	5.318441696582901E-4	this.intValue <= intValue	_
com.google.javascript.rhino.Node#void#putIntProp#?,int,int#857	5.318441696582901E-4	5.318441696582901E-4	5.318088170812057E-4	value != 0	_
com.google.javascript.rhino.Node#void#putProp#?,int,Object#846	5.266622778143515E-4	5.266622778143515E-4	5.252826778724671E-4	value != null	_
com.google.javascript.jscomp.parsing.Config#Map<String,Annotation>#buildAnnotationNames#?,Set<String>#95	5.250721974271463E-4	5.250721974271463E-4	5.250721974271463E-4	!(!Annotation.recognizedAnnotations.containsKey(unrecognizedAnnotation))	_
com.google.javascript.jscomp.AstValidator#void#validateRoot#?,Node#69	0.0010454783063251437	0.0	5.227391531625719E-4		_
com.google.javascript.jscomp.NodeUtil#Map<Node,Node>#mapMainToClone#?,Node,Node#3330	0.0010449320794148381	0.0	5.224660397074191E-4		_
com.google.javascript.rhino.Node$AbstractPropListItem#int#getType#?#281	5.19953204211621E-4	5.19953204211621E-4	5.19953204211621E-4	(propType)> 0	_
com.google.javascript.rhino.Node$AbstractPropListItem#?#AbstractPropListItem#?,int,PropListItem#275	5.19547993245876E-4	5.19547993245876E-4	5.19547993245876E-4	this.propType <= propType	_
com.google.javascript.rhino.Node#boolean#isEquivalentTo#?,Node#1492	0.0010269576379974327	0.0	5.134788189987163E-4		_
com.google.javascript.rhino.Node#?#Node#?,int#359	5.100089251561902E-4	5.100089251561902E-4	5.100089251561902E-4	type <= nodeType	_
com.google.javascript.rhino.jstype.UnknownType#?#UnknownType#?,JSTypeRegistry,boolean#57	0.0010052777079668257	0.0	5.026388539834129E-4		_
com.google.javascript.rhino.jstype.BooleanType#?#BooleanType#?,JSTypeRegistry#53	0.0010052777079668257	0.0	5.026388539834129E-4		_
com.google.javascript.rhino.jstype.NumberType#?#NumberType#?,JSTypeRegistry#53	0.0010052777079668257	0.0	5.026388539834129E-4		_
com.google.javascript.rhino.jstype.JSTypeRegistry#void#resetForTypeCheck#?#238	0.0010052777079668257	0.0	5.026388539834129E-4		_
com.google.javascript.rhino.jstype.StringType#?#StringType#?,JSTypeRegistry#53	0.0010052777079668257	0.0	5.026388539834129E-4		_
com.google.javascript.rhino.jstype.JSTypeRegistry#void#initializeBuiltInTypes#?#481	0.0010052777079668257	0.0	5.026388539834129E-4		_
com.google.javascript.rhino.jstype.FunctionType#void#setInstanceType#?,ObjectType#1088	0.0010052777079668257	0.0	5.026388539834129E-4		_
com.google.javascript.rhino.jstype.NullType#?#NullType#?,JSTypeRegistry#54	0.0010052777079668257	0.0	5.026388539834129E-4		_
com.google.javascript.rhino.jstype.VoidType#?#VoidType#?,JSTypeRegistry#54	0.0010052777079668257	0.0	5.026388539834129E-4		_
com.google.javascript.rhino.jstype.JSTypeRegistry#ArrowType#createArrowType#?,Node#1088	0.0010052777079668257	0.0	5.026388539834129E-4		_
com.google.javascript.rhino.jstype.JSTypeRegistry#void#registerNativeType#?,JSTypeNative,JSType#615	0.0010052777079668257	0.0	5.026388539834129E-4		_
com.google.javascript.rhino.jstype.JSTypeRegistry#?#JSTypeRegistry#?,ErrorReporter,boolean#199	0.0010052777079668257	0.0	5.026388539834129E-4		_
com.google.javascript.rhino.jstype.NoResolvedType#?#NoResolvedType#?,JSTypeRegistry#59	0.0010052777079668257	0.0	5.026388539834129E-4		_
com.google.javascript.rhino.jstype.NoType#?#NoType#?,JSTypeRegistry#65	0.0010052777079668257	0.0	5.026388539834129E-4		_
com.google.javascript.rhino.jstype.FunctionType#ArrowType#getInternalArrowType#?#333	0.0010052777079668257	0.0	5.026388539834129E-4		_
com.google.javascript.rhino.jstype.AllType#?#AllType#?,JSTypeRegistry#53	0.0010052777079668257	0.0	5.026388539834129E-4		_
com.google.javascript.rhino.jstype.ValueType#?#ValueType#?,JSTypeRegistry#49	0.0010052777079668257	0.0	5.026388539834129E-4		_
com.google.javascript.rhino.jstype.JSTypeRegistry#FunctionType#createNativeFunctionType#?,JSType,Node#1351	0.0010052777079668257	0.0	5.026388539834129E-4		_
com.google.javascript.rhino.jstype.JSTypeRegistry#FunctionType#createNativeFunctionTypeWithVarArgs#?,JSType,JSType#1148	0.0010052777079668257	0.0	5.026388539834129E-4		_
com.google.javascript.rhino.jstype.FunctionBuilder#FunctionBuilder#forNativeType#?#143	0.0010052777079668257	0.0	5.026388539834129E-4		_
com.google.javascript.rhino.jstype.JSTypeRegistry#void#register#?,JSType#598	0.0010052777079668257	0.0	5.026388539834129E-4		_
com.google.javascript.rhino.jstype.JSTypeRegistry#void#initializeRegistry#?#575	0.0010052777079668257	0.0	5.026388539834129E-4		_
com.google.javascript.rhino.jstype.NoObjectType#?#NoObjectType#?,JSTypeRegistry#70	0.0010052777079668257	0.0	5.026388539834129E-4		_
com.google.javascript.rhino.jstype.ErrorFunctionType#?#ErrorFunctionType#?,JSTypeRegistry,String#73	0.0010052777079668257	0.0	5.026388539834129E-4		_
com.google.javascript.jscomp.RecentChange#void#reset#?#36	0.001004772670183371	0.0	5.023863350916855E-4		_
com.google.javascript.rhino.jstype.JSTypeRegistry#Node#createOptionalParameters#?,JSType#1263	0.0010045203415369162	0.0	5.022601707684581E-4		_
com.google.javascript.rhino.jstype.JSTypeRegistry#FunctionType#createFunctionTypeWithVarArgs#?,JSType,JSType#1135	0.0010042681395932714	0.0	5.021340697966357E-4		_
com.google.javascript.rhino.jstype.JSTypeRegistry#FunctionType#createFunctionType#?,JSType,Node#1343	0.00100150225338007	0.0	5.00751126690035E-4		_
com.google.javascript.jscomp.AstValidator#void#validateName#?,Node#340	9.982530571499876E-4	0.0	4.991265285749938E-4		_
com.google.javascript.rhino.Node#Node#cloneNode#?#1703	9.950248756218905E-4	0.0	4.975124378109452E-4		_
com.google.javascript.rhino.jstype.JSTypeRegistry#Node#createParametersWithVarArgs#?,JSType#1255	9.923096005953857E-4	0.0	4.961548002976929E-4		_
com.google.javascript.jscomp.GoogleCodingConvention#?#GoogleCodingConvention#?#44	9.7442143727162E-4	0.0	4.8721071863581E-4		_
com.google.javascript.jscomp.GoogleCodingConvention#?#GoogleCodingConvention#?,CodingConvention#49	9.7442143727162E-4	0.0	4.8721071863581E-4		_
com.google.javascript.rhino.jstype.ObjectType#?#ObjectType#?,JSTypeRegistry#88	9.718172983479105E-4	0.0	4.8590864917395527E-4		_
com.google.javascript.jscomp.CompilerOptions#void#setLanguageIn#?,LanguageMode#1562	9.694619486185168E-4	0.0	4.847309743092584E-4		_
com.google.javascript.jscomp.AstValidator#?#AstValidator#?#49	9.626955475330926E-4	0.0	4.813477737665463E-4		_
com.google.javascript.rhino.jstype.BooleanType#String#getDisplayName#?#108	9.576250897773521E-4	0.0	4.7881254488867607E-4		_
com.google.javascript.rhino.jstype.BooleanType#String#toStringHelper#?,boolean#103	9.576250897773521E-4	0.0	4.7881254488867607E-4		_
com.google.javascript.rhino.jstype.FunctionType#void#setPrototypeBasedOn#?,ObjectType#396	9.567089213106913E-4	0.0	4.7835446065534564E-4		_
com.google.javascript.rhino.jstype.NullType#String#getDisplayName#?#109	9.530617107457708E-4	0.0	4.765308553728854E-4		_
com.google.javascript.rhino.jstype.NullType#String#toStringHelper#?,boolean#104	9.530617107457708E-4	0.0	4.765308553728854E-4		_
com.google.javascript.jscomp.CompilerOptions#void#setCodingConvention#?,CodingConvention#1461	9.528346831824678E-4	0.0	4.764173415912339E-4		_
com.google.javascript.rhino.jstype.VoidType#String#getDisplayName#?#101	9.47193937958797E-4	0.0	4.735969689793985E-4		_
com.google.javascript.rhino.jstype.FunctionBuilder#FunctionBuilder#withReturnType#?,JSType#98	9.47193937958797E-4	0.0	4.735969689793985E-4		_
com.google.javascript.rhino.jstype.VoidType#String#toStringHelper#?,boolean#96	9.47193937958797E-4	0.0	4.735969689793985E-4		_
com.google.javascript.rhino.Node$StringNode#boolean#isEquivalentTo#?,Node,boolean,boolean,boolean#232	9.47193937958797E-4	0.0	4.735969689793985E-4		_
com.google.javascript.jscomp.CompilerOptions#boolean#isExternExportsEnabled#?#1529	9.254974548819991E-4	0.0	4.6274872744099955E-4		_
com.google.javascript.jscomp.Compiler#boolean#hasErrors#?#2203	9.132420091324201E-4	0.0	4.5662100456621003E-4		_
com.google.javascript.jscomp.DependencyOptions#boolean#needsManagement#?#122	9.132420091324201E-4	0.0	4.5662100456621003E-4		_
com.google.javascript.jscomp.CompilerOptions$TracerMode#boolean#isOn#?#2250	9.132420091324201E-4	0.0	4.5662100456621003E-4		_
com.google.javascript.rhino.IR#Node#block#?,Node#108	9.130335539831089E-4	0.0	4.5651677699155445E-4		_
com.google.javascript.rhino.IR#boolean#mayBeStatementNoReturn#?,Node#527	9.128251939753537E-4	0.0	4.5641259698767686E-4		_
com.google.javascript.jscomp.Tracer$ThreadTrace#boolean#isInitialized#?#746	9.107468123861566E-4	0.0	4.553734061930783E-4		_
com.google.javascript.jscomp.Compiler#boolean#hasHaltingErrors#?#2190	9.107468123861566E-4	0.0	4.553734061930783E-4		_
com.google.javascript.jscomp.RecentChange#boolean#hasCodeChanged#?#32	9.107468123861566E-4	0.0	4.553734061930783E-4		_
com.google.javascript.rhino.jstype.StringType#String#getDisplayName#?#97	8.896797153024911E-4	0.0	4.4483985765124553E-4		_
com.google.javascript.rhino.jstype.StringType#String#toStringHelper#?,boolean#92	8.896797153024911E-4	0.0	4.4483985765124553E-4		_
com.google.javascript.jscomp.parsing.IRFactory#Node#newNode#?,int,Node#1532	8.665511265164644E-4	0.0	4.332755632582322E-4		_
com.google.javascript.jscomp.NodeUtil#boolean#isStatementParent#?,Node#1796	8.574490889603429E-4	0.0	4.2872454448017146E-4		_
com.google.javascript.rhino.jstype.NumberType#String#getDisplayName#?#102	8.43348091924942E-4	0.0	4.21674045962471E-4		_
com.google.javascript.rhino.jstype.NumberType#String#toStringHelper#?,boolean#97	8.43348091924942E-4	0.0	4.21674045962471E-4		_
com.google.javascript.jscomp.LoggerErrorManager#?#LoggerErrorManager#?,MessageFormatter,Logger#37	8.368200836820083E-4	0.0	4.1841004184100416E-4		_
com.google.javascript.jscomp.Compiler#?#Compiler#?#240	8.3629521220991E-4	0.0	4.18147606104955E-4		_
com.google.javascript.jscomp.CompilerOptions#?#CompilerOptions#?#1004	8.218615163344976E-4	0.0	4.109307581672488E-4		_
com.google.javascript.jscomp.ComposeWarningsGuard#?#ComposeWarningsGuard#?,WarningsGuard#83	8.218615163344976E-4	0.0	4.109307581672488E-4		_
com.google.javascript.rhino.Node#boolean#isGetElem#?#2315	8.184980560671168E-4	0.0	4.092490280335584E-4		_
com.google.javascript.jscomp.Compiler#MessageFormatter#createMessageFormatter#?#275	8.174943797261394E-4	0.0	4.087471898630697E-4		_
com.google.javascript.jscomp.AbstractMessageFormatter#void#setColorize#?,boolean#36	8.174943797261394E-4	0.0	4.087471898630697E-4		_
com.google.javascript.jscomp.CompilerOptions#boolean#shouldColorizeErrorOutput#?#1416	8.174943797261394E-4	0.0	4.087471898630697E-4		_
com.google.javascript.jscomp.Compiler#void#setErrorManager#?,ErrorManager#265	8.171603677221655E-4	0.0	4.0858018386108274E-4		_
com.google.javascript.jscomp.AbstractMessageFormatter#?#AbstractMessageFormatter#?,SourceExcerptProvider#32	8.168266285480906E-4	0.0	4.084133142740453E-4		_
com.google.javascript.jscomp.LightweightMessageFormatter#?#LightweightMessageFormatter#?,SourceExcerptProvider,SourceExcerpt#50	8.168266285480906E-4	0.0	4.084133142740453E-4		_
com.google.javascript.jscomp.LightweightMessageFormatter#?#LightweightMessageFormatter#?,SourceExcerptProvider#44	8.168266285480906E-4	0.0	4.084133142740453E-4		_
com.google.javascript.jscomp.RhinoErrorReporter#ErrorReporter#forOldRhino#?,AbstractCompiler#132	8.166598611678236E-4	0.0	4.083299305839118E-4		_
com.google.javascript.jscomp.RhinoErrorReporter#?#RhinoErrorReporter#?,AbstractCompiler#86	8.166598611678236E-4	0.0	4.083299305839118E-4		_
com.google.javascript.jscomp.Compiler#?#Compiler#?,PrintStream#247	8.166598611678236E-4	0.0	4.083299305839118E-4		_
com.google.javascript.jscomp.RhinoErrorReporter$OldRhinoErrorReporter#?#OldRhinoErrorReporter#?,AbstractCompiler#175	8.166598611678236E-4	0.0	4.083299305839118E-4		_
com.google.javascript.jscomp.RhinoErrorReporter$NewRhinoErrorReporter#?#NewRhinoErrorReporter#?,AbstractCompiler#195	8.166598611678236E-4	0.0	4.083299305839118E-4		_
com.google.javascript.jscomp.RhinoErrorReporter#com.google.javascript.rhino.head.ErrorReporter#forNewRhino#?,AbstractCompiler#128	8.166598611678236E-4	0.0	4.083299305839118E-4		_
com.google.javascript.jscomp.RhinoErrorReporter#Pattern#replacePlaceHolders#?,String#81	8.166598611678236E-4	0.0	4.083299305839118E-4		_
com.google.javascript.jscomp.Scope#?#Scope#?,Scope,Node#393	8.156606851549756E-4	0.0	4.078303425774878E-4		_
com.google.javascript.jscomp.Compiler#void#addChangeHandler#?,CodeChangeHandler#1998	8.149959250203749E-4	0.0	4.0749796251018743E-4		_
com.google.javascript.jscomp.PassFactory#?#PassFactory#?,String,boolean#39	8.143322475570033E-4	0.0	4.0716612377850165E-4		_
com.google.javascript.rhino.Node#boolean#isCast#?#2255	8.103727714748784E-4	0.0	4.051863857374392E-4		_
com.google.javascript.jscomp.ClosureCodingConvention#?#ClosureCodingConvention#?,CodingConvention#54	8.092251669026907E-4	0.0	4.0461258345134534E-4		_
com.google.javascript.jscomp.ClosureCodingConvention#?#ClosureCodingConvention#?#50	8.092251669026907E-4	0.0	4.0461258345134534E-4		_
com.google.javascript.jscomp.CodingConventions$Proxy#?#Proxy#?,CodingConvention#60	8.092251669026907E-4	0.0	4.0461258345134534E-4		_
com.google.javascript.jscomp.CodingConventions$DefaultCodingConvention#Collection<String>#getIndirectlyDeclaredProperties#?#467	8.092251669026907E-4	0.0	4.0461258345134534E-4		_
com.google.javascript.jscomp.CodingConventions#CodingConvention#getDefault#?#42	8.087343307723412E-4	0.0	4.043671653861706E-4		_
com.google.javascript.rhino.SimpleErrorReporter#String#getMessage0#?,String#109	7.919223916056226E-4	0.0	3.959611958028113E-4		_
com.google.javascript.rhino.SimpleErrorReporter#String#getMessage#?,String,Object[]#139	7.905138339920949E-4	0.0	3.952569169960474E-4		_
com.google.javascript.jscomp.NodeUtil#boolean#isObjectLitKey#?,Node#2105	7.789678675754625E-4	0.0	3.8948393378773126E-4		_
com.google.javascript.rhino.jstype.JSTypeRegistry#JSType#createNullableType#?,JSType#1026	7.780587434351293E-4	0.0	3.8902937171756465E-4		_
com.google.javascript.jscomp.Scope#Node#getRootNode#?#433	7.757951900698216E-4	0.0	3.878975950349108E-4		_
com.google.javascript.rhino.Node#boolean#isParamList#?#2383	7.607455306200076E-4	0.0	3.803727653100038E-4		_
com.google.javascript.rhino.jstype.JSType#String#toString#?#1411	7.517383950385266E-4	0.0	3.758691975192633E-4		_
com.google.javascript.rhino.Node#boolean#isExprResult#?#2295	7.49063670411985E-4	0.0	3.745318352059925E-4		_
com.google.javascript.jscomp.Scope#Var#declare#?,String,Node,JSType,CompilerInput#480	7.404664938911515E-4	0.0	3.7023324694557573E-4		_
com.google.javascript.jscomp.NodeTraversal#boolean#inGlobalScope#?#672	7.395082270290257E-4	0.0	3.6975411351451286E-4		_
com.google.javascript.jscomp.Scope#boolean#isLocal#?#610	7.311277645768598E-4	0.0	3.655638822884299E-4		_
com.google.javascript.jscomp.Scope#Scope#getParent#?#437	7.194244604316547E-4	0.0	3.5971223021582735E-4		_
com.google.javascript.jscomp.NodeUtil#boolean#isGet#?,Node#1582	7.167174341515857E-4	0.0	3.5835871707579287E-4		_
com.google.javascript.jscomp.Scope#Var#declare#?,String,Node,JSType,CompilerInput,boolean#498	7.163323782234957E-4	0.0	3.5816618911174784E-4		_
com.google.javascript.jscomp.Compiler#CompilerInput#getInput#?,InputId#1064	7.041013906002464E-4	0.0	3.520506953001232E-4		_
com.google.javascript.jscomp.Scope#Scope#createGlobalScope#?,Node#410	7.032348804500703E-4	0.0	3.5161744022503517E-4		_
com.google.javascript.jscomp.Scope#?#Scope#?,Node,boolean#406	7.032348804500703E-4	0.0	3.5161744022503517E-4		_
com.google.javascript.rhino.Node#boolean#hasMoreThanOneChild#?#1403	6.983240223463687E-4	0.0	3.4916201117318437E-4		_
com.google.javascript.jscomp.NodeUtil#boolean#isFunctionExpression#?,Node#1975	6.903693476009665E-4	0.0	3.4518467380048324E-4		_
com.google.javascript.rhino.Node#boolean#isAssign#?#2231	6.890611541774332E-4	0.0	3.445305770887166E-4		_
com.google.javascript.jscomp.NodeUtil#boolean#isStatementBlock#?,Node#1775	6.852835360630461E-4	0.0	3.4264176803152307E-4		_
com.google.javascript.rhino.jstype.ObjectType#boolean#defineDeclaredProperty#?,String,JSType,Node#292	6.843455945252353E-4	0.0	3.4217279726261765E-4		_
com.google.javascript.rhino.jstype.PrototypeObjectType#FunctionType#getConstructor#?#281	6.837606837606838E-4	0.0	3.418803418803419E-4		_
com.google.javascript.rhino.jstype.ObjectType#boolean#hasOwnDeclaredProperty#?,String#477	6.831767719897524E-4	0.0	3.415883859948762E-4		_
com.google.javascript.jscomp.parsing.IRFactory$TransformDispatcher#Node#processBlock#?,Block#657	6.82710360129715E-4	0.0	3.413551800648575E-4		_
com.google.javascript.rhino.Node#void#setVarArgs#?,boolean#1908	6.825938566552901E-4	0.0	3.4129692832764505E-4		_
com.google.javascript.rhino.jstype.ObjectType#boolean#hasOwnProperty#?,String#445	6.822445846836091E-4	0.0	3.4112229234180454E-4		_
com.google.javascript.rhino.jstype.PropertyMap#Property#getOwnProperty#?,String#148	6.821282401091405E-4	0.0	3.4106412005457026E-4		_
com.google.javascript.rhino.jstype.ObjectType#Property#getOwnSlot#?,String#121	6.821282401091405E-4	0.0	3.4106412005457026E-4		_
com.google.javascript.rhino.jstype.TemplateType#?#TemplateType#?,JSTypeRegistry,String#55	6.817794443497528E-4	0.0	3.408897221748764E-4		_
com.google.javascript.rhino.Node#void#setOptionalArg#?,boolean#1926	6.815471119441132E-4	0.0	3.407735559720566E-4		_
com.google.javascript.rhino.Node#boolean#isString#?#2403	6.802721088435374E-4	0.0	3.401360544217687E-4		_
com.google.javascript.rhino.jstype.JSTypeRegistry#ArrowType#createArrowType#?,Node,JSType#1078	6.79925208227095E-4	0.0	3.399626041135475E-4		_
com.google.javascript.rhino.jstype.AllType#boolean#isAllType#?#58	6.792324673119375E-4	0.0	3.3961623365596876E-4		_
com.google.javascript.rhino.jstype.ArrowType#?#ArrowType#?,JSTypeRegistry,Node,JSType#64	6.781959986436081E-4	0.0	3.3909799932180403E-4		_
com.google.javascript.rhino.jstype.InstanceObjectType#?#InstanceObjectType#?,JSTypeRegistry,FunctionType,boolean#60	6.780810306831666E-4	0.0	3.390405153415833E-4		_
com.google.javascript.jscomp.NodeUtil#boolean#isStatement#?,Node#1782	6.780810306831666E-4	0.0	3.390405153415833E-4		_
com.google.javascript.rhino.jstype.FunctionParamBuilder#boolean#hasVarArgs#?#153	6.777363605557439E-4	0.0	3.3886818027787193E-4		_
com.google.javascript.rhino.jstype.PrototypeObjectType#PropertyMap#getPropertyMap#?#131	6.771626883358727E-4	0.0	3.3858134416793635E-4		_
com.google.javascript.rhino.jstype.TemplateTypeMap#?#TemplateTypeMap#?,JSTypeRegistry,ImmutableList<TemplateType>,ImmutableList<JSType>#72	6.767044493317544E-4	0.0	3.383522246658772E-4		_
com.google.javascript.rhino.jstype.TemplateTypeMapReplacer#?#TemplateTypeMapReplacer#?,JSTypeRegistry,TemplateTypeMap#64	6.767044493317544E-4	0.0	3.383522246658772E-4		_
com.google.javascript.rhino.jstype.JSTypeRegistry#void#register#?,JSType,String#605	6.763611768684477E-4	0.0	3.3818058843422386E-4		_
com.google.javascript.rhino.Node#boolean#isCall#?#2247	6.757898293630681E-4	0.0	3.3789491468153406E-4		_
com.google.javascript.rhino.jstype.ModificationVisitor#?#ModificationVisitor#?,JSTypeRegistry#59	6.754474839581223E-4	0.0	3.3772374197906115E-4		_
com.google.javascript.jscomp.parsing.IRFactory#Node#newNode#?,int,Node,Node#1536	6.738544474393531E-4	0.0	3.3692722371967657E-4		_
com.google.javascript.rhino.jstype.FunctionParamBuilder#boolean#hasOptionalOrVarArgs#?#147	6.736274840013472E-4	0.0	3.368137420006736E-4		_
com.google.javascript.rhino.jstype.ProxyObjectType#?#ProxyObjectType#?,JSTypeRegistry,JSType#63	6.71591672263264E-4	0.0	3.35795836131632E-4		_
com.google.javascript.rhino.jstype.FunctionParamBuilder#Node#newParameter#?,JSType#135	6.701289998324678E-4	0.0	3.350644999162339E-4		_
com.google.javascript.rhino.jstype.PrototypeObjectType#?#PrototypeObjectType#?,JSTypeRegistry,String,ObjectType#105	6.697923643670462E-4	0.0	3.348961821835231E-4		_
com.google.javascript.rhino.Node#boolean#hasChildren#?#534	6.676681689200467E-4	0.0	3.3383408446002337E-4		_
com.google.javascript.rhino.jstype.ProxyObjectType#?#ProxyObjectType#?,JSTypeRegistry,JSType,TemplateTypeMap#68	6.670001667500417E-4	0.0	3.3350008337502084E-4		_
com.google.javascript.rhino.jstype.InstanceObjectType#boolean#isNominalType#?#153	6.619228859837829E-4	0.0	3.3096144299189144E-4		_
com.google.javascript.rhino.jstype.FunctionBuilder#FunctionBuilder#withParamsNode#?,Node#91	6.596306068601583E-4	0.0	3.2981530343007914E-4		_
com.google.javascript.rhino.jstype.NoType#boolean#isNoType#?#75	6.591957811470006E-4	0.0	3.295978905735003E-4		_
com.google.javascript.rhino.jstype.FunctionBuilder#?#FunctionBuilder#?,JSTypeRegistry#66	6.559527714004591E-4	0.0	3.2797638570022957E-4		_
com.google.javascript.rhino.jstype.FunctionBuilder#FunctionType#build#?#161	6.559527714004591E-4	0.0	3.2797638570022957E-4		_
com.google.javascript.rhino.jstype.InstanceObjectType#Iterable<ObjectType>#getCtorExtendedInterfaces#?#176	6.55307994757536E-4	0.0	3.27653997378768E-4		_
com.google.javascript.rhino.jstype.JSType#JSType#getNativeType#?,JSTypeNative#122	6.528480496164518E-4	0.0	3.264240248082259E-4		_
com.google.javascript.rhino.jstype.FunctionParamBuilder#Node#build#?#142	6.519967400162999E-4	0.0	3.2599837000814997E-4		_
com.google.javascript.rhino.jstype.FunctionParamBuilder#?#FunctionParamBuilder#?,JSTypeRegistry#55	6.519967400162999E-4	0.0	3.2599837000814997E-4		_
com.google.javascript.rhino.jstype.FunctionType#Iterable<ObjectType>#getExtendedInterfaces#?#580	6.512536633018561E-4	0.0	3.2562683165092806E-4		_
com.google.javascript.rhino.jstype.FunctionType#boolean#hasCachedValues#?#1172	6.509357200976403E-4	0.0	3.2546786004882016E-4		_
com.google.javascript.rhino.jstype.ArrowType#?#ArrowType#?,JSTypeRegistry,Node,JSType,boolean#76	6.509357200976403E-4	0.0	3.2546786004882016E-4		_
com.google.javascript.rhino.jstype.PrototypeObjectType#void#setOwnerFunction#?,FunctionType#390	6.509357200976403E-4	0.0	3.2546786004882016E-4		_
com.google.javascript.rhino.jstype.PrototypeObjectType#Iterable<ObjectType>#getCtorExtendedInterfaces#?#407	6.49456080532554E-4	0.0	3.24728040266277E-4		_
com.google.javascript.rhino.jstype.ObjectType#boolean#isFunctionPrototypeType#?#610	6.493506493506494E-4	0.0	3.246753246753247E-4		_
com.google.javascript.rhino.jstype.PrototypeObjectType#FunctionType#getOwnerFunction#?#395	6.493506493506494E-4	0.0	3.246753246753247E-4		_
com.google.javascript.rhino.jstype.FunctionType#boolean#hasInstanceType#?#1095	6.479831524380366E-4	0.0	3.239915762190183E-4		_
com.google.javascript.rhino.jstype.FunctionType#ObjectType#getInstanceType#?#1079	6.479831524380366E-4	0.0	3.239915762190183E-4		_
com.google.javascript.rhino.Node#boolean#hasOneChild#?#1393	6.475635421725757E-4	0.0	3.2378177108628785E-4		_
com.google.javascript.rhino.jstype.JSType#boolean#isEmptyType#?#176	6.462035541195477E-4	0.0	3.2310177705977385E-4		_
com.google.javascript.rhino.jstype.Property#?#Property#?,String,JSType,boolean,Node#84	6.462035541195477E-4	0.0	3.2310177705977385E-4		_
com.google.javascript.rhino.jstype.FunctionType#FunctionType#toMaybeFunctionType#?#257	6.462035541195477E-4	0.0	3.2310177705977385E-4		_
com.google.javascript.rhino.jstype.TemplateTypeMap#JSType#getResolvedTemplateType#?,TemplateType#179	6.460991762235503E-4	0.0	3.2304958811177516E-4		_
com.google.javascript.rhino.jstype.InstanceObjectType#boolean#hasReferenceName#?#72	6.459948320413437E-4	0.0	3.2299741602067185E-4		_
com.google.javascript.jscomp.Compiler#void#init#?,List<T1>,List<T2>,CompilerOptions#373	6.45682001614205E-4	0.0	3.228410008071025E-4		_
com.google.javascript.jscomp.Compiler#List<CompilerInput>#makeCompilerInput#?,List<T>,boolean#442	6.448492664839593E-4	0.0	3.2242463324197966E-4		_
com.google.javascript.rhino.jstype.JSType#boolean#isNoObjectType#?#172	6.445375443119562E-4	0.0	3.222687721559781E-4		_
com.google.javascript.rhino.jstype.TemplateTypeMap#boolean#failedEquivalenceCheck#?,EquivalenceMatch,EquivalenceMethod#252	6.442261233693026E-4	0.0	3.221130616846513E-4		_
com.google.javascript.jscomp.BasicErrorManager#JSError[]#getWarnings#?#90	6.442261233693026E-4	0.0	3.221130616846513E-4		_
com.google.javascript.jscomp.Compiler#JSError[]#getWarnings#?#1009	6.442261233693026E-4	0.0	3.221130616846513E-4		_
com.google.javascript.rhino.jstype.FunctionType#boolean#isConstructor#?#194	6.435006435006435E-4	0.0	3.2175032175032174E-4		_
com.google.javascript.rhino.jstype.PrototypeObjectType#void#setPrettyPrint#?,boolean#272	6.431902235086027E-4	0.0	3.2159511175430133E-4		_
com.google.javascript.rhino.jstype.JSTypeRegistry#FunctionType#getNativeFunctionType#?,JSTypeNative#912	6.4246707356248E-4	0.0	3.2123353678124E-4		_
com.google.javascript.jscomp.Compiler#List<CompilerInput>#getAllInputsFromModules#?,List<JSModule>#508	6.421576497030021E-4	0.0	3.2107882485150104E-4		_
com.google.javascript.jscomp.JSModule#?#JSModule#?,String#64	6.420545746388443E-4	0.0	3.2102728731942215E-4		_
com.google.javascript.jscomp.JSModule#void#add#?,SourceFile#94	6.417455478902615E-4	0.0	3.2087277394513073E-4		_
com.google.javascript.jscomp.CompilerInput#void#setModule#?,JSModule#327	6.415396952686447E-4	0.0	3.2076984763432237E-4		_
com.google.javascript.jscomp.JSModule#void#add#?,CompilerInput#104	6.415396952686447E-4	0.0	3.2076984763432237E-4		_
com.google.javascript.jscomp.JSModule#List<CompilerInput>#getInputs#?#205	6.41333974667308E-4	0.0	3.20666987333654E-4		_
com.google.javascript.jscomp.CompilerInput#String#getName#?#101	6.406149903907751E-4	0.0	3.2030749519538755E-4		_
com.google.javascript.rhino.jstype.InstanceObjectType#ObjectType#getImplicitPrototype#?#77	6.398976163813789E-4	0.0	3.1994880819068947E-4		_
com.google.javascript.rhino.jstype.PropertyMap#?#PropertyMap#?,Map<String,Property>#84	6.39488409272582E-4	0.0	3.19744204636291E-4		_
com.google.javascript.rhino.jstype.ObjectType#boolean#hasCachedValues#?#585	6.39488409272582E-4	0.0	3.19744204636291E-4		_
com.google.javascript.rhino.jstype.PropertyMap#?#PropertyMap#?#80	6.39488409272582E-4	0.0	3.19744204636291E-4		_
com.google.javascript.rhino.jstype.PrototypeObjectType#void#setImplicitPrototype#?,ObjectType#297	6.39488409272582E-4	0.0	3.19744204636291E-4		_
com.google.javascript.rhino.jstype.PrototypeObjectType#boolean#hasCachedValues#?#378	6.39488409272582E-4	0.0	3.19744204636291E-4		_
com.google.javascript.rhino.jstype.PrototypeObjectType#boolean#isNativeObjectType#?#384	6.390797251957181E-4	0.0	3.1953986259785906E-4		_
com.google.javascript.rhino.InputId#String#getIdName#?#56	6.385696040868455E-4	0.0	3.1928480204342275E-4		_
com.google.javascript.rhino.jstype.PrototypeObjectType#boolean#hasReferenceName#?#313	6.38060296698038E-4	0.0	3.19030148349019E-4		_
com.google.javascript.rhino.jstype.JSTypeRegistry#JSType#createUnionType#?,JSType#1044	6.372470925601402E-4	0.0	3.186235462800701E-4		_
com.google.javascript.rhino.jstype.InstanceObjectType#String#getReferenceName#?#67	6.367398917542184E-4	0.0	3.183699458771092E-4		_
com.google.javascript.rhino.Node#boolean#isGetProp#?#2319	6.367398917542184E-4	0.0	3.183699458771092E-4		_
com.google.javascript.rhino.jstype.JSTypeRegistry#ObjectType#getNativeObjectType#?,JSTypeNative#908	6.353240152477764E-4	0.0	3.176620076238882E-4		_
com.google.javascript.rhino.jstype.FunctionType#boolean#isInterface#?#199	6.346184356655561E-4	0.0	3.1730921783277807E-4		_
com.google.javascript.rhino.jstype.Property#JSType#getType#?#114	6.333122229259025E-4	0.0	3.1665611146295124E-4		_
com.google.javascript.rhino.IR#Node#block#?#93	6.331117442228553E-4	0.0	3.1655587211142766E-4		_
com.google.javascript.rhino.jstype.PrototypeObjectType#ObjectType#getImplicitPrototype#?#286	6.324110671936759E-4	0.0	3.1620553359683795E-4		_
com.google.javascript.rhino.jstype.InstanceObjectType#FunctionType#getConstructor#?#82	6.323110970597534E-4	0.0	3.161555485298767E-4		_
com.google.javascript.rhino.jstype.ObjectType#?#ObjectType#?,JSTypeRegistry,TemplateTypeMap#92	6.32211158526948E-4	0.0	3.16105579263474E-4		_
com.google.javascript.rhino.jstype.UnionTypeBuilder#Collection<JSType>#getAlternateListCopy#?#327	6.31911532385466E-4	0.0	3.15955766192733E-4		_
com.google.javascript.rhino.jstype.UnionType#?#UnionType#?,JSTypeRegistry,Collection<JSType>#82	6.31911532385466E-4	0.0	3.15955766192733E-4		_
com.google.javascript.rhino.jstype.JSType#boolean#isSubtype#?,JSType#1233	6.316121901152693E-4	0.0	3.1580609505763463E-4		_
com.google.javascript.rhino.jstype.JSType#boolean#hasAnyTemplateTypesInternal#?#449	6.306164275579379E-4	0.0	3.1530821377896896E-4		_
com.google.javascript.rhino.jstype.TemplateTypeMap#boolean#hasAnyTemplateTypesInternal#?#327	6.306164275579379E-4	0.0	3.1530821377896896E-4		_
com.google.javascript.rhino.jstype.JSTypeRegistry#TemplateType#getObjectElementKey#?#209	6.304176516942475E-4	0.0	3.1520882584712374E-4		_
com.google.javascript.rhino.jstype.UnknownType#boolean#isSubtype#?,JSType#103	6.299212598425197E-4	0.0	3.1496062992125983E-4		_
com.google.javascript.rhino.jstype.TemplateTypeMap#JSType#getTemplateType#?,TemplateType#150	6.29822075263738E-4	0.0	3.14911037631869E-4		_
com.google.javascript.jscomp.parsing.IRFactory$TransformDispatcher#Node#processExpressionStatement#?,ExpressionStatement#739	6.285355122564425E-4	0.0	3.1426775612822125E-4		_
com.google.javascript.rhino.Node#void#setJSType#?,JSType#1843	6.284367635506677E-4	0.0	3.1421838177533385E-4		_
com.google.javascript.rhino.jstype.UnionTypeBuilder#?#UnionTypeBuilder#?,JSTypeRegistry#100	6.28140703517588E-4	0.0	3.14070351758794E-4		_
com.google.javascript.rhino.jstype.JSType#boolean#isNominalType#?#488	6.278449223041908E-4	0.0	3.139224611520954E-4		_
com.google.javascript.rhino.jstype.JSType#boolean#isUnknownType#?#257	6.276478895339715E-4	0.0	3.1382394476698575E-4		_
com.google.javascript.rhino.jstype.JSType#boolean#isExemptFromTemplateTypeInvariance#?,JSType#1307	6.272541947624275E-4	0.0	3.1362709738121374E-4		_
com.google.javascript.rhino.jstype.JSType#TemplatizedType#toMaybeTemplatizedType#?#407	6.270575325286095E-4	0.0	3.1352876626430476E-4		_
com.google.javascript.rhino.jstype.JSType#boolean#isTemplatizedType#?#399	6.270575325286095E-4	0.0	3.1352876626430476E-4		_
com.google.javascript.rhino.jstype.JSType#?#JSType#?,JSTypeRegistry#108	6.263701847792045E-4	0.0	3.1318509238960227E-4		_
com.google.javascript.rhino.jstype.JSType#boolean#isTemplateType#?#418	6.261740763932373E-4	0.0	3.1308703819661864E-4		_
com.google.javascript.rhino.jstype.JSType#TemplateType#toMaybeTemplateType#?#426	6.261740763932373E-4	0.0	3.1308703819661864E-4		_
com.google.javascript.rhino.jstype.JSType#boolean#isNoResolvedType#?#168	6.25E-4	0.0	3.125E-4		_
com.google.javascript.rhino.jstype.TemplateTypeMap#ImmutableList<TemplateType>#getTemplateKeys#?#104	6.242197253433209E-4	0.0	3.1210986267166043E-4		_
com.google.javascript.rhino.jstype.JSType#RecordType#toMaybeRecordType#?#395	6.242197253433209E-4	0.0	3.1210986267166043E-4		_
com.google.javascript.rhino.jstype.JSType#boolean#isRecordType#?#387	6.240249609984399E-4	0.0	3.1201248049921997E-4		_
com.google.javascript.rhino.jstype.JSType#FunctionType#toMaybeFunctionType#?#350	6.224712107065049E-4	0.0	3.112356053532524E-4		_
com.google.javascript.rhino.jstype.JSType#TemplateTypeMap#getTemplateTypeMap#?#456	6.222775357809583E-4	0.0	3.1113876789047915E-4		_
com.google.javascript.rhino.jstype.JSType#ObjectType#toObjectType#?#776	6.221807435059885E-4	0.0	3.1109037175299425E-4		_
com.google.javascript.rhino.jstype.JSType#boolean#isAllType#?#253	6.220839813374805E-4	0.0	3.1104199066874026E-4		_
com.google.javascript.rhino.jstype.JSType#boolean#isNoType#?#164	6.21793875330328E-4	0.0	3.10896937665164E-4		_
com.google.javascript.rhino.jstype.JSType#boolean#isFunctionType#?#334	6.211180124223603E-4	0.0	3.1055900621118014E-4		_
com.google.javascript.rhino.jstype.JSType#UnionType#toMaybeUnionType#?#324	6.209251785159888E-4	0.0	3.104625892579944E-4		_
com.google.javascript.rhino.jstype.JSType#boolean#isUnionType#?#265	6.209251785159888E-4	0.0	3.104625892579944E-4		_
com.google.javascript.rhino.jstype.JSTypeRegistry#TemplateTypeMap#createTemplateTypeMap#?,ImmutableList<TemplateType>,ImmutableList<JSType>#1489	6.203473945409429E-4	0.0	3.1017369727047146E-4		_
com.google.javascript.rhino.jstype.JSType#?#JSType#?,JSTypeRegistry,TemplateTypeMap#114	6.203473945409429E-4	0.0	3.1017369727047146E-4		_
com.google.javascript.rhino.jstype.JSTypeRegistry#JSType#getNativeType#?,JSTypeNative#904	6.147226064238512E-4	0.0	3.073613032119256E-4		_
com.google.javascript.rhino.jstype.JSType#boolean#isEquivalentTo#?,JSType#543	6.138735420503376E-4	0.0	3.069367710251688E-4		_
com.google.javascript.jscomp.Compiler#JSError[]#getErrors#?#1002	6.124636349716736E-4	0.0	3.062318174858368E-4		_
com.google.javascript.jscomp.BasicErrorManager#JSError[]#getErrors#?#85	6.12369871402327E-4	0.0	3.061849357011635E-4		_
com.google.javascript.rhino.Node#boolean#isBlock#?#2239	6.025003765627354E-4	0.0	3.012501882813677E-4		_
com.google.javascript.rhino.Node#boolean#isVar#?#2435	6.016847172081829E-4	0.0	3.0084235860409147E-4		_
com.google.javascript.rhino.Node#boolean#getBooleanProp#?,int#821	5.969258319653783E-4	0.0	2.9846291598268916E-4		_
com.google.javascript.jscomp.CompilerOptions#void#addWarningsGuard#?,WarningsGuard#1221	5.955926146515784E-4	0.0	2.977963073257892E-4		_
com.google.javascript.jscomp.CompilerOptions#void#setWarningLevel#?,DiagnosticGroup,CheckLevel#1195	5.955926146515784E-4	0.0	2.977963073257892E-4		_
com.google.javascript.jscomp.CompilerOptions#WarningsGuard#getWarningsGuard#?#1199	5.932077710218003E-4	0.0	2.9660388551090017E-4		_
com.google.javascript.jscomp.ComposeWarningsGuard#void#addGuards#?,Iterable<WarningsGuard>#105	5.932077710218003E-4	0.0	2.9660388551090017E-4		_
com.google.javascript.jscomp.DiagnosticGroups#Map<String,DiagnosticGroup>#getRegisteredGroups#?#64	5.932077710218003E-4	0.0	2.9660388551090017E-4		_
com.google.javascript.jscomp.SuppressDocWarningsGuard#?#SuppressDocWarningsGuard#?,Map<String,DiagnosticGroup>#42	5.932077710218003E-4	0.0	2.9660388551090017E-4		_
com.google.javascript.jscomp.DiagnosticGroupWarningsGuard#?#DiagnosticGroupWarningsGuard#?,DiagnosticGroup,CheckLevel#32	5.930318754633062E-4	0.0	2.965159377316531E-4		_
com.google.javascript.jscomp.Compiler#DiagnosticGroups#getDiagnosticGroups#?#2130	5.930318754633062E-4	0.0	2.965159377316531E-4		_
com.google.javascript.rhino.Node#boolean#isName#?#2351	5.925925925925926E-4	0.0	2.962962962962963E-4		_
com.google.javascript.jscomp.ComposeWarningsGuard#?#ComposeWarningsGuard#?,List<WarningsGuard>#79	5.912786400591279E-4	0.0	2.9563932002956393E-4		_
com.google.javascript.jscomp.ComposeWarningsGuard$GuardComparator#?#GuardComparator#?,Map<WarningsGuard,Integer>#57	5.912786400591279E-4	0.0	2.9563932002956393E-4		_
com.google.javascript.jscomp.DiagnosticGroup#Iterable<DiagnosticType>#getTypes#?#129	5.805515239477503E-4	0.0	2.9027576197387516E-4		_
com.google.javascript.rhino.Node#Node#getParent#?#1323	5.795421616922632E-4	0.0	2.897710808461316E-4		_
com.google.javascript.rhino.Node#boolean#isFunction#?#2307	5.762028233938346E-4	0.0	2.881014116969173E-4		_
com.google.javascript.jscomp.Compiler#CompilerInput#putCompilerInput#?,InputId,CompilerInput#1099	5.744650294413328E-4	0.0	2.872325147206664E-4		_
com.google.javascript.jscomp.CompilerInput#InputId#getInputId#?#95	5.74300071787509E-4	0.0	2.871500358937545E-4		_
com.google.javascript.jscomp.SourceFile#void#setIsExtern#?,boolean#186	5.74052812858783E-4	0.0	2.870264064293915E-4		_
com.google.javascript.jscomp.CompilerInput#void#setCompiler#?,AbstractCompiler#148	5.74052812858783E-4	0.0	2.870264064293915E-4		_
com.google.javascript.jscomp.CompilerInput#?#CompilerInput#?,SourceFile,boolean#89	5.74052812858783E-4	0.0	2.870264064293915E-4		_
com.google.javascript.jscomp.CompilerInput#?#CompilerInput#?,SourceAst,boolean#66	5.74052812858783E-4	0.0	2.870264064293915E-4		_
com.google.javascript.jscomp.CompilerInput#?#CompilerInput#?,SourceFile#85	5.74052812858783E-4	0.0	2.870264064293915E-4		_
com.google.javascript.jscomp.JsAst#InputId#getInputId#?#72	5.74052812858783E-4	0.0	2.870264064293915E-4		_
com.google.javascript.jscomp.JsAst#SourceFile#getSourceFile#?#77	5.73641187437258E-4	0.0	2.86820593718629E-4		_
com.google.javascript.jscomp.DiagnosticGroup#boolean#matches#?,DiagnosticType#110	5.734767025089606E-4	0.0	2.867383512544803E-4		_
com.google.javascript.jscomp.DiagnosticType#boolean#equals#?,Object#113	5.733123118818977E-4	0.0	2.8665615594094884E-4		_
com.google.javascript.jscomp.PrepareAst#?#PrepareAst#?,AbstractCompiler,boolean#44	5.721642111285939E-4	0.0	2.8608210556429694E-4		_
com.google.javascript.rhino.Node#boolean#isObjectLit#?#2375	5.721642111285939E-4	0.0	2.8608210556429694E-4		_
com.google.javascript.jscomp.PrepareAst#?#PrepareAst#?,AbstractCompiler#40	5.721642111285939E-4	0.0	2.8608210556429694E-4		_
com.google.javascript.jscomp.Compiler#void#prepareAst#?,Node#1973	5.721642111285939E-4	0.0	2.8608210556429694E-4		_
com.google.javascript.rhino.Node$IntPropListItem#PropListItem#chain#?,PropListItem#354	5.720823798627002E-4	0.0	2.860411899313501E-4		_
com.google.javascript.jscomp.Compiler#boolean#acceptConstKeyword#?#2085	5.71183778380694E-4	0.0	2.85591889190347E-4		_
com.google.javascript.jscomp.NodeTraversal#String#getSourceName#?,Node#693	5.71183778380694E-4	0.0	2.85591889190347E-4		_
com.google.javascript.jscomp.Compiler#ErrorReporter#getDefaultErrorReporter#?#1621	5.71183778380694E-4	0.0	2.85591889190347E-4		_
com.google.javascript.jscomp.CompilerOptions#boolean#enables#?,DiagnosticGroup#1180	5.711022272986865E-4	0.0	2.8555111364934324E-4		_
com.google.javascript.jscomp.JsAst#?#JsAst#?,SourceFile#44	5.706948209444999E-4	0.0	2.8534741047224997E-4		_
com.google.javascript.rhino.Node#String#getSourceFileName#?#1103	5.704506560182544E-4	0.0	2.852253280091272E-4		_
com.google.javascript.jscomp.SourceFile#String#getCode#?#132	5.702879954376961E-4	0.0	2.8514399771884804E-4		_
com.google.javascript.jscomp.CompilerOptions#LanguageMode#getLanguageIn#?#1566	5.701254275940707E-4	0.0	2.8506271379703536E-4		_
com.google.javascript.jscomp.Compiler#boolean#isIdeMode#?#2064	5.701254275940707E-4	0.0	2.8506271379703536E-4		_
com.google.javascript.jscomp.NodeTraversal#boolean#hasScope#?#680	5.697194131890044E-4	0.0	2.848597065945022E-4		_
com.google.javascript.jscomp.NodeTraversal#void#traverse#?,Node#288	5.697194131890044E-4	0.0	2.848597065945022E-4		_
com.google.javascript.jscomp.NodeTraversal#void#traverse#?,AbstractCompiler,Node,Callback#494	5.697194131890044E-4	0.0	2.848597065945022E-4		_
com.google.javascript.rhino.Node#InputId#getInputId#?#1123	5.696382796923954E-4	0.0	2.848191398461977E-4		_
com.google.javascript.jscomp.NodeTraversal#?#NodeTraversal#?,AbstractCompiler,Callback#231	5.696382796923954E-4	0.0	2.848191398461977E-4		_
com.google.javascript.jscomp.SyntacticScopeCreator#?#SyntacticScopeCreator#?,AbstractCompiler#46	5.694760820045558E-4	0.0	2.847380410022779E-4		_
com.google.javascript.rhino.Node#boolean#isScript#?#2395	5.68262537292229E-4	0.0	2.841312686461145E-4		_
com.google.javascript.rhino.Node#Node#getLastChild#?#542	5.679397983813716E-4	0.0	2.839698991906858E-4		_
com.google.javascript.jscomp.SourceFile#String#getName#?#175	5.662514156285391E-4	0.0	2.8312570781426955E-4		_
com.google.javascript.jscomp.SourceFile#SourceFile#fromCode#?,String,String#323	5.660911406736484E-4	0.0	2.830455703368242E-4		_
com.google.javascript.jscomp.SourceFile#void#setCode#?,String#148	5.660911406736484E-4	0.0	2.830455703368242E-4		_
com.google.javascript.jscomp.SourceFile#void#setOriginalPath#?,String#156	5.660911406736484E-4	0.0	2.830455703368242E-4		_
com.google.javascript.jscomp.SourceFile#Builder#builder#?#355	5.660911406736484E-4	0.0	2.830455703368242E-4		_
com.google.javascript.jscomp.SourceFile$Preloaded#?#Preloaded#?,String,String,String#424	5.660911406736484E-4	0.0	2.830455703368242E-4		_
com.google.javascript.jscomp.SourceFile$Builder#SourceFile#buildFromCode#?,String,String#391	5.660911406736484E-4	0.0	2.830455703368242E-4		_
com.google.javascript.jscomp.parsing.IRFactory$TransformDispatcher#Node#processName#?,Name#930	5.644933672029354E-4	0.0	2.822466836014677E-4		_
com.google.javascript.jscomp.parsing.IRFactory#Node#newStringNode#?,int,String#1548	5.63856780377784E-4	0.0	2.81928390188892E-4		_
com.google.javascript.jscomp.parsing.ParserRunner$ParseResult#?#ParseResult#?,Node,AstRoot#157	5.61324726354196E-4	0.0	2.80662363177098E-4		_
com.google.javascript.rhino.Node#void#setIsSyntheticBlock#?,boolean#1943	5.61245966044619E-4	0.0	2.806229830223095E-4		_
com.google.javascript.jscomp.parsing.IRFactory$TransformDispatcher#Node#processAstRoot#?,AstRoot#612	5.59753708368318E-4	0.0	2.79876854184159E-4		_
com.google.javascript.jscomp.parsing.IRFactory#Node#justTransform#?,AstNode#545	5.588153115395362E-4	0.0	2.794076557697681E-4		_
com.google.javascript.jscomp.parsing.IRFactory#Node#createTemplateNode#?#195	5.588153115395362E-4	0.0	2.794076557697681E-4		_
com.google.javascript.jscomp.parsing.IRFactory#Node#newNode#?,int#1528	5.588153115395362E-4	0.0	2.794076557697681E-4		_
com.google.javascript.rhino.Node#FileLevelJsDocBuilder#getJsDocBuilderForNode#?#1847	5.584252408208851E-4	0.0	2.7921262041044257E-4		_
com.google.javascript.rhino.Node$StringNode#String#getString#?#214	5.570254839158892E-4	0.0	2.785127419579446E-4		_
com.google.javascript.rhino.Node#JSDocInfo#getJSDocInfo#?#1881	5.563282336578582E-4	0.0	2.781641168289291E-4		_
com.google.javascript.rhino.Node#void#putBooleanProp#?,int,boolean#852	5.555555555555556E-4	0.0	2.777777777777778E-4		_
com.google.javascript.rhino.Node#Node#getNext#?#546	5.509641873278236E-4	0.0	2.754820936639118E-4		_
com.google.javascript.rhino.Node#Node#newString#?,int,String#514	5.480202767502398E-4	0.0	2.740101383751199E-4		_
com.google.javascript.rhino.Node#void#setInputId#?,InputId#1116	5.389382915656157E-4	0.0	2.6946914578280785E-4		_
com.google.javascript.rhino.InputId#?#InputId#?,String#52	5.379959650302623E-4	0.0	2.6899798251513114E-4		_
com.google.javascript.rhino.Node#Node#clonePropsFrom#?,Node#780	5.369848301785474E-4	0.0	2.684924150892737E-4		_
com.google.javascript.rhino.Node#Node#getFirstChild#?#538	5.352602703064365E-4	0.0	2.6763013515321824E-4		_
com.google.javascript.rhino.Node#StaticSourceFile#getStaticSourceFile#?#1109	5.351886540005352E-4	0.0	2.675943270002676E-4		_
com.google.javascript.rhino.Node$ObjectPropListItem#Object#getObjectValue#?#312	5.344021376085504E-4	0.0	2.672010688042752E-4		_
com.google.javascript.rhino.Node#PropListItem#createProp#?,int,int,PropListItem#867	5.318441696582901E-4	0.0	2.6592208482914504E-4		_
com.google.javascript.rhino.Node#PropListItem#createProp#?,int,Object,PropListItem#863	5.266622778143515E-4	0.0	2.6333113890717575E-4		_
com.google.javascript.rhino.Node$ObjectPropListItem#?#ObjectPropListItem#?,int,Object,PropListItem#301	5.266622778143515E-4	0.0	2.6333113890717575E-4		_
com.google.javascript.rhino.Node#void#setStaticSourceFile#?,StaticSourceFile#1094	5.25279054497702E-4	0.0	2.62639527248851E-4		_
com.google.javascript.jscomp.parsing.Config#?#Config#?,Set<String>,Set<String>,boolean,LanguageMode,boolean#79	5.246589716684155E-4	0.0	2.6232948583420777E-4		_
com.google.javascript.rhino.Node$AbstractPropListItem#PropListItem#getNext#?#286	5.225342913128674E-4	0.0	2.612671456564337E-4		_
com.google.javascript.jscomp.DiagnosticGroups#DiagnosticGroup#registerGroup#?,String,DiagnosticGroup#59	0.0	0.0	0.0		_
com.google.javascript.jscomp.DiagnosticType#DiagnosticType#warning#?,String,String#63	0.0	0.0	0.0		_
com.google.javascript.jscomp.ProcessTweaks$TweakFunction#?#TweakFunction#?,String,String,int,int,TweakFunction#144	0.0	0.0	0.0		_
com.google.javascript.jscomp.ProcessTweaks$TweakFunction#?#TweakFunction#?,String,TweakFunction#138	0.0	0.0	0.0		_
com.google.javascript.jscomp.ProcessTweaks$TweakFunction#String#getName#?#165	0.0	0.0	0.0		_
com.google.javascript.jscomp.DiagnosticGroups#DiagnosticGroup#registerGroup#?,String,DiagnosticType#52	0.0	0.0	0.0		_
com.google.javascript.jscomp.DiagnosticType#?#DiagnosticType#?,String,CheckLevel,MessageFormat#98	0.0	0.0	0.0		_
com.google.javascript.jscomp.DiagnosticType#DiagnosticType#disabled#?,String,String#75	0.0	0.0	0.0		_
com.google.javascript.jscomp.DiagnosticType#DiagnosticType#make#?,String,CheckLevel,String#88	0.0	0.0	0.0		_
com.google.javascript.jscomp.ProcessTweaks$TweakFunction#?#TweakFunction#?,String#124	0.0	0.0	0.0		_
com.google.javascript.jscomp.DiagnosticType#DiagnosticType#error#?,String,String#52	0.0	0.0	0.0		_
com.google.javascript.jscomp.DiagnosticGroup#?#DiagnosticGroup#?,String,DiagnosticGroup#88	0.0	0.0	0.0		_
com.google.javascript.rhino.jstype.ObjectType#String#createDelegateSuffix#?,String#238	0.0	0.0	0.0		_
com.google.javascript.jscomp.parsing.ParserRunner#Set<String>#extractList#?,String#95	0.0	0.0	0.0		_
com.google.javascript.jscomp.DiagnosticType#int#hashCode#?#119	0.0	0.0	0.0		_
com.google.javascript.jscomp.DiagnosticGroup#?#DiagnosticGroup#?,DiagnosticType#54	0.0	0.0	0.0		_
com.google.javascript.jscomp.ProcessTweaks$TweakFunction#?#TweakFunction#?,String,String,int,int#134	0.0	0.0	0.0		_
com.google.javascript.jscomp.DiagnosticGroups#DiagnosticGroup#registerDeprecatedGroup#?,String#39	0.0	0.0	0.0		_
com.google.javascript.jscomp.DiagnosticGroup#?#DiagnosticGroup#?,String,DiagnosticType#47	0.0	0.0	0.0		_
com.google.javascript.jscomp.ProcessTweaks$TweakFunction#?#TweakFunction#?,String,String,int#129	0.0	0.0	0.0		_
com.google.javascript.jscomp.WarningsGuard$Priority#?#Priority#?,int#58	0.0	0.0	0.0		_
