line	original_score	max_predicate_score	total	predicate	label
com.google.javascript.jscomp.NodeTraversal#String#formatNodePosition#?,Node#303	0.9986197377501725	0.9991718426501035	1.9977915804002762	n.getCharno()>lineNumber	_
com.google.javascript.jscomp.NodeTraversal#String#formatNodeContext#?,String,Node#243	0.9986197377501725	0.9986197377501725	1.997239475500345	!(n == null)	_
com.google.javascript.jscomp.NodeTraversal#void#throwUnexpectedException#?,Exception#231	0.9986197377501725	0.9986197377501725	1.997239475500345	inputId != null	_
com.google.javascript.jscomp.Compiler#void#throwInternalError#?,String,Exception#1841	0.9986197377501725	0.9986197377501725	1.9971014492753625	cause != null	_
com.google.javascript.jscomp.InlineObjectLiterals$InliningBehavior#Map<String,String>#computeVarList#?,Var,ReferenceCollection#264	0.997791580400276	0.9991718426501035	1.9969634230503797	ref.getParent().getType() == Token.VAR	_
com.google.javascript.jscomp.InlineObjectLiterals$InliningBehavior#void#splitObject#?,Var,Reference,Reference,ReferenceCollection#413	0.9991718426501035	0.9991718426501035	1.9969634230503797	ref.getParent().getType() == Token.VAR	_
com.google.javascript.rhino.Node#void#toString#?,StringBuilder,boolean,boolean,boolean#1049	0.9976535541752933	0.9976535541752933	1.995031055900621	!(first == null || first.getType() != Token.NAME)	_
com.google.javascript.jscomp.InlineObjectLiterals$InliningBehavior#boolean#isInlinableObject#?,List<Reference>#180	0.9976535541752933	0.9976535541752933	1.9937888198757765	val == null	_
com.google.javascript.jscomp.InlineObjectLiterals$InliningBehavior#void#afterExitScope#?,NodeTraversal,ReferenceMap#93	0.9976535541752933	0.9976535541752933	1.9918564527260179	isInlinableObject(referenceInfo.references)	_
com.google.javascript.jscomp.ReferenceCollectingCallback$ReferenceCollection#boolean#isInitializingAssignmentAt#?,int#380	0.9957211870255348	0.9957211870255348	1.9893719806763284	maybeInit.isSimpleAssignmentToName()	_
com.google.javascript.jscomp.ReferenceCollectingCallback$ReferenceCollection#Reference#getInitializingReference#?#398	0.9959972394755003	0.9959972394755003	1.9873015873015873	isInitializingAssignmentAt(1)	_
com.google.javascript.jscomp.SourceFile#String#getLine#?,int#242	0.9926846100759145	0.9929606625258799	1.985231193926846	!(pos >= js.length())	_
com.google.javascript.jscomp.NodeUtil#Node#getAssignedValue#?,Node#1564	0.9942028985507246	0.9942028985507246	1.985231193926846	isAssign(parent) && parent.getFirstChild() == n	_
com.google.javascript.jscomp.Compiler#String#getSourceLine#?,String,int#1906	0.9921325051759834	0.9921325051759834	1.9839889579020014	input != null	_
com.google.javascript.jscomp.NodeUtil#void#visitPreOrder#?,Node,Visitor,Predicate<Node>#2806	0.9919944789510007	0.9919944789510007	1.9839889579020014	traverseChildrenPred.apply(node)	_
com.google.javascript.jscomp.Compiler#SourceFile#getSourceFileByName#?,String#1893	0.9919944789510007	0.9919944789510007	1.9837129054520357	input != null	_
com.google.javascript.rhino.Node#String#toString#?,boolean,boolean,boolean#1026	0.9895100069013113	0.9895100069013113	1.9790200138026226	Token.shouldPrintTrees()	_
com.google.javascript.jscomp.ReferenceCollectingCallback$Reference#boolean#isLhsOfForInExpression#?,Node#601	0.9942028985507246	0.9942028985507246	1.9699102829537614	parent.getType() == Token.VAR	_
com.google.javascript.jscomp.ReferenceCollectingCallback$ReferenceCollection#boolean#isInitializingDeclarationAt#?,int#359	0.9910282953761215	0.9910282953761215	1.9650793650793652	!(maybeInit.isInitializingDeclaration())	_
com.google.javascript.jscomp.ReferenceCollectingCallback$ReferenceCollection#boolean#isWellDefined#?#326	0.9773636991028295	0.9786059351276742	1.9559696342305037	!(!initBlock.provablyExecutesBefore(references.get(i).getBasicBlock()))	_
com.google.javascript.jscomp.ReferenceCollectingCallback$BasicBlock#boolean#provablyExecutesBefore#?,BasicBlock#708	0.9775017253278123	0.9775017253278123	1.9540372670807455	currentBlock == this	_
com.google.javascript.jscomp.GlobalVarReferenceMap#void#resetGlobalVarReferences#?,Map<Var,ReferenceCollection>#85	0.9595583160800553	0.9730848861283644	1.9320910973084886	!(var.isGlobal())	_
com.google.javascript.jscomp.ReferenceCollectingCallback#void#exitScope#?,NodeTraversal#182	0.9686680469289165	0.9686680469289165	1.9257418909592823	!(t.getScope().isGlobal())	_
com.google.javascript.jscomp.ReferenceCollectingCallback$BasicBlock#?#BasicBlock#?,BasicBlock,Node#666	0.9645272601794341	0.9645272601794341	1.9216011042097998	root.getParent() != null	_
com.google.javascript.jscomp.Compiler#void#updateGlobalVarReferences#?,Map<Var,ReferenceCollection>,Node#2087	0.9588681849551415	0.959144237405107	1.9180124223602486	!(globalRefMap == null)	_
com.google.javascript.jscomp.GlobalVarReferenceMap#void#updateGlobalVarReferences#?,Map<Var,ReferenceCollection>,Node#104	0.9587301587301588	0.9587301587301588	1.9170462387853693	refMap == null || root.getType() != Token.SCRIPT	_
com.google.javascript.jscomp.ReferenceCollectingCallback#void#addReference#?,NodeTraversal,Var,Reference#242	0.9573498964803313	0.9584541062801932	1.9158040027605245	!(referenceInfo == null)	_
com.google.javascript.jscomp.ReferenceCollectingCallback#void#visit#?,NodeTraversal,Node,Node#156	0.9573498964803313	0.9573498964803313	1.914423740510697	v != null && varFilter.apply(v)	_
com.google.javascript.jscomp.ReferenceCollectingCallback#boolean#isBlockBoundary#?,Node,Node#208	0.9570738440303658	0.9570738440303658	1.9141476880607315	parent != null	_
com.google.javascript.jscomp.ReferenceCollectingCallback#boolean#shouldTraverse#?,NodeTraversal,Node,Node#198	0.9570738440303658	0.9570738440303658	1.9141476880607315	!(isBlockBoundary(n,parent))	_
com.google.javascript.jscomp.Scope$Var#int#hashCode#?#325	0.9100069013112492	0.9100069013112492	1.8200138026224983	nameNode.hashCode()>=0	_
com.google.javascript.jscomp.Normalize$NormalizeStatements#void#moveNamedFunctions#?,Node#591	0.9072463768115941	0.9072463768115941	1.8144927536231883	current != null	_
com.google.javascript.jscomp.MakeDeclaredNamesUnique$ContextualRenamer#int#incrementNameCount#?,String#472	0.8881987577639752	0.891511387163561	1.7797101449275363	nameUsage.add(name,1)<=0	_
com.google.javascript.jscomp.MakeDeclaredNamesUnique$ContextualRenamer#void#addDeclaredName#?,String#446	0.8881987577639752	0.891511387163561	1.7797101449275363	!(id != 0)	_
com.google.javascript.rhino.Token#String#name#?,int#273	0.9947550034506556	0.8570048309178744	1.7140096618357488	!(!printNames)	_
com.google.javascript.rhino.Node#void#addChildToFront#?,Node#698	0.8501035196687371	0.8501035196687371	1.6750862663906143	last == null	_
com.google.javascript.jscomp.Normalize$NormalizeStatements#void#normalizeFunctionDeclaration#?,Node#391	0.8358868184955142	0.8358868184955142	1.6717736369910283	!(!NodeUtil.isFunctionExpression(n) && !NodeUtil.isHoistedFunctionDeclaration(n))	_
com.google.javascript.jscomp.MakeDeclaredNamesUnique#boolean#shouldTraverse#?,NodeTraversal,Node,Node#117	0.8335403726708075	0.8354727398205659	1.6690131124913734	!(name != null && !name.isEmpty() && parent != null && !NodeUtil.isFunctionDeclaration(n))	_
com.google.javascript.jscomp.MakeDeclaredNamesUnique#void#findDeclaredNames#?,Node,Node,Renamer#195	0.8714975845410629	0.8714975845410629	1.661007591442374	NodeUtil.isFunctionDeclaration(n)	_
com.google.javascript.jscomp.Normalize$VerifyConstants#void#visit#?,NodeTraversal,Node,Node#251	0.8317460317460317	0.8317460317460317	1.6572808833678399	var != null	_
com.google.javascript.jscomp.GoogleCodingConvention#boolean#isConstant#?,String#69	0.8211180124223603	0.8262249827467218	1.6473429951690821	!(pos >= 0)	_
com.google.javascript.jscomp.GoogleCodingConvention#boolean#isConstantKey#?,String#81	0.8197377501725328	0.8197377501725328	1.633816425120773	name.isEmpty() || !Character.isUpperCase(name.charAt(0))	_
com.google.javascript.jscomp.Normalize$NormalizeStatements#void#splitVarDeclarations#?,Node#557	0.8162870945479641	0.8162870945479641	1.6325741890959282	!(assertOnChange && !c.hasChildren())	_
com.google.javascript.jscomp.Normalize$NormalizeStatements#void#doStatementNormalizations#?,NodeTraversal,Node,Node#452	0.8358868184955142	0.8358868184955142	1.6278812974465149	n.getType() == Token.FUNCTION	_
com.google.javascript.jscomp.MakeDeclaredNamesUnique#void#exitScope#?,NodeTraversal#100	0.8335403726708075	0.8335403726708075	1.6230503795721187	!t.inGlobalScope()	_
com.google.javascript.jscomp.MakeDeclaredNamesUnique#void#enterScope#?,NodeTraversal#68	0.8335403726708075	0.8335403726708075	1.6230503795721187	!(nameStack.isEmpty())	_
com.google.javascript.jscomp.Normalize#void#process#?,Node,Node#146	0.7976535541752933	0.821256038647343	1.6187715665976534	!(!compiler.getLifeCycleStage().isNormalized())	_
com.google.javascript.jscomp.NodeTraversal#Node#getScopeRoot#?#600	0.9210489993098688	0.9210489993098688	1.6169772256728778	scopeRoots.isEmpty()	_
com.google.javascript.jscomp.Normalize$PropagateConstantAnnotationsOverVars#void#visit#?,NodeTraversal,Node,Node#182	0.8012422360248448	0.8012422360248448	1.599447895100069	var != null	_
com.google.javascript.jscomp.Normalize$NormalizeStatements#void#annotateConstantsByConvention#?,Node,Node#366	0.7922705314009661	0.7946169772256728	1.586887508626639	!(!isMarkedConstant && NodeUtil.isConstantByConvention(compiler.getCodingConvention(),n,parent))	_
com.google.javascript.jscomp.NodeUtil#boolean#isConstantByConvention#?,CodingConvention,Node,Node#2893	0.7922705314009661	0.7922705314009661	1.5845410628019323	!(isObjectLitKey(node,parent))	_
com.google.javascript.jscomp.Normalize$NormalizeStatements#void#visit#?,NodeTraversal,Node,Node#340	0.8358868184955142	0.7922705314009661	1.5845410628019323	!compiler.getLifeCycleStage().isNormalizedObfuscated()	_
com.google.javascript.jscomp.Normalize$NormalizeStatements#void#extractForInitializer#?,Node,Node,Node#499	0.7919944789510007	0.7919944789510007	1.5839889579020014	!(c != null)	_
com.google.javascript.jscomp.MakeDeclaredNamesUnique#String#getReplacementName#?,String#176	0.7897860593512768	0.7897860593512768	1.579434092477571	!(newName != null)	_
com.google.javascript.jscomp.MakeDeclaredNamesUnique#void#visit#?,NodeTraversal,Node,Node#146	0.8335403726708075	0.7897860593512768	1.579434092477571	!(newName != null)	_
com.google.javascript.jscomp.parsing.IRFactory$TransformDispatcher#Node#processObjectLiteral#?,ObjectLiteral#755	0.7772256728778468	0.7775017253278123	1.554727398205659	!(literalNode.isDestructuring())	_
com.google.javascript.jscomp.SyntacticScopeCreator#void#scanVars#?,Node,Node#142	0.7710144927536232	0.7710144927536232	1.5420289855072464	!(fnName.isEmpty())	_
com.google.javascript.jscomp.CodeConsumer#void#endFunction#?,boolean#169	0.8082815734989648	0.8082815734989648	1.5363699102829538	statementContext	_
com.google.javascript.jscomp.AstValidator#void#validateBlock#?,Node#279	0.7573498964803312	0.7573498964803312	1.5146997929606625	c != null	_
com.google.javascript.rhino.InputId#boolean#equals#?,Object#66	0.7515527950310559	0.7515527950310559	1.5031055900621118	!(this == obj)	_
com.google.javascript.jscomp.NodeTraversal#void#traverseRoots#?,List<Node>#271	0.9995859213250518	0.7461697722567288	1.4923395445134575	!(roots.isEmpty())	_
com.google.javascript.jscomp.CodeGenerator#void#add#?,Node,Context#314	0.808695652173913	0.808695652173913	1.4600414078674948	!(funcNeedsParens)	_
com.google.javascript.jscomp.SyntacticScopeCreator#void#scanRoot#?,Node,Scope#100	0.717736369910283	0.7209109730848862	1.4386473429951692	!(!fnName.isEmpty() && NodeUtil.isFunctionExpression(n))	_
com.google.javascript.jscomp.CodeConsumer#void#endBlock#?,boolean#117	0.7135955831608005	0.7146997929606625	1.4282953761214632	!(shouldEndLine)	_
com.google.javascript.jscomp.CodeConsumer#void#beginBlock#?#101	0.7135955831608005	0.7135955831608005	1.427191166321601	!(statementNeedsEnded)	_
com.google.javascript.jscomp.AstValidator#void#validateVar#?,Node#398	0.6909592822636301	0.7790200138026225	1.4063492063492062	!(c.hasChildren())	_
com.google.javascript.rhino.Node#void#removeChild#?,Node#788	0.8205659075224292	0.8549344375431331	1.4002760524499656	!(child == last)	_
com.google.javascript.jscomp.CodePrinter$CompactCodePrinter#void#maybeLineBreak#?#446	0.6259489302967564	0.7399585921325051	1.3659075224292616	!(preferredBreakPosition == len - 1)	_
com.google.javascript.jscomp.SyntacticScopeCreator#Scope#createScope#?,Node,Scope#70	0.7220151828847481	0.7220151828847481	1.3475500345065563	!(parent == null)	_
com.google.javascript.rhino.Node#Node#getChildBefore#?,Node#648	0.8060731538992408	0.8060731538992408	1.3429951690821256	child == first	_
com.google.javascript.rhino.Node#boolean#isEquivalentTo#?,Node,boolean,boolean#1837	0.7897860593512768	0.7897860593512768	1.3174603174603174	!n.isEquivalentTo(n2,compareJsType,true)	_
com.google.javascript.jscomp.CodeConsumer#void#add#?,String#189	0.7663216011042098	0.7663216011042098	1.306832298136646	(isWordChar(c) || c == '\\') && isWordChar(getLastChar())	_
com.google.javascript.jscomp.SyntacticScopeCreator#void#declareVar#?,Node#238	0.6409937888198758	0.6409937888198758	1.2819875776397516	!(scope.isDeclared(name,false) || (scope.isLocal() && name.equals(ARGUMENTS)))	_
com.google.javascript.jscomp.NodeTraversal#int#getScopeDepth#?#615	0.6379572118702553	0.6379572118702553	1.2759144237405107	scopes.size() + scopeRoots.size()>0	_
com.google.javascript.jscomp.CompilerInput#boolean#isExtern#?#319	0.629399585921325	0.629399585921325	1.25879917184265	!(ast == null || ast.getSourceFile() == null)	_
com.google.javascript.rhino.Node#int#extractCharno#?,int#1362	0.3020013802622499	0.9307108350586611	1.2327122153209111	lineCharNo & COLUMN_MASK<=0	_
com.google.javascript.jscomp.AstValidator#void#validateMaximumChildCount#?,Node,int#809	0.6019323671497585	0.6019323671497585	1.1947550034506556	i == 1	_
com.google.javascript.jscomp.Scope#?#Scope#?,Scope,Node#381	0.7425810904071773	0.7425810904071773	1.1740510697032436	!(nodeType != null && nodeType.isFunctionType())	_
com.google.javascript.jscomp.CodePrinter$CompactCodePrinter#void#maybeCutLine#?#461	0.5783298826777088	0.5783298826777088	1.1566597653554176	!(lineLength > lineLengthThreshold)	_
com.google.javascript.jscomp.LineNumberCheck#void#visit#?,NodeTraversal,Node,Node#73	0.577639751552795	0.577639751552795	1.15527950310559	!(n.getLineno() == -1)	_
com.google.javascript.jscomp.parsing.IRFactory#int#transformTokenType#?,int#1170	0.577087646652864	0.577087646652864	1.154175293305728	Token.ASSIGN!=0	_
com.google.javascript.jscomp.parsing.IRFactory$TransformDispatcher#Node#processAssignment#?,Assignment#423	0.5722567287784679	0.5723947550034507	1.1446514837819186	!(!validAssignmentTarget(target))	_
com.google.javascript.rhino.Node#Node#getChildAtIndex#?,int#663	0.5690821256038647	0.5690821256038647	1.1381642512077295	i > 0	_
com.google.javascript.jscomp.LineNumberCheck#boolean#shouldTraverse#?,NodeTraversal,Node,Node#62	0.5712905452035887	0.5712905452035887	1.1342995169082126	n.getType() == Token.SCRIPT	_
com.google.javascript.jscomp.parsing.IRFactory$TransformDispatcher#Node#processVariableInitializer#?,VariableInitializer#999	0.5033816425120773	0.7244996549344376	1.1297446514837821	!(initializerNode.getInitializer() != null)	_
com.google.javascript.jscomp.AstValidator#void#validateMinimumChildCount#?,Node,int#792	0.5587301587301587	0.5587301587301587	1.1130434782608696	i == 1	_
com.google.javascript.jscomp.CodeGenerator#String#identifierEscape#?,String#1079	0.5503105590062112	0.5503105590062112	1.1006211180124224	NodeUtil.isLatin(s)	_
com.google.javascript.jscomp.NodeUtil#boolean#isLatin#?,String#2517	0.5496204278812975	0.5497584541062802	1.0993788819875778	s.charAt(index)<=LARGEST_BASIC_LATIN	_
com.google.javascript.jscomp.AstValidator#void#validateChildCount#?,Node,int#778	0.5688060731538993	0.5688060731538993	1.09648033126294	i == 1	_
com.google.javascript.jscomp.CodePrinter$MappedCodePrinter#char#getLastChar#?#184	0.5429951690821255	0.5532091097308489	1.0962042788129744	(code.length() > 0) ? code.charAt(code.length() - 1) : '\0'>0	_
com.google.javascript.jscomp.CodeConsumer#void#maybeEndStatement#?#154	0.5405106970324361	0.5405106970324361	1.0810213940648723	!(statementNeedsEnded)	_
com.google.javascript.rhino.Node#NodeMismatch#checkTreeEqualsImpl#?,Node#1608	0.5333333333333333	0.533471359558316	1.0668046928916493	!(res != null)	_
com.google.javascript.jscomp.AstValidator#void#validateNonEmptyString#?,Node#327	0.5330572808833678	0.5330572808833678	1.0661145617667356	!(n.getString().isEmpty())	_
com.google.javascript.jscomp.AstValidator#void#validateNonNullString#?,Node#333	0.5327812284334024	0.5327812284334024	1.0655624568668047	!(n.getString() == null)	_
com.google.javascript.rhino.Node#String#checkTreeEquals#?,Node#1566	0.5327812284334024	0.5327812284334024	1.065424430641822	!(diff != null)	_
com.google.javascript.jscomp.AstValidator#void#validateCodeRoot#?,Node#78	0.5320910973084887	0.5320910973084887	1.0641821946169774	!(c != null)	_
com.google.javascript.rhino.Node#Node#cloneTree#?#2085	0.530848861283644	0.530848861283644	1.058247066942719	!(result.first == null)	_
com.google.javascript.rhino.Node#int#getCharno#?#1287	0.12477570738440302	0.9308488612836439	1.0556245686680468	extractCharno(sourcePosition)==0	_
com.google.javascript.jscomp.AstValidator#void#validateScript#?,Node#88	0.527536231884058	0.527536231884058	1.055072463768116	c != null	_
com.google.javascript.jscomp.AstValidator#void#validateHasInputId#?,Node#307	0.526984126984127	0.5273982056590752	1.0543823326432022	!(inputId == null)	_
com.google.javascript.jscomp.AstValidator#void#validateIsSynthetic#?,Node#293	0.526984126984127	0.5273982056590752	1.0543823326432022	!(!n.getBooleanProp(Node.SYNTHETIC_BLOCK_PROP))	_
com.google.javascript.jscomp.AstValidator#void#validateHasSourceName#?,Node#300	0.526984126984127	0.5273982056590752	1.0543823326432022	!(sourceName == null || sourceName.isEmpty())	_
com.google.javascript.jscomp.AstValidator#void#validateNodeType#?,int,Node#767	0.526984126984127	0.5271221532091097	1.0541062801932366	!(n.getType() != type)	_
com.google.javascript.rhino.Node#Class#getNodeClass#?,Node#1583	0.5268461007591443	0.5268461007591443	1.0536922015182886	!(c == FunctionNode.class || c == ScriptOrFnNode.class)	_
com.google.javascript.jscomp.CodePrinter#String#toSource#?,Node,Format,boolean,int,SourceMap,SourceMap.DetailLevel,Charset,boolean#639	0.5229813664596273	0.5297446514837819	1.0527260179434093	!(createSourceMap)	_
com.google.javascript.jscomp.CodePrinter$MappedCodePrinter#void#startSourceMapping#?,Node#93	0.5229813664596273	0.5289164941338854	1.0518978605935128	!(createSrcMap && node.getSourceFileName() != null && node.getLineno() > 0 && sourceMapDetailLevel.apply(node))	_
com.google.javascript.jscomp.CodePrinter$MappedCodePrinter#void#endSourceMapping#?,Node#114	0.5229813664596273	0.5289164941338854	1.0518978605935128	!(createSrcMap && !mappings.isEmpty() && mappings.peek().node == node)	_
com.google.javascript.jscomp.CodeGenerator#?#CodeGenerator#?,CodeConsumer,Charset#52	0.5229813664596273	0.5229813664596273	1.0459627329192547	outputCharset == null || outputCharset == Charsets.US_ASCII	_
com.google.javascript.jscomp.CodePrinter$Builder#String#build#?#584	0.5229813664596273	0.5229813664596273	1.0459627329192547	!(root == null)	_
com.google.javascript.jscomp.BasicErrorManager#int#getWarningCount#?#81	0.50351966873706	0.5363699102829538	1.0398895790200138	warningCount<=0	_
com.google.javascript.rhino.Node#boolean#hasChild#?,Node#1553	0.5173222912353347	0.5173222912353347	1.0346445824706694	child == n	_
com.google.javascript.jscomp.Compiler#Node#parseInputs#?#1271	0.50351966873706	0.5095928226363009	1.0124223602484472	!(options.sourceMapOutputPath != null || options.nameReferenceReportPath != null)	_
com.google.javascript.jscomp.InlineObjectLiterals$InliningBehavior#void#replaceAssignmentExpression#?,Var,Reference,Map<String,String>#333	0.9988957902001381	0.0	0.9988957902001381		GT
com.google.javascript.jscomp.InlineObjectLiterals$InliningBehavior#void#fillInitialValues#?,Reference,Map<String,Node>#291	0.9980676328502416	0.0	0.9980676328502416		_
com.google.javascript.jscomp.InlineObjectLiterals$InliningBehavior#void#blacklistVarReferencesInTree#?,Node,Scope#115	0.9979296066252588	0.0	0.9979296066252588		_
com.google.javascript.jscomp.InlineObjectLiterals$InliningBehavior#boolean#isVarOrAssignExprLhs#?,Node#231	0.9942028985507246	0.0	0.9942028985507246		_
com.google.javascript.rhino.jstype.JSTypeRegistry#FunctionType#createFunctionType#?,JSType,boolean,JSType#1205	0.49606625258799175	0.49606625258799175	0.9917184265010353	lastVarArgs	_
com.google.javascript.jscomp.ReferenceCollectingCallback$Reference#boolean#isVarDeclaration#?#558	0.991304347826087	0.0	0.991304347826087		_
com.google.javascript.rhino.Token#boolean#shouldPrintTrees#?#60	0.9895100069013113	0.0	0.9895100069013113		_
com.google.javascript.rhino.jstype.JSTypeRegistry#Node#createParameters#?,boolean,JSType#1187	0.49454796411318147	0.49454796411318147	0.9874396135265701	!(lastVarArgs && i == max)	_
com.google.javascript.jscomp.InlineObjectLiterals#void#process#?,Node,Node#64	0.9867494824016563	0.0	0.9867494824016563		_
com.google.javascript.jscomp.InlineObjectLiterals#?#InlineObjectLiterals#?,AbstractCompiler,Supplier<String>#58	0.9867494824016563	0.0	0.9867494824016563		_
com.google.javascript.jscomp.InlineObjectLiterals$InliningBehavior#boolean#isVarInlineForbidden#?,Var#139	0.9867494824016563	0.0	0.9867494824016563		_
com.google.javascript.jscomp.ReferenceCollectingCallback$Reference#boolean#isSimpleAssignmentToName#?#608	0.9866114561766736	0.0	0.9866114561766736		_
com.google.javascript.jscomp.CompilerInput#SourceFile#getSourceFile#?#137	0.9861973775017253	0.0	0.9861973775017253		_
com.google.javascript.jscomp.ReferenceCollectingCallback#?#ReferenceCollectingCallback#?,AbstractCompiler,Behavior#88	0.978743961352657	0.0	0.978743961352657		_
com.google.javascript.jscomp.ReferenceCollectingCallback$Reference#Node#getAssignedValue#?#582	0.9772256728778468	0.0	0.9772256728778468		_
com.google.javascript.jscomp.ReferenceCollectingCallback$Reference#Node#getGrandparent#?#596	0.9752933057280884	0.0	0.9752933057280884		_
com.google.javascript.jscomp.ReferenceCollectingCallback$Reference#boolean#isLvalue#?#616	0.9746031746031746	0.0	0.9746031746031746		_
com.google.javascript.jscomp.ReferenceCollectingCallback$Reference#boolean#isInitializingDeclaration#?#571	0.9740510697032436	0.0	0.9740510697032436		_
com.google.javascript.jscomp.ReferenceCollectingCallback$ReferenceMapWrapper#ReferenceCollection#getReferences#?,Var#264	0.9726708074534162	0.0	0.9726708074534162		_
com.google.javascript.jscomp.ReferenceCollectingCallback$ReferenceMapWrapper#?#ReferenceMapWrapper#?,Map<Var,ReferenceCollection>#259	0.9686680469289165	0.0	0.9686680469289165		_
com.google.javascript.jscomp.ReferenceCollectingCallback$Reference#BasicBlock#getBasicBlock#?#587	0.9671497584541062	0.0	0.9671497584541062		_
com.google.javascript.jscomp.ReferenceCollectingCallback$Reference#boolean#isDeclaration#?#552	0.9659075224292616	0.0	0.9659075224292616		_
com.google.javascript.jscomp.ReferenceCollectingCallback$Reference#Node#getParent#?#591	0.9642512077294686	0.0	0.9642512077294686		_
com.google.javascript.jscomp.ReferenceCollectingCallback$Reference#Node#getNode#?#537	0.9635610766045548	0.0	0.9635610766045548		_
com.google.javascript.jscomp.ReferenceCollectingCallback#void#process#?,Node,Node#110	0.9601104209799862	0.0	0.9601104209799862		_
com.google.javascript.jscomp.GlobalVarReferenceMap#?#GlobalVarReferenceMap#?,List<CompilerInput>,List<CompilerInput>#57	0.9590062111801242	0.0	0.9590062111801242		_
com.google.javascript.jscomp.Compiler#List<CompilerInput>#getInputsInOrder#?#1993	0.9588681849551415	0.0	0.9588681849551415		_
com.google.javascript.jscomp.Compiler#List<CompilerInput>#getExternsInOrder#?#2000	0.9588681849551415	0.0	0.9588681849551415		_
com.google.javascript.jscomp.Compiler#ReferenceMap#getGlobalVarReferences#?#2096	0.9588681849551415	0.0	0.9588681849551415		_
com.google.javascript.jscomp.PrepareAst$PrepareAnnotations#boolean#shouldTraverse#?,NodeTraversal,Node,Node#142	0.7806763285024154	0.7806763285024154	0.9577639751552794	n.getType() == Token.OBJECTLIT	_
com.google.javascript.jscomp.ReferenceCollectingCallback$Reference#?#Reference#?,Node,NodeTraversal,BasicBlock#499	0.9573498964803313	0.0	0.9573498964803313		_
com.google.javascript.jscomp.ReferenceCollectingCallback$ReferenceCollection#void#add#?,Reference,NodeTraversal,Var#298	0.9573498964803313	0.0	0.9573498964803313		_
com.google.javascript.jscomp.ReferenceCollectingCallback#void#enterScope#?,NodeTraversal#171	0.9570738440303658	0.0	0.9570738440303658		_
com.google.javascript.jscomp.ReferenceCollectingCallback$Reference#?#Reference#?,Node,BasicBlock,Scope,InputId#527	0.9570738440303658	0.0	0.9570738440303658		_
com.google.javascript.jscomp.ReferenceCollectingCallback#?#ReferenceCollectingCallback#?,AbstractCompiler,Behavior,Predicate<Var>#101	0.9570738440303658	0.0	0.9570738440303658		_
com.google.javascript.jscomp.Compiler#void#initCompilerOptionsIfTesting#?#1311	0.45438233264320216	0.49606625258799175	0.9504485852311939	!(options == null)	_
com.google.javascript.rhino.jstype.FunctionType#void#setPrototypeBasedOn#?,ObjectType,Node#346	0.4731538992408557	0.4731538992408557	0.9447895100069013	baseType.hasReferenceName() || isNativeObjectType() || baseType.isFunctionPrototypeType()|| !(baseType instanceof PrototypeObjectType)	_
com.google.javascript.jscomp.Compiler#Supplier<String>#getUniqueNameIdSupplier#?#937	0.9254658385093167	0.0	0.9254658385093167		_
com.google.javascript.jscomp.NodeUtil#boolean#isVar#?,Node#1540	0.9198067632850242	0.0	0.9198067632850242		_
com.google.javascript.jscomp.NodeUtil#boolean#isForIn#?,Node#1613	0.9004830917874396	0.0	0.9004830917874396		_
com.google.javascript.jscomp.Scope$Var#boolean#isGlobal#?#203	0.9003450655624569	0.0	0.9003450655624569		_
com.google.javascript.jscomp.NodeUtil$MatchNotFunction#boolean#apply#?,Node#2693	0.8756383712905452	0.0	0.8756383712905452		_
com.google.javascript.jscomp.Compiler#void#initOptions#?,CompilerOptions#231	0.44016563146997933	0.5396825396825398	0.8691511387163562	outStream == null	_
com.google.javascript.jscomp.AstValidator#void#validateObjectLit#?,Node#668	0.8578329882677709	0.0	0.8578329882677709		_
com.google.javascript.jscomp.AstValidator#void#validateExpression#?,Node#253	0.8578329882677709	0.0	0.8578329882677709		_
com.google.javascript.jscomp.Scope$Var#boolean#isExtern#?#217	0.853416149068323	0.0	0.853416149068323		_
com.google.javascript.jscomp.DefaultCodingConvention#boolean#isExported#?,String#73	0.8364389233954451	0.0	0.8364389233954451		_
com.google.javascript.jscomp.MakeDeclaredNamesUnique$ContextualRenamer#Renamer#forChildScope#?#430	0.8347826086956522	0.0	0.8347826086956522		_
com.google.javascript.jscomp.MakeDeclaredNamesUnique$ContextualRenamer#?#ContextualRenamer#?,Multiset<String>#421	0.8347826086956522	0.0	0.8347826086956522		_
com.google.javascript.jscomp.GoogleCodingConvention#boolean#isExported#?,String,boolean#131	0.8342305037957212	0.0	0.8342305037957212		_
com.google.javascript.jscomp.DefaultCodingConvention#boolean#isExported#?,String,boolean#68	0.8205659075224292	0.0	0.8205659075224292		_
com.google.javascript.jscomp.Normalize$VerifyConstants#void#process#?,Node,Node#223	0.8182194616977225	0.0	0.8182194616977225		_
com.google.javascript.jscomp.Normalize$VerifyConstants#?#VerifyConstants#?,AbstractCompiler,boolean#216	0.8182194616977225	0.0	0.8182194616977225		_
com.google.javascript.jscomp.NodeUtil#boolean#isAssign#?,Node#1594	0.8182194616977225	0.0	0.8182194616977225		_
com.google.javascript.jscomp.NodeUtil#boolean#isConstantName#?,Node#2883	0.812008281573499	0.0	0.812008281573499		_
com.google.javascript.jscomp.parsing.IRFactory$TransformDispatcher#Node#processVariableDeclaration#?,VariableDeclaration#984	0.4052449965493444	0.40538302277432714	0.8106280193236716	!(!config.acceptConstKeyword && declarationNode.getType() == com.google.javascript.jscomp.mozilla.rhino.Token.CONST)	_
com.google.javascript.jscomp.parsing.TypeSafeDispatcher#T#process#?,AstNode#266	0.7772256728778468	0.4052449965493444	0.8104899930986889	!(node instanceof VariableDeclaration)	_
com.google.javascript.jscomp.Scope$Var#String#getName#?#147	0.8093857832988267	0.0	0.8093857832988267		_
com.google.javascript.jscomp.SyntacticScopeCreator#?#SyntacticScopeCreator#?,AbstractCompiler,RedeclarationHandler#63	0.7975155279503106	0.0	0.7975155279503106		_
com.google.javascript.jscomp.Normalize$PropagateConstantAnnotationsOverVars#?#PropagateConstantAnnotationsOverVars#?,AbstractCompiler,boolean#163	0.7975155279503106	0.0	0.7975155279503106		_
com.google.javascript.jscomp.Normalize#void#removeDuplicateDeclarations#?,Node,Node#631	0.7975155279503106	0.0	0.7975155279503106		_
com.google.javascript.jscomp.Normalize$PropagateConstantAnnotationsOverVars#void#process#?,Node,Node#168	0.7975155279503106	0.0	0.7975155279503106		_
com.google.javascript.jscomp.Normalize$ScopeTicklingCallback#void#enterScope#?,NodeTraversal#761	0.7975155279503106	0.0	0.7975155279503106		_
com.google.javascript.jscomp.Normalize$ScopeTicklingCallback#boolean#shouldTraverse#?,NodeTraversal,Node,Node#772	0.7975155279503106	0.0	0.7975155279503106		_
com.google.javascript.jscomp.Normalize#?#Normalize#?,AbstractCompiler,boolean#78	0.7973775017253278	0.0	0.7973775017253278		_
com.google.javascript.jscomp.MakeDeclaredNamesUnique$ContextualRenamer#void#reserveName#?,String#468	0.7969634230503796	0.0	0.7969634230503796		_
com.google.javascript.jscomp.AbstractCompiler#void#setLifeCycleStage#?,LifeCycleStage#242	0.7953071083505866	0.0	0.7953071083505866		_
com.google.javascript.jscomp.NodeTraversal#void#traverseRoots#?,Node#267	0.7944789510006901	0.0	0.7944789510006901		_
com.google.javascript.jscomp.AbstractCompiler$LifeCycleStage#boolean#isNormalizedObfuscated#?#289	0.7922705314009661	0.0	0.7922705314009661		_
com.google.javascript.jscomp.MakeDeclaredNamesUnique$ContextualRenamer#String#getReplacementName#?,String#457	0.7921325051759834	0.0	0.7921325051759834		_
com.google.javascript.jscomp.MakeDeclaredNamesUnique#?#MakeDeclaredNamesUnique#?#53	0.7921325051759834	0.0	0.7921325051759834		_
com.google.javascript.jscomp.Normalize$NormalizeStatements#?#NormalizeStatements#?,AbstractCompiler,boolean#298	0.7919944789510007	0.0	0.7919944789510007		_
com.google.javascript.jscomp.Normalize$NormalizeStatements#boolean#shouldTraverse#?,NodeTraversal,Node,Node#312	0.7919944789510007	0.0	0.7919944789510007		_
com.google.javascript.jscomp.MakeDeclaredNamesUnique$ContextualRenamer#?#ContextualRenamer#?#414	0.7919944789510007	0.0	0.7919944789510007		_
com.google.javascript.jscomp.MakeDeclaredNamesUnique#?#MakeDeclaredNamesUnique#?,Renamer#57	0.7895100069013112	0.0	0.7895100069013112		_
com.google.javascript.jscomp.Scope$Var#JSDocInfo#getJSDocInfo#?#270	0.786887508626639	0.0	0.786887508626639		_
com.google.javascript.jscomp.AbstractCompiler$LifeCycleStage#boolean#isNormalized#?#281	0.7827467218771567	0.0	0.7827467218771567		_
com.google.javascript.jscomp.NodeUtil#boolean#isName#?,Node#1526	0.7824706694271912	0.0	0.7824706694271912		_
com.google.javascript.jscomp.PrepareAst$PrepareAnnotations#void#normalizeObjectLiteralAnnotations#?,Node#163	0.7806763285024154	0.0	0.7806763285024154		_
com.google.javascript.jscomp.AbstractCompiler#LifeCycleStage#getLifeCycleStage#?#177	0.7773636991028295	0.0	0.7773636991028295		_
com.google.javascript.jscomp.NodeTraversal#void#traverseRoots#?,AbstractCompiler,List<Node>,Callback#445	0.7725327812284334	0.0	0.7725327812284334		_
com.google.javascript.jscomp.Scope#Var#getVar#?,String#525	0.38785369220151833	0.38785369220151833	0.7656314699792961	var != null	_
com.google.javascript.rhino.jstype.FunctionParamBuilder#boolean#addVarArgs#?,JSType#104	0.2658385093167702	0.4966183574879227	0.7624568668046929	!(!type.isEmptyType())	_
com.google.javascript.jscomp.NodeUtil#boolean#isAssignmentOp#?,Node#1454	0.7576259489302968	0.0	0.7576259489302968		_
com.google.javascript.jscomp.NodeUtil#JSDocInfo#getFunctionJSDocInfo#?,Node#2926	0.3204968944099379	0.43326432022084194	0.7537612146307798	!(fnInfo == null && NodeUtil.isFunctionExpression(n))	_
com.google.javascript.jscomp.PrepareAst#void#process#?,Node,Node#64	0.5683919944789511	0.5683919944789511	0.7454796411318151	externs != null	_
com.google.javascript.jscomp.parsing.IRFactory$TransformDispatcher#Node#processFunctionNode#?,FunctionNode#611	0.4234644582470669	0.4234644582470669	0.7387163561076604	!(isUnnamedFunction)	_
com.google.javascript.jscomp.Compiler#JSTypeRegistry#getTypeRegistry#?#1062	0.49868875086266395	0.49868875086266395	0.7356797791580401	typeRegistry == null	_
com.google.javascript.jscomp.NodeTraversal#Scope#getScope#?#573	0.38536922015182884	0.38536922015182884	0.7327812284334023	scopeRoots.isEmpty()	_
com.google.javascript.jscomp.NodeUtil#boolean#isVarDeclaration#?,Node#1552	0.7325051759834369	0.0	0.7325051759834369		_
com.google.javascript.rhino.jstype.FunctionType#boolean#setPrototype#?,PrototypeObjectType,Node#387	0.23395445134575565	0.49164941338854384	0.7253278122843341	!(superClass != null)	_
com.google.javascript.jscomp.AstValidator#void#validateFunctionStatement#?,Node#354	0.724775707384403	0.0	0.724775707384403		_
com.google.javascript.jscomp.AstValidator#void#validateStatement#?,Node#103	0.724775707384403	0.0	0.724775707384403		_
com.google.javascript.jscomp.CodeConsumer#boolean#breakAfterBlockFor#?,Node,boolean#283	0.7203588681849551	0.0	0.7203588681849551		_
com.google.javascript.jscomp.NodeTraversal#void#traverseFunction#?,Node,Node#503	0.3982056590752243	0.3982056590752243	0.7187025534851622	!(isFunctionExpression)	_
com.google.javascript.jscomp.CodeConsumer#void#appendBlockEnd#?#81	0.7187025534851621	0.0	0.7187025534851621		_
com.google.javascript.jscomp.CodeConsumer#void#appendBlockStart#?#77	0.7187025534851621	0.0	0.7187025534851621		_
com.google.javascript.jscomp.Scope$Var#Scope#getScope#?#196	0.7159420289855072	0.0	0.7159420289855072		_
com.google.javascript.jscomp.AstValidator#void#validateAssignmentExpression#?,Node#601	0.714423740510697	0.0	0.714423740510697		_
com.google.javascript.jscomp.AstValidator#void#validateAssignmentTarget#?,Node#611	0.7120772946859903	0.0	0.7120772946859903		_
com.google.javascript.jscomp.Scope#boolean#isDeclared#?,String,boolean#552	0.3555555555555555	0.3555555555555555	0.711111111111111	!(scope.parent != null && recurse)	_
com.google.javascript.rhino.jstype.FunctionType#void#addSubType#?,FunctionType#975	0.4728778467908903	0.4728778467908903	0.7068322981366459	subTypes == null	_
com.google.javascript.jscomp.NodeUtil#JSDocInfo#getInfoForNameNode#?,Node#2912	0.36011042097998625	0.36011042097998625	0.7029675638371291	info == null && parent != null && ((parent.getType() == Token.VAR && parent.hasOneChild()) || parent.getType() == Token.FUNCTION)	_
com.google.javascript.jscomp.Compiler#void#reportCodeChange#?#1729	0.694271911663216	0.0	0.694271911663216		_
com.google.javascript.jscomp.CodeChangeHandler$RecentChange#void#reportChange#?#40	0.694271911663216	0.0	0.694271911663216		_
com.google.javascript.rhino.jstype.InstanceObjectType#int#hashCode#?#176	0.24679089026915113	0.4451345755693582	0.6919254658385093	getReferenceName().hashCode()<=0	_
com.google.javascript.jscomp.JsAst#Node#getAstRoot#?,AbstractCompiler#52	0.17543133195307103	0.502967563837129	0.6783988957902001	!(root == null)	_
com.google.javascript.jscomp.NodeUtil#boolean#isFunction#?,Node#1912	0.6759144237405107	0.0	0.6759144237405107		_
com.google.javascript.rhino.Node#void#setLineno#?,int#1302	0.1505866114561767	0.5108350586611456	0.6614216701173223	getCharno()>lineno	_
com.google.javascript.jscomp.CodeGenerator#void#addList#?,Node#891	0.6466528640441684	0.0	0.6466528640441684		_
com.google.javascript.jscomp.PrepareAst$PrepareAnnotations#void#annotateDispatchers#?,Node,Node#198	0.3204968944099379	0.3206349206349206	0.6411318150448585	!(parent.getJSDocInfo() != null && parent.getJSDocInfo().isJavaDispatch())	_
com.google.javascript.jscomp.NodeTraversal#boolean#inGlobalScope#?#611	0.638095238095238	0.0	0.638095238095238		_
com.google.javascript.jscomp.AstValidator#void#validateParameters#?,Node#367	0.6342305037957212	0.0	0.6342305037957212		_
com.google.javascript.jscomp.SourceFile#boolean#isExtern#?#189	0.6276052449965493	0.0	0.6276052449965493		_
com.google.javascript.jscomp.DiagnosticGroupWarningsGuard#boolean#enables#?,DiagnosticGroup#52	0.31304347826086953	0.31304347826086953	0.6253968253968254	group.matches(type)	_
com.google.javascript.rhino.jstype.InstanceObjectType#boolean#defineProperty#?,String,JSType,boolean,Node#89	0.3084886128364389	0.3084886128364389	0.6169772256728778	!(proto != null && proto.hasOwnDeclaredProperty(name))	_
com.google.javascript.rhino.jstype.PrototypeObjectType#boolean#defineProperty#?,String,JSType,boolean,Node#238	0.3029675638371291	0.3029675638371291	0.6059351276742582	!(hasOwnDeclaredProperty(name))	_
com.google.javascript.jscomp.Scope#Var#declare#?,String,Node,JSType,CompilerInput#469	0.601656314699793	0.0	0.601656314699793		_
com.google.javascript.rhino.Node#int#getIntProp#?,int#915	0.2951000690131125	0.2951000690131125	0.590200138026225	0<=0	_
com.google.javascript.rhino.jstype.PrototypeObjectType#String#getReferenceName#?#429	0.29385783298826773	0.29385783298826773	0.5868875086266391	ownerFunction != null	_
com.google.javascript.rhino.jstype.JSTypeRegistry#void#addReferenceTypeIndexedByProperty#?,String,JSType#635	0.25383022774327124	0.3309868875086266	0.5846790890269151	!(typeSet == null)	_
com.google.javascript.jscomp.AstValidator#void#validateExprStmt#?,Node#476	0.5819185645272602	0.0	0.5819185645272602		_
com.google.javascript.rhino.jstype.JSTypeRegistry#void#registerPropertyOnType#?,String,JSType#618	0.2514837819185646	0.32698412698412693	0.5766735679779158	!(typeSet == null)	_
com.google.javascript.jscomp.LineNumberCheck#void#process#?,Node,Node#53	0.5751552795031056	0.0	0.5751552795031056		_
com.google.javascript.jscomp.parsing.IRFactory$TransformDispatcher#Node#processGeneric#?,com.google.javascript.jscomp.mozilla.rhino.Node#375	0.5747412008281574	0.0	0.5747412008281574		_
com.google.javascript.jscomp.NodeTraversal#void#pushScope#?,Node#542	0.4008281573498965	0.4008281573498965	0.5734989648033126	scopeCallback != null	_
com.google.javascript.rhino.Node#int#getChildCount#?#1547	0.17612146307798482	0.4	0.5722567287784679	c<=0	_
com.google.javascript.jscomp.Scope#Iterator<Var>#getVars#?#562	0.5665976535541752	0.0	0.5665976535541752		_
com.google.javascript.jscomp.Scope#Node#getRootNode#?#432	0.5664596273291925	0.0	0.5664596273291925		_
com.google.javascript.rhino.testing.BaseJSTypeTestCase#void#addNativeProperties#?,JSTypeRegistry#329	0.566183574879227	0.0	0.566183574879227		_
com.google.javascript.rhino.testing.BaseJSTypeTestCase#void#addMethod#?,JSTypeRegistry,ObjectType,String,JSType#386	0.566183574879227	0.0	0.566183574879227		_
com.google.javascript.jscomp.NodeTraversal#void#popScope#?#559	0.39227053140096624	0.39227053140096624	0.5649413388543824	scopeCallback != null	_
com.google.javascript.jscomp.NodeTraversal#?#NodeTraversal#?,AbstractCompiler,Callback,ScopeCreator#214	0.39227053140096624	0.39227053140096624	0.5648033126293996	cb instanceof ScopedCallback	_
com.google.javascript.jscomp.LineNumberCheck#?#LineNumberCheck#?,AbstractCompiler#42	0.5630089717046238	0.0	0.5630089717046238		_
com.google.javascript.rhino.Node#boolean#isEquivalentTo#?,Node#1764	0.5625948930296756	0.0	0.5625948930296756		_
com.google.javascript.rhino.jstype.ObjectType#boolean#isImplicitPrototype#?,ObjectType#473	0.3265700483091788	0.3265700483091788	0.5609385783298827	current.isEquivalentTo(prototype)	_
com.google.javascript.jscomp.parsing.IRFactory$TransformDispatcher#boolean#validAssignmentTarget#?,Node#977	0.5592822636300897	0.0	0.5592822636300897		_
com.google.javascript.rhino.Node#Node#detachFromParent#?#1995	0.5573498964803313	0.0	0.5573498964803313		_
com.google.javascript.jscomp.Compiler#void#initBasedOnOptions#?#367	0.2724637681159421	0.27922705314009666	0.5516908212560387	!(options.sourceMapOutputPath != null)	_
com.google.javascript.jscomp.CodeConsumer#void#addIdentifier#?,String#62	0.5507246376811594	0.0	0.5507246376811594		_
com.google.javascript.jscomp.CodeGenerator#void#addIdentifier#?,String#79	0.5503105590062112	0.0	0.5503105590062112		_
com.google.javascript.jscomp.Compiler#void#initInputsByIdMap#?#463	0.2746721877156659	0.2746721877156659	0.5493443754313319	!(previous != null)	_
com.google.javascript.rhino.jstype.InstanceObjectType#boolean#isEquivalentTo#?,JSType#162	0.31759834368530016	0.31759834368530016	0.5492063492063491	thatObj != null && thatObj.isNominalType()	_
com.google.javascript.jscomp.CodeGenerator#void#add#?,String#75	0.548792270531401	0.0	0.548792270531401		_
com.google.javascript.jscomp.Compiler#String#toSource#?,Node#1532	0.5478260869565217	0.0	0.5478260869565217		_
com.google.javascript.jscomp.CodePrinter$CompactCodePrinter#void#notePreferredLineBreak#?#479	0.5465838509316769	0.0	0.5465838509316769		_
com.google.javascript.jscomp.CodePrinter$CompactCodePrinter#void#append#?,String#417	0.5463077984817115	0.0	0.5463077984817115		_
com.google.javascript.jscomp.Compiler#void#initModules#?,List<JSSourceFile>,List<JSModule>,CompilerOptions#342	0.273567977915804	0.273567977915804	0.5460317460317461	!(modules.size() > 1)	_
com.google.javascript.jscomp.Compiler#void#fillEmptyModules#?,List<JSModule>#410	0.2724637681159421	0.2727398205659075	0.5452035886818496	!(module.getInputs().isEmpty())	_
com.google.javascript.jscomp.Compiler#void#checkFirstModule#?,List<JSModule>#395	0.2724637681159421	0.2724637681159421	0.5449275362318842	!(modules.isEmpty())	_
com.google.javascript.rhino.jstype.FunctionType#?#FunctionType#?,JSTypeRegistry,String,Node,ArrowType,ObjectType,String,boolean,boolean#143	0.30779848171152524	0.30779848171152524	0.5446514837819186	!(isConstructor)	_
com.google.javascript.jscomp.AstValidator#void#validateName#?,Node#341	0.5442374051069703	0.0	0.5442374051069703		_
com.google.javascript.jscomp.AstValidator#void#validateRoot#?,Node#71	0.5421670117322291	0.0	0.5421670117322291		_
com.google.javascript.rhino.Node$IntPropListItem#int#getIntValue#?#437	0.27053140096618356	0.27053140096618356	0.5410628019323671	intValue>0	_
com.google.javascript.jscomp.CodeConsumer#boolean#isWordChar#?,char#262	0.5405106970324361	0.0	0.5405106970324361		_
com.google.javascript.jscomp.CodePrinter$Builder#Builder#setSourceMapDetailLevel#?,SourceMap.DetailLevel#560	0.5392684610075915	0.0	0.5392684610075915		_
com.google.javascript.jscomp.CodePrinter$Builder#Builder#setOutputCharset#?,Charset#569	0.5392684610075915	0.0	0.5392684610075915		_
com.google.javascript.jscomp.Compiler#String#toSource#?,Node,SourceMap,boolean#1551	0.5392684610075915	0.0	0.5392684610075915		_
com.google.javascript.jscomp.CompilerOptions#LanguageMode#getLanguageOut#?#1323	0.5392684610075915	0.0	0.5392684610075915		_
com.google.javascript.jscomp.parsing.IRFactory#Node#transformTree#?,AstRoot,StaticSourceFile,String,Config,ErrorReporter#172	0.1507246376811594	0.388543823326432	0.5392684610075914	!(node.getComments() != null)	_
com.google.javascript.jscomp.CodePrinter$Builder#Builder#setTagAsStrict#?,boolean#576	0.5391304347826087	0.0	0.5391304347826087		_
com.google.javascript.rhino.Node$StringNode#boolean#isEquivalentTo#?,Node,boolean,boolean#330	0.5383022774327122	0.0	0.5383022774327122		_
com.google.javascript.rhino.jstype.FunctionParamBuilder#boolean#addOptionalParams#?,JSType#80	0.2691511387163561	0.2691511387163561	0.5383022774327122	!(hasVarArgs())	_
com.google.javascript.rhino.jstype.UnionTypeBuilder#UnionTypeBuilder#addAlternate#?,JSType#144	0.32173913043478264	0.32173913043478264	0.5334713595583161	alternate.isSubtype(current)	_
com.google.javascript.jscomp.CodePrinter$Builder#Builder#setSourceMap#?,SourceMap#550	0.5330572808833678	0.0	0.5330572808833678		_
com.google.javascript.jscomp.CodePrinter$Builder#Builder#setLineLengthThreshold#?,int#539	0.5322291235334713	0.0	0.5322291235334713		_
com.google.javascript.jscomp.CodeChangeHandler$RecentChange#void#reset#?#48	0.5304347826086957	0.0	0.5304347826086957		_
com.google.javascript.rhino.jstype.JSTypeRegistry#JSType#createOptionalType#?,JSType#924	0.26708074534161486	0.26708074534161486	0.5301587301587302	type instanceof UnknownType || type.isAllType()	_
com.google.javascript.jscomp.CodePrinter$Builder#Builder#setLineBreak#?,boolean#519	0.5298826777087646	0.0	0.5298826777087646		_
com.google.javascript.jscomp.CodePrinter$CompactCodePrinter#?#CompactCodePrinter#?,boolean,int,boolean,SourceMap.DetailLevel#407	0.5287784679089027	0.0	0.5287784679089027		_
com.google.javascript.jscomp.AstValidator#?#AstValidator#?#48	0.5278122843340234	0.0	0.5278122843340234		_
com.google.javascript.jscomp.Compiler#void#init#?,JSSourceFile[],JSSourceFile[],CompilerOptions#298	0.5261559696342305	0.0	0.5261559696342305		_
com.google.javascript.jscomp.CodePrinter$Builder#Builder#setPrettyPrint#?,boolean#510	0.5238095238095238	0.0	0.5238095238095238		_
com.google.javascript.jscomp.CodePrinter$MappedCodePrinter#String#getCode#?#179	0.5229813664596273	0.0	0.5229813664596273		_
com.google.javascript.jscomp.NodeUtil#String#opToStr#?,int#2254	0.5229813664596273	0.0	0.5229813664596273		_
com.google.javascript.jscomp.CodePrinter$Builder#?#Builder#?,Node#502	0.5229813664596273	0.0	0.5229813664596273		_
com.google.javascript.jscomp.CodePrinter$MappedCodePrinter#?#MappedCodePrinter#?,int,boolean,SourceMap.DetailLevel#61	0.5229813664596273	0.0	0.5229813664596273		_
com.google.javascript.jscomp.CodeGenerator#void#add#?,Node#83	0.5229813664596273	0.0	0.5229813664596273		_
com.google.javascript.rhino.Node#Node#cloneNode#?#2071	0.5229813664596273	0.0	0.5229813664596273		_
com.google.javascript.jscomp.CodeConsumer#boolean#continueProcessing#?#53	0.5229813664596273	0.0	0.5229813664596273		_
com.google.javascript.jscomp.CompilerOptions#void#setCodingConvention#?,CodingConvention#1239	0.5221532091097308	0.0	0.5221532091097308		_
com.google.javascript.jscomp.NodeUtil#boolean#isHoistedFunctionDeclaration#?,Node#1960	0.5209109730848862	0.0	0.5209109730848862		_
com.google.javascript.jscomp.ComposeWarningsGuard#boolean#enables#?,DiagnosticGroup#142	0.31304347826086953	0.31304347826086953	0.5164941338854382	guard.enables(group)	_
com.google.javascript.rhino.jstype.FunctionParamBuilder#boolean#addRequiredParams#?,JSType#63	0.25672877846790887	0.25672877846790887	0.5134575569358177	!(hasOptionalOrVarArgs())	_
com.google.javascript.jscomp.CompilerOptions#void#setLanguageIn#?,LanguageMode#1314	0.5077984817115252	0.0	0.5077984817115252		_
com.google.javascript.rhino.jstype.InstanceObjectType#String#toString#?#97	0.25369220151828853	0.25369220151828853	0.5073844030365771	constructor.hasReferenceName()	_
com.google.javascript.jscomp.Compiler#boolean#hasErrors#?#1877	0.5024154589371981	0.0	0.5024154589371981		_
com.google.javascript.rhino.jstype.FunctionType#FunctionType#getSuperClassConstructor#?#723	0.26611456176673565	0.26611456176673565	0.4997929606625259	maybeSuperInstanceType == null	_
com.google.javascript.rhino.jstype.UnknownType#?#UnknownType#?,JSTypeRegistry,boolean#59	0.4966183574879227	0.0	0.4966183574879227		_
com.google.javascript.rhino.jstype.StringType#?#StringType#?,JSTypeRegistry#53	0.4966183574879227	0.0	0.4966183574879227		_
com.google.javascript.rhino.jstype.JSTypeRegistry#void#register#?,JSType#587	0.4966183574879227	0.0	0.4966183574879227		_
com.google.javascript.rhino.jstype.JSTypeRegistry#void#registerNativeType#?,JSTypeNative,JSType#601	0.4966183574879227	0.0	0.4966183574879227		_
com.google.javascript.rhino.jstype.ErrorFunctionType#?#ErrorFunctionType#?,JSTypeRegistry,String#73	0.4966183574879227	0.0	0.4966183574879227		_
com.google.javascript.rhino.jstype.FunctionType#ArrowType#getInternalArrowType#?#273	0.4966183574879227	0.0	0.4966183574879227		_
com.google.javascript.rhino.jstype.AllType#?#AllType#?,JSTypeRegistry#53	0.4966183574879227	0.0	0.4966183574879227		_
com.google.javascript.rhino.jstype.JSTypeRegistry#void#resetForTypeCheck#?#241	0.4966183574879227	0.0	0.4966183574879227		_
com.google.javascript.rhino.jstype.FunctionType#void#setInstanceType#?,ObjectType#940	0.4966183574879227	0.0	0.4966183574879227		_
com.google.javascript.rhino.jstype.NumberType#?#NumberType#?,JSTypeRegistry#53	0.4966183574879227	0.0	0.4966183574879227		_
com.google.javascript.rhino.jstype.JSTypeRegistry#ArrowType#createArrowType#?,Node#1007	0.4966183574879227	0.0	0.4966183574879227		_
com.google.javascript.rhino.jstype.JSTypeRegistry#?#JSTypeRegistry#?,ErrorReporter,boolean#210	0.4966183574879227	0.0	0.4966183574879227		_
com.google.javascript.rhino.jstype.JSTypeRegistry#void#initializeRegistry#?#567	0.4966183574879227	0.0	0.4966183574879227		_
com.google.javascript.rhino.jstype.NoObjectType#?#NoObjectType#?,JSTypeRegistry#67	0.4966183574879227	0.0	0.4966183574879227		_
com.google.javascript.rhino.jstype.JSTypeRegistry#Node#createOptionalParameters#?,JSType#1169	0.4966183574879227	0.0	0.4966183574879227		_
com.google.javascript.rhino.jstype.BooleanType#?#BooleanType#?,JSTypeRegistry#53	0.4966183574879227	0.0	0.4966183574879227		_
com.google.javascript.rhino.jstype.NoResolvedType#?#NoResolvedType#?,JSTypeRegistry#59	0.4966183574879227	0.0	0.4966183574879227		_
com.google.javascript.rhino.jstype.NullType#?#NullType#?,JSTypeRegistry#54	0.4966183574879227	0.0	0.4966183574879227		_
com.google.javascript.rhino.jstype.NoType#?#NoType#?,JSTypeRegistry#65	0.4966183574879227	0.0	0.4966183574879227		_
com.google.javascript.rhino.jstype.ValueType#?#ValueType#?,JSTypeRegistry#49	0.4966183574879227	0.0	0.4966183574879227		_
com.google.javascript.rhino.jstype.VoidType#?#VoidType#?,JSTypeRegistry#54	0.4966183574879227	0.0	0.4966183574879227		_
com.google.javascript.rhino.jstype.JSTypeRegistry#void#initializeBuiltInTypes#?#530	0.4966183574879227	0.0	0.4966183574879227		_
com.google.javascript.rhino.jstype.JSTypeRegistry#FunctionType#createFunctionTypeWithVarArgs#?,JSType,JSType#1054	0.49606625258799175	0.0	0.49606625258799175		_
com.google.javascript.rhino.jstype.JSTypeRegistry#FunctionType#createFunctionType#?,JSType,Node#1248	0.49510006901311254	0.0	0.49510006901311254		_
com.google.javascript.rhino.jstype.JSTypeRegistry#Node#createParametersWithVarArgs#?,JSType#1160	0.4941338854382332	0.0	0.4941338854382332		_
com.google.javascript.jscomp.parsing.IRFactory$TransformDispatcher#Node#processInfixExpression#?,InfixExpression#666	0.49068322981366463	0.0	0.49068322981366463		_
com.google.javascript.jscomp.NodeUtil#InputId#getInputId#?,Node#2971	0.24016563146997927	0.24016563146997927	0.48033126293995854	n != null && n.getType() != Token.SCRIPT	_
com.google.javascript.rhino.jstype.FunctionBuilder#FunctionBuilder#withReturnType#?,JSType#96	0.47881297446514837	0.0	0.47881297446514837		_
com.google.javascript.rhino.jstype.BooleanType#String#toString#?#103	0.4774327122153209	0.0	0.4774327122153209		_
com.google.javascript.rhino.jstype.BooleanType#String#getDisplayName#?#108	0.4774327122153209	0.0	0.4774327122153209		_
com.google.javascript.rhino.jstype.FunctionType#void#setPrototypeBasedOn#?,ObjectType#325	0.47522429261559695	0.0	0.47522429261559695		_
com.google.javascript.rhino.jstype.PrototypeObjectType#?#PrototypeObjectType#?,JSTypeRegistry,String,ObjectType,boolean#121	0.24858523119392684	0.24858523119392684	0.46997929606625255	!(nativeType || implicitPrototype != null)	_
com.google.javascript.rhino.jstype.PrototypeObjectType#boolean#implicitPrototypeChainIsUnknown#?#493	0.2343685300207039	0.2343685300207039	0.4687370600414078	!(p != null)	_
com.google.javascript.rhino.jstype.PrototypeObjectType#boolean#isSubtype#?,JSType#464	0.2343685300207039	0.2343685300207039	0.4687370600414078	!(thatCtor != null && thatCtor.isInterface())	_
com.google.javascript.rhino.jstype.NullType#String#getDisplayName#?#109	0.4615596963423051	0.0	0.4615596963423051		_
com.google.javascript.rhino.jstype.NullType#String#toString#?#104	0.4615596963423051	0.0	0.4615596963423051		_
com.google.javascript.jscomp.parsing.IRFactory$TransformDispatcher#boolean#isDirective#?,Node#469	0.15210489993098686	0.30269151138716355	0.45341614906832295	n == null	_
com.google.javascript.rhino.InputId#int#hashCode#?#61	0.1794340924775707	0.2726017943409248	0.4520358868184955	id.hashCode()<0	_
com.google.javascript.rhino.jstype.FunctionType#ObjectType#getPrototype#?#307	0.23409247757073848	0.23409247757073848	0.4496894409937888	prototypeSlot == null	_
com.google.javascript.rhino.jstype.ObjectType#boolean#isUnknownType#?#495	0.22236024844720492	0.22236024844720492	0.44403036576949617	implicitProto == null || implicitProto.isNativeObjectType()	_
com.google.javascript.jscomp.LoggerErrorManager#?#LoggerErrorManager#?,MessageFormatter,Logger#38	0.44016563146997933	0.0	0.44016563146997933		_
com.google.javascript.jscomp.Compiler#?#Compiler#?#184	0.43961352657004826	0.0	0.43961352657004826		_
com.google.javascript.jscomp.Compiler#Config#getParserConfig#?#1767	0.25672877846790887	0.2629399585921325	0.4383712905452035	!(parserConfig == null)	_
com.google.javascript.jscomp.CompilerOptions#void#setWarningLevel#?,DiagnosticGroup,CheckLevel#1026	0.4311939268461008	0.0	0.4311939268461008		_
com.google.javascript.jscomp.CompilerOptions#void#addWarningsGuard#?,WarningsGuard#1052	0.4311939268461008	0.0	0.4311939268461008		_
com.google.javascript.rhino.Node#boolean#hasMoreThanOneChild#?#1539	0.4295376121463078	0.0	0.4295376121463078		_
com.google.javascript.jscomp.AbstractMessageFormatter#void#setColorize#?,boolean#37	0.42898550724637685	0.0	0.42898550724637685		_
com.google.javascript.jscomp.CompilerOptions#boolean#shouldColorizeErrorOutput#?#1202	0.42898550724637685	0.0	0.42898550724637685		_
com.google.javascript.jscomp.Compiler#MessageFormatter#createMessageFormatter#?#221	0.42898550724637685	0.0	0.42898550724637685		_
com.google.javascript.jscomp.Compiler#void#setErrorManager#?,ErrorManager#212	0.4287094547964113	0.0	0.4287094547964113		_
com.google.javascript.jscomp.AbstractMessageFormatter#?#AbstractMessageFormatter#?,SourceExcerptProvider#33	0.4284334023464458	0.0	0.4284334023464458		_
com.google.javascript.jscomp.LightweightMessageFormatter#?#LightweightMessageFormatter#?,SourceExcerptProvider,SourceExcerpt#49	0.4284334023464458	0.0	0.4284334023464458		_
com.google.javascript.jscomp.ComposeWarningsGuard#?#ComposeWarningsGuard#?,WarningsGuard#83	0.4284334023464458	0.0	0.4284334023464458		_
com.google.javascript.jscomp.LightweightMessageFormatter#?#LightweightMessageFormatter#?,SourceExcerptProvider#44	0.4284334023464458	0.0	0.4284334023464458		_
com.google.javascript.jscomp.CompilerOptions#?#CompilerOptions#?#878	0.4284334023464458	0.0	0.4284334023464458		_
com.google.javascript.jscomp.RhinoErrorReporter$NewRhinoErrorReporter#?#NewRhinoErrorReporter#?,AbstractCompiler#159	0.42829537612146307	0.0	0.42829537612146307		_
com.google.javascript.jscomp.RhinoErrorReporter#com.google.javascript.jscomp.mozilla.rhino.ErrorReporter#forNewRhino#?,AbstractCompiler#105	0.42829537612146307	0.0	0.42829537612146307		_
com.google.javascript.jscomp.RhinoErrorReporter#ErrorReporter#forOldRhino#?,AbstractCompiler#109	0.42829537612146307	0.0	0.42829537612146307		_
com.google.javascript.jscomp.Compiler#void#addChangeHandler#?,CodeChangeHandler#1714	0.42829537612146307	0.0	0.42829537612146307		_
com.google.javascript.jscomp.RhinoErrorReporter$OldRhinoErrorReporter#?#OldRhinoErrorReporter#?,AbstractCompiler#144	0.42829537612146307	0.0	0.42829537612146307		_
com.google.javascript.jscomp.Compiler#?#Compiler#?,PrintStream#193	0.42829537612146307	0.0	0.42829537612146307		_
com.google.javascript.jscomp.RhinoErrorReporter#?#RhinoErrorReporter#?,AbstractCompiler#74	0.42829537612146307	0.0	0.42829537612146307		_
com.google.javascript.jscomp.RhinoErrorReporter#Pattern#replacePlaceHolders#?,String#70	0.42829537612146307	0.0	0.42829537612146307		_
com.google.javascript.jscomp.PassFactory#?#PassFactory#?,String,boolean#43	0.42636300897170465	0.0	0.42636300897170465		_
com.google.javascript.rhino.jstype.JSType#int#hashCode#?#417	0.21269841269841272	0.21269841269841272	0.42539682539682544	System.identityHashCode(this)!=0	_
com.google.javascript.rhino.jstype.UnionTypeBuilder#JSType#reduceAlternatesWithoutUnion#?#180	0.21352657004830922	0.21352657004830922	0.4249827467218772	size > 1	_
com.google.javascript.rhino.jstype.UnionTypeBuilder#JSType#build#?#198	0.21352657004830922	0.21352657004830922	0.42291235334713595	result == null	_
com.google.javascript.jscomp.NodeUtil#boolean#isObjectLitKey#?,Node,Node#2138	0.4222222222222223	0.0	0.4222222222222223		_
com.google.javascript.jscomp.NodeTraversal#CompilerInput#getInput#?#415	0.42042788129744646	0.0	0.42042788129744646		_
com.google.javascript.rhino.jstype.VoidType#String#toString#?#96	0.4189095928226363	0.0	0.4189095928226363		_
com.google.javascript.rhino.jstype.VoidType#String#getDisplayName#?#101	0.4189095928226363	0.0	0.4189095928226363		_
com.google.javascript.rhino.jstype.NumberType#String#toString#?#97	0.4180814354727398	0.0	0.4180814354727398		_
com.google.javascript.rhino.jstype.NumberType#String#getDisplayName#?#102	0.4180814354727398	0.0	0.4180814354727398		_
com.google.javascript.jscomp.NodeUtil#boolean#isFunctionDeclaration#?,Node#1951	0.4179434092477571	0.0	0.4179434092477571		_
com.google.javascript.rhino.jstype.JSType#boolean#isSubtype#?,JSType,JSType#996	0.20703933747412007	0.20703933747412007	0.41407867494824013	!(thatType.isUnionType())	_
com.google.javascript.rhino.ScriptRuntime#String#getMessage0#?,String#422	0.4100759144237405	0.0	0.4100759144237405		_
com.google.javascript.rhino.Context#Context#getCurrentContext#?#400	0.40910973084886126	0.0	0.40910973084886126		_
com.google.javascript.rhino.ScriptRuntime#String#getMessage#?,String,Object[]#481	0.40910973084886126	0.0	0.40910973084886126		_
com.google.javascript.jscomp.ComposeWarningsGuard$GuardComparator#int#compare#?,WarningsGuard,WarningsGuard#64	0.2030365769496204	0.2030365769496204	0.4060731538992408	priorityDiff!=0	_
com.google.javascript.jscomp.WarningsGuard#int#getPriority#?#84	0.2028985507246377	0.2028985507246377	0.4057971014492754	Priority.DEFAULT.value>0	_
com.google.javascript.rhino.Node#JSType#getJSType#?#2192	0.4040027605244997	0.0	0.4040027605244997		_
com.google.javascript.rhino.jstype.JSTypeRegistry#JSType#createNullableType#?,JSType#946	0.40358868184955143	0.0	0.40358868184955143		_
com.google.javascript.jscomp.SuppressDocWarningsGuard#int#getPriority#?#99	0.2004140786749482	0.2004140786749482	0.4008281573498964	WarningsGuard.Priority.SUPPRESS_DOC.value!=0	_
com.google.javascript.jscomp.ComposeWarningsGuard#void#addGuard#?,WarningsGuard#87	0.2004140786749482	0.2004140786749482	0.4006901311249137	guard instanceof ComposeWarningsGuard	_
com.google.javascript.jscomp.parsing.ParserRunner#Node#parse#?,StaticSourceFile,String,Config,ErrorReporter,Logger#120	0.2335403726708074	0.2335403726708074	0.3961352657004831	config.isIdeMode || config.languageMode != LanguageMode.ECMASCRIPT3	_
com.google.javascript.rhino.jstype.PrototypeObjectType#?#PrototypeObjectType#?,JSTypeRegistry,String,ObjectType#108	0.39144237405106974	0.0	0.39144237405106974		_
com.google.javascript.rhino.jstype.JSType#boolean#isEquivalentTo#?,JSType#394	0.19627329192546583	0.19627329192546583	0.3904761904761904	!(jsType instanceof ProxyObjectType)	_
com.google.javascript.rhino.Node#?#Node#?,int,Node,Node#493	0.19047619047619047	0.19047619047619047	0.38095238095238093	-1<nodeType	_
com.google.javascript.jscomp.NodeUtil#boolean#isStatementParent#?,Node#1766	0.3808143547273982	0.0	0.3808143547273982		_
com.google.javascript.jscomp.Compiler#int#getErrorCount#?#1852	0.1864734299516908	0.18785369220151826	0.37432712215320907	errorManager.getErrorCount()==0	_
com.google.javascript.jscomp.CompilerInput#Node#getAstRoot#?,AbstractCompiler#123	0.18233264320220843	0.18233264320220843	0.36466528640441687	root != null	_
com.google.javascript.jscomp.CompilerInput#?#CompilerInput#?,SourceAst,InputId,boolean#83	0.18040027605245001	0.18040027605245001	0.3606625258799172	ast != null && ast.getSourceFile() != null	_
com.google.javascript.rhino.Node#boolean#hasOneChild#?#1529	0.3552795031055901	0.0	0.3552795031055901		_
com.google.javascript.jscomp.parsing.IRFactory#int#position2charno#?,int#360	0.15555555555555556	0.19820565907522425	0.3537612146307798	position>0	_
com.google.javascript.jscomp.Compiler#void#stopTracer#?,Tracer,String#878	0.17667356797791578	0.17667356797791578	0.35334713595583156	!(options.tracer.isOn())	_
com.google.javascript.jscomp.Compiler#Tracer#newTracer#?,String#870	0.17667356797791578	0.17667356797791578	0.35334713595583156	!(options.tracer.isOn())	_
com.google.javascript.jscomp.JsAst#void#parse#?,AbstractCompiler#96	0.17708764665286403	0.17708764665286403	0.35251897860593506	!(root == null || compiler.hasHaltingErrors())	_
com.google.javascript.jscomp.Scope#boolean#isLocal#?#605	0.35058661145617664	0.0	0.35058661145617664		_
com.google.javascript.jscomp.Scope#boolean#isGlobal#?#598	0.34989648033126297	0.0	0.34989648033126297		_
com.google.javascript.jscomp.parsing.IRFactory#void#setSourceInfo#?,Node,AstNode#305	0.1507246376811594	0.19917184265010357	0.34989648033126297	!(irNode.getLineno() == -1)	_
com.google.javascript.jscomp.Tracer#long#stop#?,int#412	0.17487922705314007	0.17487922705314007	0.34975845410628015	!trace.isInitialized()	_
com.google.javascript.jscomp.Tracer#ThreadTrace#getThreadTrace#?#960	0.17487922705314007	0.17487922705314007	0.34975845410628015	!(t == null)	_
com.google.javascript.jscomp.Tracer#long#stop#?#441	0.17487922705314007	0.17487922705314007	0.34975845410628015	stop(-1)>=0	_
com.google.javascript.jscomp.Tracer#?#Tracer#?,String,String#240	0.17487922705314007	0.17487922705314007	0.34975845410628015	!(!extraTracingStatistics.isEmpty())	_
com.google.javascript.jscomp.SourceFile#?#SourceFile#?,String#87	0.17446514837819183	0.17446514837819183	0.34893029675638365	!(fileName == null || fileName.isEmpty())	_
com.google.javascript.jscomp.NodeTraversal#void#traverseBranch#?,Node,Node#455	0.3204968944099379	0.1751552795031056	0.34782608695652173	type == Token.SCRIPT	_
com.google.javascript.jscomp.BasicErrorManager#int#getErrorCount#?#76	0.17198067632850245	0.17377501725327815	0.3457556935817806	errorCount==0	_
com.google.javascript.jscomp.Scope#Scope#getParent#?#436	0.3440993788819876	0.0	0.3440993788819876		_
com.google.javascript.jscomp.Scope#Var#declare#?,String,Node,JSType,CompilerInput,boolean#491	0.34285714285714286	0.0	0.34285714285714286		_
com.google.javascript.jscomp.Scope$Var#?#Var#?,boolean,String,Node,JSType,Scope,int,CompilerInput,boolean,JSDocInfo#139	0.34285714285714286	0.0	0.34285714285714286		_
com.google.javascript.jscomp.parsing.IRFactory#void#maybeSetLengthFrom#?,Node,AstNode#352	0.1507246376811594	0.18868184955141476	0.33940648723257416	!(config.isIdeMode)	_
com.google.javascript.jscomp.Compiler#CompilerInput#getInput#?,InputId#967	0.3316770186335404	0.0	0.3316770186335404		_
com.google.javascript.jscomp.Scope#?#Scope#?,Node,AbstractCompiler#396	0.3285024154589372	0.0	0.3285024154589372		_
com.google.javascript.jscomp.NodeUtil#boolean#isControlStructure#?,Node#1669	0.325879917184265	0.0	0.325879917184265		_
com.google.javascript.rhino.Node#PropListItem#lookupProperty#?,int#844	0.1628709454796411	0.1628709454796411	0.3257418909592822	x != null && propType != x.getType()	_
com.google.javascript.jscomp.parsing.IRFactory$TransformDispatcher#Node#processName#?,Name,boolean#726	0.16080055210489996	0.16080055210489996	0.3216011042097999	!(isReservedKeyword(nameNode.getIdentifier()))	_
com.google.javascript.rhino.jstype.JSType#boolean#isNominalType#?#339	0.32118702553485157	0.0	0.32118702553485157		_
com.google.javascript.jscomp.PrepareAst$PrepareAnnotations#void#annotateFunctions#?,Node,Node#235	0.3204968944099379	0.0	0.3204968944099379		_
com.google.javascript.jscomp.PrepareAst$PrepareAnnotations#void#visit#?,NodeTraversal,Node,Node#156	0.3204968944099379	0.0	0.3204968944099379		_
com.google.javascript.jscomp.NodeUtil#boolean#isFunctionExpression#?,Node#1989	0.31842650103519665	0.0	0.31842650103519665		_
com.google.javascript.jscomp.NodeUtil#boolean#isStatement#?,Node#1754	0.3159420289855073	0.0	0.3159420289855073		_
com.google.javascript.rhino.jstype.FunctionBuilder#FunctionBuilder#withParamsNode#?,Node#90	0.3142857142857143	0.0	0.3142857142857143		_
com.google.javascript.rhino.Node#void#setCharno#?,int#1310	0.1507246376811594	0.16190476190476188	0.3126293995859213	mergeLineCharNo(getLineno(),charno)>charno	_
com.google.javascript.jscomp.NodeUtil#boolean#isStatementBlock#?,Node#1747	0.31235334713595586	0.0	0.31235334713595586		_
com.google.javascript.jscomp.parsing.IRFactory$TransformDispatcher#Node#processBlock#?,Block#479	0.31042097998619733	0.0	0.31042097998619733		_
com.google.javascript.rhino.jstype.FunctionBuilder#?#FunctionBuilder#?,JSTypeRegistry#65	0.3075224292615597	0.0	0.3075224292615597		_
com.google.javascript.rhino.jstype.FunctionBuilder#FunctionType#build#?#159	0.3075224292615597	0.0	0.3075224292615597		_
com.google.javascript.rhino.jstype.PrototypeObjectType#FunctionType#getConstructor#?#406	0.30545203588681846	0.0	0.30545203588681846		_
com.google.javascript.jscomp.parsing.IRFactory#Node#newNode#?,int,Node,Node#1272	0.3048999309868875	0.0	0.3048999309868875		_
com.google.javascript.rhino.Node#boolean#hasChildren#?#632	0.30462387853692197	0.0	0.30462387853692197		_
com.google.javascript.rhino.jstype.ObjectType#boolean#defineDeclaredProperty#?,String,JSType,Node#282	0.30434782608695654	0.0	0.30434782608695654		_
com.google.javascript.rhino.jstype.ObjectType#boolean#hasOwnDeclaredProperty#?,String#426	0.3029675638371291	0.0	0.3029675638371291		_
com.google.javascript.rhino.jstype.PrototypeObjectType#boolean#hasOwnProperty#?,String#176	0.3024154589371981	0.0	0.3024154589371981		_
com.google.javascript.jscomp.parsing.IRFactory#void#setFileOverviewJsDoc#?,Node#193	0.1507246376811594	0.15113871635610765	0.30186335403726705	!(fileOverviewInfo != null)	_
com.google.javascript.jscomp.parsing.IRFactory$TransformDispatcher#void#parseDirectives#?,Node#463	0.1507246376811594	0.1507246376811594	0.3014492753623188	!(directives != null)	_
com.google.javascript.jscomp.parsing.IRFactory#JSDocInfo#handleJsDoc#?,AstNode,Node#253	0.1507246376811594	0.1507246376811594	0.3014492753623188	!(comment != null)	_
com.google.javascript.jscomp.parsing.IRFactory#Node#transform#?,AstNode#266	0.1507246376811594	0.1507246376811594	0.3014492753623188	!(jsDocInfo != null)	_
com.google.javascript.jscomp.parsing.ParserRunner#void#initResourceConfig#?#77	0.1523809523809524	0.1523809523809524	0.30006901311249135	annotationNames != null	_
com.google.javascript.rhino.Node#int#extractLineno#?,int#1348	0.1489302967563837	0.15707384403036573	0.2978605935127674	-1<0	_
com.google.javascript.jscomp.parsing.ParserRunner#Config#createConfig#?,boolean,LanguageMode,boolean,Set<String>#66	0.14768806073153895	0.14768806073153895	0.2953761214630779	extraAnnotationNames == null	_
com.google.javascript.jscomp.NodeTraversal$AbstractPostOrderCallback#boolean#shouldTraverse#?,NodeTraversal,Node,Node#133	0.2901311249137336	0.0	0.2901311249137336		_
com.google.javascript.jscomp.BasicErrorManager#JSError[]#getWarnings#?#91	0.2837819185645273	0.0	0.2837819185645273		_
com.google.javascript.jscomp.Compiler#JSError[]#getWarnings#?#912	0.2837819185645273	0.0	0.2837819185645273		_
com.google.javascript.rhino.Node#int#getLineno#?#1283	0.12477570738440302	0.15734989648033126	0.2821256038647343	extractLineno(sourcePosition)>0	_
com.google.javascript.rhino.Node#PropListItem#removeProp#?,PropListItem,int#884	0.17694962042788132	0.17694962042788132	0.27729468599033813	result != item.getNext()	_
com.google.javascript.jscomp.Compiler#List<CompilerInput>#makeCompilerInput#?,List<JSSourceFile>,boolean#376	0.2746721877156659	0.0	0.2746721877156659		_
com.google.javascript.jscomp.Compiler#void#init#?,List<JSSourceFile>,List<JSSourceFile>,CompilerOptions#309	0.27398205659075225	0.0	0.27398205659075225		_
com.google.javascript.jscomp.Compiler#List<CompilerInput>#getAllInputsFromModules#?,List<JSModule>#432	0.2724637681159421	0.0	0.2724637681159421		_
com.google.javascript.jscomp.JSModule#?#JSModule#?,String#64	0.27232574189095926	0.0	0.27232574189095926		_
com.google.javascript.jscomp.JSModule#void#add#?,JSSourceFile#94	0.27218771566597655	0.0	0.27218771566597655		_
com.google.javascript.jscomp.JSModule#void#add#?,CompilerInput#105	0.271911663216011	0.0	0.271911663216011		_
com.google.javascript.jscomp.CompilerInput#void#setModule#?,JSModule#315	0.271911663216011	0.0	0.271911663216011		_
com.google.javascript.jscomp.JSModule#List<CompilerInput>#getInputs#?#194	0.271911663216011	0.0	0.271911663216011		_
com.google.javascript.jscomp.CompilerInput#String#getName#?#105	0.27135955831608005	0.0	0.27135955831608005		_
com.google.javascript.rhino.Node$StringNode#?#StringNode#?,int,String#293	0.13485162180814358	0.13485162180814358	0.26970324361628717	!(null == str)	_
com.google.javascript.rhino.Node#void#setOptionalArg#?,boolean#2268	0.2690131124913734	0.0	0.2690131124913734		_
com.google.javascript.rhino.InputId#String#getIdName#?#56	0.26859903381642514	0.0	0.26859903381642514		_
com.google.javascript.rhino.Node#void#setVarArgs#?,boolean#2250	0.2655624568668047	0.0	0.2655624568668047		_
com.google.javascript.rhino.jstype.FunctionParamBuilder#boolean#hasVarArgs#?#140	0.265424430641822	0.0	0.265424430641822		_
com.google.javascript.rhino.jstype.JSTypeRegistry#void#register#?,JSType,String#591	0.26432022084195994	0.0	0.26432022084195994		_
com.google.javascript.rhino.Node#void#addChildToBack#?,Node#708	0.1472739820565907	0.1472739820565907	0.26418219461697723	!(last == null)	_
com.google.javascript.rhino.jstype.JSTypeRegistry#ArrowType#createArrowType#?,Node,JSType#997	0.263216011042098	0.0	0.263216011042098		_
com.google.javascript.rhino.jstype.ArrowType#?#ArrowType#?,JSTypeRegistry,Node,JSType#64	0.2622498274672188	0.0	0.2622498274672188		_
com.google.javascript.rhino.jstype.InstanceObjectType#?#InstanceObjectType#?,JSTypeRegistry,FunctionType,boolean#62	0.262111801242236	0.0	0.262111801242236		_
com.google.javascript.rhino.Node#void#putIntProp#?,int,int#947	0.13084886128364392	0.13084886128364392	0.261559696342305	value != 0	_
com.google.javascript.rhino.jstype.StringType#String#getDisplayName#?#97	0.2612836438923395	0.0	0.2612836438923395		_
com.google.javascript.rhino.jstype.StringType#String#toString#?#92	0.2612836438923395	0.0	0.2612836438923395		_
com.google.javascript.rhino.jstype.AllType#boolean#isAllType#?#68	0.2612836438923395	0.0	0.2612836438923395		_
com.google.javascript.rhino.jstype.FunctionParamBuilder#boolean#hasOptionalOrVarArgs#?#134	0.25672877846790887	0.0	0.25672877846790887		_
com.google.javascript.jscomp.parsing.IRFactory#?#IRFactory#?,String,StaticSourceFile,Config,ErrorReporter#144	0.2552104899930987	0.0	0.2552104899930987		_
com.google.javascript.rhino.jstype.FunctionParamBuilder#Node#newParameter#?,JSType#125	0.25396825396825395	0.0	0.25396825396825395		_
com.google.javascript.rhino.Node#void#removeProp#?,int#866	0.16866804692891646	0.16866804692891646	0.24955141476880605	result != propListHead	_
com.google.javascript.rhino.jstype.JSType#boolean#isEmptyType#?#157	0.24596273291925463	0.0	0.24596273291925463		_
com.google.javascript.jscomp.parsing.IRFactory$TransformDispatcher#Node#processExpressionStatement#?,ExpressionStatement#555	0.24513457556935814	0.0	0.24513457556935814		_
com.google.javascript.rhino.jstype.JSType#JSType#getNativeType#?,JSTypeNative#111	0.24403036576949622	0.0	0.24403036576949622		_
com.google.javascript.rhino.jstype.NoType#boolean#isNoType#?#75	0.24361628709454797	0.0	0.24361628709454797		_
com.google.javascript.jscomp.BasicErrorManager#JSError[]#getErrors#?#86	0.23795721187025531	0.0	0.23795721187025531		_
com.google.javascript.jscomp.Compiler#JSError[]#getErrors#?#905	0.23795721187025531	0.0	0.23795721187025531		_
com.google.javascript.rhino.jstype.FunctionParamBuilder#?#FunctionParamBuilder#?,JSTypeRegistry#55	0.2369910282953761	0.0	0.2369910282953761		_
com.google.javascript.rhino.jstype.FunctionParamBuilder#Node#build#?#130	0.2369910282953761	0.0	0.2369910282953761		_
com.google.javascript.jscomp.BasicErrorManager#JSError[]#toArray#?,CheckLevel#111	0.2361628709454796	0.0	0.2361628709454796		_
com.google.javascript.rhino.jstype.ArrowType#?#ArrowType#?,JSTypeRegistry,Node,JSType,boolean#71	0.2360248447204969	0.0	0.2360248447204969		_
com.google.javascript.rhino.jstype.FunctionType#boolean#hasCachedValues#?#1013	0.2360248447204969	0.0	0.2360248447204969		_
com.google.javascript.rhino.jstype.JSType#boolean#isNoObjectType#?#153	0.2343685300207039	0.0	0.2343685300207039		_
com.google.javascript.rhino.jstype.PrototypeObjectType#FunctionType#getOwnerFunction#?#520	0.23409247757073848	0.0	0.23409247757073848		_
com.google.javascript.rhino.jstype.PrototypeObjectType#Iterable<ObjectType>#getCtorExtendedInterfaces#?#532	0.23409247757073848	0.0	0.23409247757073848		_
com.google.javascript.rhino.jstype.ObjectType#boolean#isFunctionPrototypeType#?#547	0.23395445134575565	0.0	0.23395445134575565		_
com.google.javascript.rhino.jstype.PrototypeObjectType#void#setOwnerFunction#?,FunctionType#514	0.23367839889579023	0.0	0.23367839889579023		_
com.google.javascript.rhino.jstype.InstanceObjectType#boolean#isNominalType#?#153	0.23146997929606627	0.0	0.23146997929606627		_
com.google.javascript.rhino.jstype.JSTypeRegistry#FunctionType#getNativeFunctionType#?,JSTypeNative#851	0.23064182194616978	0.0	0.23064182194616978		_
com.google.javascript.rhino.jstype.FunctionType#boolean#hasInstanceType#?#947	0.23050379572118707	0.0	0.23050379572118707		_
com.google.javascript.rhino.jstype.FunctionType#ObjectType#getInstanceType#?#932	0.23050379572118707	0.0	0.23050379572118707		_
com.google.javascript.rhino.Node#void#setJSType#?,JSType#2196	0.22953761214630775	0.0	0.22953761214630775		_
com.google.javascript.rhino.jstype.ObjectType$Property#?#Property#?,String,JSType,boolean,Node#601	0.22857142857142854	0.0	0.22857142857142854		_
com.google.javascript.rhino.Node#void#putProp#?,int,Object#936	0.11028295376121466	0.1392684610075915	0.22760524499654944	!(value != null)	_
com.google.javascript.rhino.jstype.InstanceObjectType#Iterable<ObjectType>#getCtorExtendedInterfaces#?#189	0.22760524499654933	0.0	0.22760524499654933		_
com.google.javascript.rhino.jstype.InstanceObjectType#boolean#hasReferenceName#?#72	0.2265010351966874	0.0	0.2265010351966874		_
com.google.javascript.rhino.jstype.FunctionType#boolean#isConstructor#?#182	0.22512077294685995	0.0	0.22512077294685995		_
com.google.javascript.rhino.jstype.FunctionType#Iterable<ObjectType>#getExtendedInterfaces#?#488	0.2248447204968944	0.0	0.2248447204968944		_
com.google.javascript.rhino.jstype.PrototypeObjectType#boolean#hasReferenceName#?#438	0.22318840579710142	0.0	0.22318840579710142		_
com.google.javascript.rhino.jstype.ObjectType#ObjectType#cast#?,JSType#542	0.22249827467218775	0.0	0.22249827467218775		_
com.google.javascript.rhino.jstype.JSType#ObjectType#toObjectType#?#540	0.2220841959972395	0.0	0.2220841959972395		_
com.google.javascript.rhino.Node#Object#getProp#?,int#898	0.13526570048309183	0.13526570048309183	0.22180814354727407	item == null	_
com.google.javascript.rhino.jstype.PrototypeObjectType#void#setImplicitPrototype#?,ObjectType#422	0.2213940648723257	0.0	0.2213940648723257		_
com.google.javascript.rhino.jstype.InstanceObjectType#String#getReferenceName#?#67	0.2213940648723257	0.0	0.2213940648723257		_
com.google.javascript.rhino.jstype.PrototypeObjectType#boolean#isNativeObjectType#?#510	0.2213940648723257	0.0	0.2213940648723257		_
com.google.javascript.rhino.jstype.PrototypeObjectType#boolean#hasCachedValues#?#504	0.2213940648723257	0.0	0.2213940648723257		_
com.google.javascript.rhino.jstype.ObjectType#boolean#hasCachedValues#?#522	0.2213940648723257	0.0	0.2213940648723257		_
com.google.javascript.rhino.jstype.JSTypeRegistry#JSType#createUnionType#?,JSType#966	0.2213940648723257	0.0	0.2213940648723257		_
com.google.javascript.rhino.Node#boolean#getBooleanProp#?,int#905	0.21959972394755	0.0	0.21959972394755		_
com.google.javascript.rhino.jstype.FunctionType#boolean#isInterface#?#187	0.2169772256728778	0.0	0.2169772256728778		_
com.google.javascript.rhino.Node#int#mergeLineCharNo#?,int,int#1338	0.10738440303657693	0.10945479641131817	0.2168391994478951	lineno << COLUMN_BITS | (charno & COLUMN_MASK)>0	_
com.google.javascript.rhino.jstype.InstanceObjectType#ObjectType#getImplicitPrototype#?#77	0.2160110420979986	0.0	0.2160110420979986		_
com.google.javascript.rhino.jstype.ObjectType$Property#JSType#getType#?#634	0.2150448585231194	0.0	0.2150448585231194		_
com.google.javascript.rhino.jstype.ObjectType#?#ObjectType#?,JSTypeRegistry#89	0.21463077984817114	0.0	0.21463077984817114		_
com.google.javascript.rhino.jstype.PrototypeObjectType#ObjectType#getImplicitPrototype#?#411	0.21449275362318843	0.0	0.21449275362318843		_
com.google.javascript.rhino.jstype.InstanceObjectType#FunctionType#getConstructor#?#82	0.21407867494824018	0.0	0.21407867494824018		_
com.google.javascript.rhino.jstype.UnionType#?#UnionType#?,JSTypeRegistry,Collection<JSType>#82	0.21352657004830922	0.0	0.21352657004830922		_
com.google.javascript.rhino.jstype.UnionTypeBuilder#Collection<JSType>#getAlternateListCopy#?#206	0.21352657004830922	0.0	0.21352657004830922		_
com.google.javascript.rhino.jstype.ValueType#boolean#isSubtype#?,JSType#54	0.21325051759834368	0.0	0.21325051759834368		_
com.google.javascript.rhino.Node#int#getType#?#624	0.10655624568668043	0.10655624568668043	0.21311249137336086	type>0	_
com.google.javascript.rhino.jstype.JSTypeRegistry#ObjectType#getNativeObjectType#?,JSTypeNative#847	0.2117322291235335	0.0	0.2117322291235335		_
com.google.javascript.rhino.jstype.UnionTypeBuilder#?#UnionTypeBuilder#?,JSTypeRegistry#79	0.20966183574879227	0.0	0.20966183574879227		_
com.google.javascript.rhino.jstype.JSType#boolean#isUnknownType#?#238	0.2073153899240856	0.0	0.2073153899240856		_
com.google.javascript.rhino.jstype.UnionTypeBuilder#?#UnionTypeBuilder#?,JSTypeRegistry,int#84	0.20690131124913735	0.0	0.20690131124913735		_
com.google.javascript.rhino.jstype.JSType#boolean#isNoResolvedType#?#149	0.2064872325741891	0.0	0.2064872325741891		_
com.google.javascript.rhino.jstype.JSType#boolean#isNoType#?#145	0.2020703933747412	0.0	0.2020703933747412		_
com.google.javascript.rhino.jstype.JSType#boolean#isAllType#?#234	0.20151828847481024	0.0	0.20151828847481024		_
com.google.javascript.rhino.jstype.JSType#boolean#isUnionType#?#246	0.2012422360248447	0.0	0.2012422360248447		_
com.google.javascript.rhino.jstype.JSType#UnionType#toMaybeUnionType#?#255	0.2012422360248447	0.0	0.2012422360248447		_
com.google.javascript.jscomp.DiagnosticGroup#Collection<DiagnosticType>#getTypes#?#130	0.2004140786749482	0.0	0.2004140786749482		_
com.google.javascript.jscomp.SuppressDocWarningsGuard#?#SuppressDocWarningsGuard#?,Map<String,DiagnosticGroup>#42	0.2004140786749482	0.0	0.2004140786749482		_
com.google.javascript.jscomp.ComposeWarningsGuard#void#addGuards#?,Iterable<WarningsGuard>#100	0.2004140786749482	0.0	0.2004140786749482		_
com.google.javascript.jscomp.DiagnosticGroups#Map<String,DiagnosticGroup>#getRegisteredGroups#?#58	0.2004140786749482	0.0	0.2004140786749482		_
com.google.javascript.jscomp.CompilerOptions#WarningsGuard#getWarningsGuard#?#1030	0.2004140786749482	0.0	0.2004140786749482		_
com.google.javascript.jscomp.CompilerOptions#boolean#enables#?,DiagnosticGroup#1011	0.2004140786749482	0.0	0.2004140786749482		_
com.google.javascript.jscomp.Compiler#DiagnosticGroups#getDiagnosticGroups#?#1807	0.2002760524499655	0.0	0.2002760524499655		_
com.google.javascript.jscomp.DiagnosticGroupWarningsGuard#?#DiagnosticGroupWarningsGuard#?,DiagnosticGroup,CheckLevel#34	0.2002760524499655	0.0	0.2002760524499655		_
com.google.javascript.jscomp.ComposeWarningsGuard#?#ComposeWarningsGuard#?,List<WarningsGuard>#79	0.20013802622498278	0.0	0.20013802622498278		_
com.google.javascript.jscomp.ComposeWarningsGuard$GuardComparator#?#GuardComparator#?,Map<WarningsGuard,Integer>#57	0.20013802622498278	0.0	0.20013802622498278		_
com.google.javascript.rhino.jstype.JSType#?#JSType#?,JSTypeRegistry#104	0.19986197377501724	0.0	0.19986197377501724		_
com.google.javascript.jscomp.DiagnosticGroup#boolean#matches#?,DiagnosticType#111	0.19820565907522425	0.0	0.19820565907522425		_
com.google.javascript.jscomp.DiagnosticType#boolean#equals#?,Object#115	0.19792960662525882	0.0	0.19792960662525882		_
com.google.javascript.rhino.jstype.JSTypeRegistry#JSType#getNativeType#?,JSTypeNative#843	0.19627329192546583	0.0	0.19627329192546583		_
com.google.javascript.jscomp.parsing.Config#Map<String,Annotation>#buildAnnotationNames#?,Set<String>#94	0.09606625258799173	0.09606625258799173	0.19213250517598346	!(!Annotation.recognizedAnnotations.containsKey(unrecognizedAnnotation))	_
com.google.javascript.rhino.Node$AbstractPropListItem#int#getType#?#379	0.09068322981366461	0.09068322981366461	0.18136645962732922	propType>=0	_
com.google.javascript.rhino.Node#Node#getParent#?#1461	0.18053830227743273	0.0	0.18053830227743273		_
com.google.javascript.jscomp.CompilerInput#InputId#getInputId#?#99	0.18053830227743273	0.0	0.18053830227743273		_
com.google.javascript.jscomp.JsAst#InputId#getInputId#?#70	0.18040027605245001	0.0	0.18040027605245001		_
com.google.javascript.jscomp.CompilerInput#?#CompilerInput#?,JSSourceFile#89	0.18040027605245001	0.0	0.18040027605245001		_
com.google.javascript.jscomp.CompilerInput#?#CompilerInput#?,JSSourceFile,boolean#93	0.18040027605245001	0.0	0.18040027605245001		_
com.google.javascript.jscomp.SourceFile#void#setIsExtern#?,boolean#194	0.18040027605245001	0.0	0.18040027605245001		_
com.google.javascript.jscomp.CompilerInput#?#CompilerInput#?,SourceAst,boolean#70	0.18040027605245001	0.0	0.18040027605245001		_
com.google.javascript.jscomp.JsAst#SourceFile#getSourceFile#?#75	0.17971014492753623	0.0	0.17971014492753623		_
com.google.javascript.jscomp.PrepareAst#?#PrepareAst#?,AbstractCompiler#41	0.17708764665286403	0.0	0.17708764665286403		_
com.google.javascript.jscomp.PrepareAst$PrepareAnnotations#?#PrepareAnnotations#?,AbstractCompiler#137	0.17708764665286403	0.0	0.17708764665286403		_
com.google.javascript.jscomp.Compiler#void#prepareAst#?,Node#1692	0.17708764665286403	0.0	0.17708764665286403		_
com.google.javascript.jscomp.PrepareAst#?#PrepareAst#?,AbstractCompiler,boolean#46	0.17708764665286403	0.0	0.17708764665286403		_
com.google.javascript.rhino.Node$IntPropListItem#PropListItem#chain#?,PropListItem#452	0.17694962042788132	0.0	0.17694962042788132		_
com.google.javascript.jscomp.CompilerOptions$TracerMode#boolean#isOn#?#1458	0.17667356797791578	0.0	0.17667356797791578		_
com.google.javascript.jscomp.Compiler#ErrorReporter#getDefaultErrorReporter#?#1338	0.17543133195307103	0.0	0.17543133195307103		_
com.google.javascript.jscomp.Compiler#boolean#acceptConstKeyword#?#1762	0.17543133195307103	0.0	0.17543133195307103		_
com.google.javascript.jscomp.NodeTraversal#String#getSourceName#?,Node#630	0.1751552795031056	0.0	0.1751552795031056		_
com.google.javascript.jscomp.Compiler#boolean#hasHaltingErrors#?#1864	0.1750172532781229	0.0	0.1750172532781229		_
com.google.javascript.jscomp.CodeChangeHandler$RecentChange#boolean#hasCodeChanged#?#44	0.17487922705314007	0.0	0.17487922705314007		_
com.google.javascript.jscomp.Tracer$ThreadTrace#boolean#isInitialized#?#746	0.17487922705314007	0.0	0.17487922705314007		_
com.google.javascript.jscomp.JsAst#?#JsAst#?,SourceFile#47	0.17474120082815736	0.0	0.17474120082815736		_
com.google.javascript.jscomp.SourceFile#void#setCode#?,String#156	0.17460317460317465	0.0	0.17460317460317465		_
com.google.javascript.jscomp.SourceFile$Preloaded#?#Preloaded#?,String,String#366	0.17460317460317465	0.0	0.17460317460317465		_
com.google.javascript.jscomp.SourceFile#void#setOriginalPath#?,String#164	0.17460317460317465	0.0	0.17460317460317465		_
com.google.javascript.jscomp.SourceFile$Preloaded#?#Preloaded#?,String,String,String#372	0.17460317460317465	0.0	0.17460317460317465		_
com.google.javascript.jscomp.JSSourceFile#?#JSSourceFile#?,SourceFile#73	0.17460317460317465	0.0	0.17460317460317465		_
com.google.javascript.jscomp.SourceFile#SourceFile#fromCode#?,String,String#325	0.17460317460317465	0.0	0.17460317460317465		_
com.google.javascript.jscomp.JSSourceFile#JSSourceFile#fromCode#?,String,String#56	0.17460317460317465	0.0	0.17460317460317465		_
com.google.javascript.jscomp.SourceFile#String#getName#?#183	0.17446514837819183	0.0	0.17446514837819183		_
com.google.javascript.jscomp.CompilerOptions#CodingConvention#getCodingConvention#?#1243	0.1741890959282264	0.0	0.1741890959282264		_
com.google.javascript.jscomp.Compiler#CodingConvention#getCodingConvention#?#1738	0.1741890959282264	0.0	0.1741890959282264		_
com.google.javascript.jscomp.JSSourceFile#String#getCode#?#79	0.1741890959282264	0.0	0.1741890959282264		_
com.google.javascript.rhino.Node#Node#getLastChild#?#640	0.1741890959282264	0.0	0.1741890959282264		_
com.google.javascript.jscomp.SourceFile#String#getCode#?#140	0.1741890959282264	0.0	0.1741890959282264		_
com.google.javascript.jscomp.CompilerOptions#LanguageMode#getLanguageIn#?#1319	0.17405106970324358	0.0	0.17405106970324358		_
com.google.javascript.jscomp.Compiler#boolean#isIdeMode#?#1743	0.17349896480331262	0.0	0.17349896480331262		_
com.google.javascript.rhino.Node#InputId#getInputId#?#1266	0.17280883367839894	0.0	0.17280883367839894		_
com.google.javascript.jscomp.NodeTraversal#void#traverse#?,AbstractCompiler,Node,Callback#437	0.17267080745341612	0.0	0.17267080745341612		_
com.google.javascript.jscomp.NodeTraversal#void#traverse#?,Node#260	0.17267080745341612	0.0	0.17267080745341612		_
com.google.javascript.jscomp.NodeTraversal#?#NodeTraversal#?,AbstractCompiler,Callback#204	0.1725327812284334	0.0	0.1725327812284334		_
com.google.javascript.jscomp.SyntacticScopeCreator#?#SyntacticScopeCreator#?,AbstractCompiler#58	0.17225672877846787	0.0	0.17225672877846787		_
com.google.javascript.jscomp.parsing.IRFactory$TransformDispatcher#Node#processName#?,Name#719	0.16080055210489996	0.0	0.16080055210489996		_
com.google.javascript.jscomp.parsing.IRFactory$TransformDispatcher#boolean#isReservedKeyword#?,String#740	0.16080055210489996	0.0	0.16080055210489996		_
com.google.javascript.jscomp.parsing.IRFactory#Node#newStringNode#?,int,String#1284	0.15997239475500347	0.0	0.15997239475500347		_
com.google.javascript.rhino.Node$StringNode#String#getString#?#313	0.15224292615596968	0.0	0.15224292615596968		_
com.google.javascript.jscomp.parsing.IRFactory$TransformDispatcher#Node#processAstRoot#?,AstRoot#435	0.15210489993098686	0.0	0.15210489993098686		_
com.google.javascript.jscomp.parsing.IRFactory#Node#newNode#?,int#1264	0.1507246376811594	0.0	0.1507246376811594		_
com.google.javascript.jscomp.parsing.IRFactory#Node#createTemplateNode#?#160	0.1507246376811594	0.0	0.1507246376811594		_
com.google.javascript.jscomp.parsing.IRFactory#Node#justTransform#?,AstNode#368	0.1507246376811594	0.0	0.1507246376811594		_
com.google.javascript.rhino.Node#void#setIsSyntheticBlock#?,boolean#2285	0.1479641131815045	0.0	0.1479641131815045		_
com.google.javascript.rhino.Node#void#setJSDocInfo#?,JSDocInfo#2241	0.1438233264320221	0.0	0.1438233264320221		_
com.google.javascript.rhino.Node#FileLevelJsDocBuilder#getJsDocBuilderForNode#?#2200	0.1438233264320221	0.0	0.1438233264320221		_
com.google.javascript.rhino.Node#Node#newString#?,int,String#612	0.13802622498274675	0.0	0.13802622498274675		_
com.google.javascript.rhino.Node#void#putBooleanProp#?,int,boolean#942	0.136783988957902	0.0	0.136783988957902		_
com.google.javascript.rhino.Node#JSDocInfo#getJSDocInfo#?#2234	0.13623188405797104	0.0	0.13623188405797104		_
com.google.javascript.rhino.Node#?#Node#?,int#459	0.06804692891649411	0.06804692891649411	0.13609385783298822	-1!=nodeType	_
com.google.javascript.rhino.Node#Node#getNext#?#644	0.1358178053830228	0.0	0.1358178053830228		_
com.google.javascript.rhino.Node#PropListItem#createProp#?,int,int,PropListItem#957	0.13084886128364392	0.0	0.13084886128364392		_
com.google.javascript.rhino.Node$IntPropListItem#?#IntPropListItem#?,int,int,PropListItem#431	0.13084886128364392	0.0	0.13084886128364392		_
com.google.javascript.rhino.Node#void#setInputId#?,InputId#1259	0.1262939958592133	0.0	0.1262939958592133		_
com.google.javascript.rhino.InputId#?#InputId#?,String#52	0.12463768115942031	0.0	0.12463768115942031		_
com.google.javascript.rhino.Node#String#getSourceFileName#?#1246	0.12201518288474811	0.0	0.12201518288474811		_
com.google.javascript.rhino.Node#StaticSourceFile#getStaticSourceFile#?#1252	0.12173913043478257	0.0	0.12173913043478257		_
com.google.javascript.rhino.Node$ObjectPropListItem#Object#getObjectValue#?#410	0.12035886818495511	0.0	0.12035886818495511		_
com.google.javascript.rhino.Node#Node#clonePropsFrom#?,Node#861	0.11387163561076608	0.0	0.11387163561076608		_
com.google.javascript.rhino.Node#Node#getFirstChild#?#636	0.11083505866114562	0.0	0.11083505866114562		_
com.google.javascript.rhino.Node$ObjectPropListItem#?#ObjectPropListItem#?,int,Object,PropListItem#400	0.11028295376121466	0.0	0.11028295376121466		_
com.google.javascript.rhino.Node#PropListItem#createProp#?,int,Object,PropListItem#953	0.11028295376121466	0.0	0.11028295376121466		_
com.google.javascript.rhino.Node#void#setStaticSourceFile#?,StaticSourceFile#1237	0.09661835748792269	0.0	0.09661835748792269		_
com.google.javascript.rhino.Node$AbstractPropListItem#PropListItem#getNext#?#384	0.09620427881297444	0.0	0.09620427881297444		_
com.google.javascript.jscomp.parsing.Config#?#Config#?,Set<String>,Set<String>,boolean,LanguageMode,boolean#81	0.09523809523809523	0.0	0.09523809523809523		_
com.google.javascript.rhino.Node$AbstractPropListItem#?#AbstractPropListItem#?,int,PropListItem#373	0.08599033816425117	0.0	0.08599033816425117		_
com.google.javascript.jscomp.DiagnosticGroup#?#DiagnosticGroup#?,DiagnosticType#62	-0.007039337474120083	0.0	-0.007039337474120083		_
com.google.javascript.jscomp.WarningsGuard$Priority#?#Priority#?,int#59	-0.021670117322291235	0.0	-0.021670117322291235		_
com.google.javascript.jscomp.ProcessTweaks$TweakFunction#?#TweakFunction#?,String#123	-0.02180814354727398	0.0	-0.02180814354727398		_
com.google.javascript.jscomp.ProcessTweaks$TweakFunction#?#TweakFunction#?,String,TweakFunction#137	-0.02180814354727398	0.0	-0.02180814354727398		_
com.google.javascript.jscomp.parsing.ParserRunner#Set<String>#extractList#?,String#88	-0.02180814354727398	0.0	-0.02180814354727398		_
com.google.javascript.jscomp.DiagnosticType#DiagnosticType#disabled#?,String,String#77	-0.02180814354727398	0.0	-0.02180814354727398		_
com.google.javascript.jscomp.DiagnosticGroups#DiagnosticGroup#registerGroup#?,String,DiagnosticType#46	-0.02180814354727398	0.0	-0.02180814354727398		_
com.google.javascript.jscomp.ProcessTweaks$TweakFunction#?#TweakFunction#?,String,String,int,int#133	-0.02180814354727398	0.0	-0.02180814354727398		_
com.google.javascript.jscomp.ProcessTweaks$TweakFunction#?#TweakFunction#?,String,String,int#128	-0.02180814354727398	0.0	-0.02180814354727398		_
com.google.javascript.jscomp.ProcessTweaks$TweakFunction#?#TweakFunction#?,String,String,int,int,TweakFunction#143	-0.02180814354727398	0.0	-0.02180814354727398		_
com.google.javascript.jscomp.DiagnosticGroup#?#DiagnosticGroup#?,String,DiagnosticType#48	-0.02180814354727398	0.0	-0.02180814354727398		_
com.google.javascript.rhino.jstype.ObjectType#String#createDelegateSuffix#?,String#225	-0.02180814354727398	0.0	-0.02180814354727398		_
com.google.javascript.jscomp.DiagnosticGroups#DiagnosticGroup#registerGroup#?,String,DiagnosticGroup#52	-0.02180814354727398	0.0	-0.02180814354727398		_
com.google.javascript.jscomp.DiagnosticGroup#?#DiagnosticGroup#?,String,DiagnosticGroup#89	-0.02180814354727398	0.0	-0.02180814354727398		_
com.google.javascript.jscomp.ProcessTweaks$TweakFunction#String#getName#?#164	-0.02263630089717046	0.0	-0.02263630089717046		_
com.google.javascript.jscomp.DiagnosticType#DiagnosticType#warning#?,String,String#65	-0.02401656314699793	0.0	-0.02401656314699793		_
com.google.javascript.jscomp.DiagnosticType#DiagnosticType#error#?,String,String#54	-0.025120772946859903	0.0	-0.025120772946859903		_
com.google.javascript.jscomp.DiagnosticType#DiagnosticType#make#?,String,CheckLevel,String#90	-0.025534851621808144	0.0	-0.025534851621808144		_
com.google.javascript.jscomp.DiagnosticType#?#DiagnosticType#?,String,CheckLevel,MessageFormat#99	-0.025534851621808144	0.0	-0.025534851621808144		_
com.google.javascript.jscomp.CodeGenerator#void#addList#?,Node,boolean,Context#905	-0.07025534851621808	0.0	-0.07025534851621808		_
com.google.javascript.jscomp.DiagnosticType#int#hashCode#?#121	-0.2810213940648723	0.0	-0.2810213940648723		_
