line	original_score	max_predicate_score	total	predicate	label
com.google.javascript.jscomp.ProcessCommonJSModules$ProcessCommonJsModulesCallback#void#visit#?,NodeTraversal,Node,Node#131	6.9997338656021295	6.9997338656021295	6.9997338656021295	!(n.isCall() && n.getChildCount() == 2 && "require".equals(n.getFirstChild().getQualifiedName()) && n.getChildAtIndex(1).isString())	_
com.google.javascript.jscomp.ProcessCommonJSModules$ProcessCommonJsModulesCallback#void#visit#?,NodeTraversal,Node,Node#137	6.9997338656021295	6.9997338656021295	6.9997338656021295	n.isScript()	_
com.google.javascript.jscomp.ProcessCommonJSModules$ProcessCommonJsModulesCallback#void#visit#?,NodeTraversal,Node,Node#142	6.9997338656021295	6.9997338656021295	6.9997338656021295	!(n.isGetProp() && "module.exports".equals(n.getQualifiedName()))	_
com.google.javascript.jscomp.ProcessCommonJSModules$SuffixVarsCallback#void#visit#?,NodeTraversal,Node,Node#268	6.9997338656021295	6.9997338656021295	6.9997338656021295	!(var != null && var.isGlobal())	_
com.google.javascript.jscomp.ProcessCommonJSModules$SuffixVarsCallback#void#visit#?,NodeTraversal,Node,Node#263	6.9997338656021295	6.9997338656021295	6.9997338656021295	!(EXPORTS.equals(name))	_
com.google.javascript.jscomp.ProcessCommonJSModules$SuffixVarsCallback#void#visit#?,NodeTraversal,Node,Node#260	6.9997338656021295	6.9997338656021295	6.9997338656021295	suffix.equals(name)	_
com.google.javascript.jscomp.ProcessCommonJSModules$SuffixVarsCallback#void#visit#?,NodeTraversal,Node,Node#258	6.9997338656021295	6.9997338656021295	6.9997338656021295	!(n.isName())	_
com.google.javascript.jscomp.ProcessCommonJSModules#String#normalizeSourceName#?,String#115	6.999600798403193	6.9997338656021295	6.9996673320026614	!(filename.indexOf(filenamePrefix) == 0)	_
com.google.javascript.rhino.Node#void#toString#?,StringBuilder,boolean,boolean,boolean#973	6.993346640053227	6.998270126413839	6.995808383233533	!(lineno != -1)	_
com.google.javascript.rhino.Node#void#toStringTreeHelper#?,Node,int,Appendable#1030	6.994411177644711	6.994411177644711	6.994411177644711	i != level	_
com.google.javascript.rhino.Node#void#toStringTreeHelper#?,Node,int,Appendable#1036	6.994411177644711	6.994411177644711	6.994411177644711	cursor != null	_
com.google.javascript.rhino.Node#int[]#getSortedPropTypes#?#880	6.994011976047904	6.994011976047904	6.994011976047904	x != null	_
com.google.javascript.rhino.Node#int[]#getSortedPropTypes#?#885	6.994011976047904	6.994011976047904	6.994011976047904	x != null	_
com.google.javascript.rhino.Node#int[]#getSortedPropTypes#?#887	6.994011976047904	6.994011976047904	6.994011976047904	keys[count] > count	_
com.google.javascript.rhino.Node#void#toString#?,StringBuilder,boolean,boolean,boolean#981	6.994011976047904	6.994011976047904	6.994011976047904	i < keys.length	_
com.google.javascript.rhino.Node#void#toString#?,StringBuilder,boolean,boolean,boolean#999	6.993346640053227	6.993612774451098	6.993479707252162	!(jsType != null)	_
com.google.javascript.rhino.Node#void#toString#?,StringBuilder,boolean,boolean,boolean#967	6.992149035262807	6.992548236859614	6.992348636061211	!(type == Token.NUMBER)	_
com.google.javascript.rhino.Node#void#toString#?,StringBuilder,boolean,boolean,boolean#971	6.99121756487026	6.993346640053227	6.992282102461743	printSource	_
com.google.javascript.rhino.Node#void#toString#?,StringBuilder,boolean,boolean,boolean#979	6.99121756487026	6.993346640053227	6.992282102461743	printAnnotations	_
com.google.javascript.rhino.Node#void#toString#?,StringBuilder,boolean,boolean,boolean#998	6.99121756487026	6.993346640053227	6.992282102461743	printType	_
com.google.javascript.rhino.Node#void#toString#?,StringBuilder,boolean,boolean,boolean#954	6.99121756487026	6.993213572854291	6.992215568862275	this instanceof StringNode	_
com.google.javascript.rhino.Node#void#toString#?,StringBuilder,boolean,boolean,boolean#957	6.991350632069195	6.992149035262807	6.991749833666001	!(type == Token.FUNCTION)	_
com.google.javascript.rhino.Node#Node#copyInformationFromForTree#?,Node#1754	6.924550898203593	6.924550898203593	6.924550898203593	child != null	_
com.google.javascript.jscomp.CodeGenerator#void#add#?,Node,Context#688	6.897405189620758	6.899667332002661	6.89853626081171	!(needsParens)	_
com.google.javascript.jscomp.CodeGenerator#void#add#?,Node,Context#651	6.897405189620758	6.899667332002661	6.89853626081171	!(needsParens)	_
com.google.javascript.rhino.Node#void#addChildToFront#?,Node#603	6.812641383898869	6.960212907518296	6.886427145708582	!(last == null)	_
com.google.javascript.rhino.Node$StringNode#void#setString#?,String#227	6.883300066533599	6.883300066533599	6.883300066533599	!(null == str)	_
com.google.javascript.rhino.Node#Node#copyInformationFrom#?,Node#1734	6.791616766467066	6.844444444444444	6.818030605455755	getProp(STATIC_SOURCE_FILE) == null	_
com.google.javascript.jscomp.CodeGenerator#void#add#?,Node,Context#452	6.8090485695276115	6.809181636726547	6.809115103127079	!(needsParens)	_
com.google.javascript.jscomp.CodeGenerator#void#add#?,Node,Context#456	6.8090485695276115	6.809181636726547	6.809115103127079	!(needsParens)	_
com.google.javascript.rhino.Node#Node#copyInformationFrom#?,Node#1730	6.791616766467066	6.791882900864937	6.791749833666001	getProp(ORIGINALNAME_PROP) == null	_
com.google.javascript.jscomp.NodeUtil#int#precedence#?,int#1177	6.783499667332003	6.783499667332003	6.783499667332003	(1)!= 0	_
com.google.javascript.jscomp.parsing.IRFactory$TransformDispatcher#Node#processObjectLiteral#?,ObjectLiteral#806	6.767398536260812	6.767664670658682	6.767531603459747	!(literalNode.isDestructuring())	_
com.google.javascript.rhino.Node#NodeMismatch#checkTreeEqualsImpl#?,Node#1458	6.526014637391883	6.9990685296074515	6.762541583499667	res != null	_
com.google.javascript.rhino.Node#String#checkTreeEquals#?,Node#1429	6.525482368596141	6.9990685296074515	6.7622754491017965	diff != null	_
com.google.javascript.rhino.Node#NodeMismatch#checkTreeEqualsImpl#?,Node#1445	6.524817032601463	6.99853626081171	6.7616766467065865	!isEquivalentTo(node2,false,false)	_
com.google.javascript.jscomp.CodePrinter$CompactCodePrinter#void#maybeLineBreak#?#479	6.754091816367265	6.754091816367265	6.754091816367265	preferredBreakPosition <= len	_
com.google.javascript.jscomp.CodePrinter$CompactCodePrinter#void#maybeLineBreak#?#478	6.754091816367265	6.754091816367265	6.754091816367265	ch == ';'	_
com.google.javascript.jscomp.CodeGenerator#void#add#?,Node,Context#199	6.747571523619428	6.748103792415169	6.747837658017298	!(first.isComma())	_
com.google.javascript.jscomp.CodeGenerator#void#add#?,Node,Context#111	6.746107784431138	6.746107784431138	6.746107784431138	!(last.getType() == type && NodeUtil.isAssociative(type))	_
com.google.javascript.jscomp.CodeGenerator#void#add#?,Node,Context#116	6.746107784431138	6.746107784431138	6.746107784431138	!(NodeUtil.isAssignmentOp(n) && NodeUtil.isAssignmentOp(last))	_
com.google.javascript.jscomp.CodeGenerator#void#unrollBinaryOperator#?,Node,int,String,Context,Context,int,int#756	6.742914171656687	6.742914171656687	6.742914171656687	!(current != n)	_
com.google.javascript.jscomp.CodeGenerator#void#add#?,Node,Context#181	6.706586826347305	6.706586826347305	6.706586826347305	first != null	_
com.google.javascript.jscomp.CodePrinter$CompactCodePrinter#void#maybeLineBreak#?#476	6.619827012641384	6.754091816367265	6.686959414504324	preferredBreakPosition == len - 1	_
com.google.javascript.jscomp.SyntacticScopeCreator#void#scanVars#?,Node,Node#129	6.67039254823686	6.67039254823686	6.67039254823686	!(child != null)	_
com.google.javascript.rhino.Node#boolean#isEquivalentTo#?,Node,boolean,boolean#1509	6.519228210246174	6.787757817697938	6.6534930139720565	type != node.getType() || getChildCount() != node.getChildCount() || this.getClass() != node.getClass()	_
com.google.javascript.jscomp.CodeGenerator#void#addList#?,Node,boolean,Context#907	6.645775116433799	6.645775116433799	6.645775116433799	isFirst	_
com.google.javascript.jscomp.CodeGenerator#void#addList#?,Node,boolean,Context#905	6.645775116433799	6.645775116433799	6.645775116433799	n != null	_
com.google.javascript.jscomp.CodeGenerator#void#add#?,Node,Context#193	6.541450432468396	6.747571523619428	6.644510978043912	!(first == null || first.isEmpty())	_
com.google.javascript.jscomp.AstValidator#void#validateVar#?,Node#398	6.610379241516966	6.6725216234198275	6.641450432468397	c.hasChildren()	_
com.google.javascript.jscomp.CodeConsumer#void#addOp#?,String,boolean#235	6.630472388556221	6.636726546906187	6.633599467731204	binOp	_
com.google.javascript.jscomp.CodeConsumer#void#addOp#?,String,boolean#224	6.630738522954092	6.630738522954092	6.630738522954092	!(prev == '-' && first == '>')	_
com.google.javascript.jscomp.CodeConsumer#void#addOp#?,String,boolean#220	6.630472388556221	6.630738522954092	6.630605455755156	!(Character.isLetter(first) && isWordChar(prev))	_
com.google.javascript.jscomp.CodeConsumer#void#addOp#?,String,boolean#216	6.630472388556221	6.630472388556221	6.630472388556221	!((first == '+' || first == '-') && prev == first)	_
com.google.javascript.jscomp.CodeGenerator#void#add#?,Node,Context#97	6.5095143047238855	6.746107784431138	6.627811044577512	opstr != null && first != last	_
com.google.javascript.jscomp.CodePrinter$CompactCodePrinter#void#maybeLineBreak#?#465	6.619827012641384	6.620093147039255	6.61996007984032	!(lineBreak)	_
com.google.javascript.jscomp.SyntacticScopeCreator#void#declareVar#?,Node#238	6.614238190286095	6.614238190286095	6.614238190286095	!(scope.isDeclared(name,false) || (scope.isLocal() && name.equals(ARGUMENTS)))	_
com.google.javascript.jscomp.CodeGenerator#void#add#?,Node,Context#374	6.511510312707918	6.710578842315369	6.6110445775116435	c.isVar()	_
com.google.javascript.jscomp.AstValidator#void#validateVar#?,Node#392	6.610379241516966	6.610379241516966	6.610379241516966	c != null	_
com.google.javascript.jscomp.SyntacticScopeCreator#void#scanVars#?,Node,Node#170	6.598935462408516	6.621556886227545	6.61024617431803	!(NodeUtil.isControlStructure(n) || NodeUtil.isStatementBlock(n))	_
com.google.javascript.jscomp.CodeConsumer#void#maybeEndStatement#?#154	6.527611443779109	6.689554224883566	6.6085828343313375	statementNeedsEnded	_
com.google.javascript.jscomp.SyntacticScopeCreator#void#scanRoot#?,Node,Scope#85	6.598935462408516	6.605721889554225	6.60232867598137	!(n.isFunction())	_
com.google.javascript.jscomp.SyntacticScopeCreator#Scope#createScope#?,Node,Scope#70	6.598935462408516	6.601729873586161	6.600332667997339	parent == null	_
com.google.javascript.jscomp.SyntacticScopeCreator#void#scanVars#?,Node,Node#172	6.599201596806387	6.599201596806387	6.599201596806387	!(child != null)	_
com.google.javascript.jscomp.AstValidator#void#validateMaximumChildCount#?,Node,int#809	6.576979374584165	6.585495675316035	6.5812375249501	i == 1	_
com.google.javascript.jscomp.AstValidator#void#validateMaximumChildCount#?,Node,int#814	6.576979374584165	6.576979374584165	6.576979374584165	!(!valid)	_
com.google.javascript.jscomp.CodePrinter$CompactCodePrinter#void#maybeCutLine#?#491	6.5667332002661345	6.5667332002661345	6.5667332002661345	!(lineLength > lineLengthThreshold)	_
com.google.javascript.rhino.Node#Node#getChildAtIndex#?,int#568	6.551430472388557	6.551430472388557	6.551430472388557	i > 0	_
com.google.javascript.jscomp.CodeGenerator#void#addExpr#?,Node,int,Context#884	6.5470392548236855	6.5470392548236855	6.5470392548236855	!((NodeUtil.precedence(n.getType()) < minPrecedence) || ((context == Context.IN_FOR_INIT_CLAUSE) && (n.isIn())))	_
com.google.javascript.jscomp.NodeUtil#int#precedence#?,int#1230	6.5470392548236855	6.5470392548236855	6.5470392548236855	(15)> 0	_
com.google.javascript.rhino.Node#void#removeChild#?,Node#701	6.53666001330672	6.552894211576846	6.544777112441783	!(prev == null)	_
com.google.javascript.rhino.Node#boolean#isEquivalentTo#?,Node,boolean,boolean#1545	6.520292747837658	6.565003326679974	6.542648037258816	recurse	_
com.google.javascript.jscomp.AstValidator#void#validateMinimumChildCount#?,Node,int#792	6.538656021290752	6.54224883566201	6.540452428476381	i == 1	_
com.google.javascript.jscomp.CodeConsumer#void#endStatement#?,boolean#143	6.538656021290752	6.538656021290752	6.538656021290752	statementStarted	_
com.google.javascript.jscomp.AstValidator#void#validateMinimumChildCount#?,Node,int#800	6.538656021290752	6.538656021290752	6.538656021290752	!(!valid)	_
com.google.javascript.rhino.Node#void#removeChild#?,Node#705	6.53666001330672	6.5390552228875585	6.537857618097139	child == last	_
com.google.javascript.rhino.Node#Node#getChildBefore#?,Node#553	6.52934131736527	6.546373918829008	6.537857618097139	!(child == first)	_
com.google.javascript.jscomp.CodeGenerator#String#identifierEscape#?,String#1107	6.537724550898203	6.537724550898203	6.537724550898203	NodeUtil.isLatin(s)	_
com.google.javascript.jscomp.NodeUtil#boolean#isLatin#?,String#2406	6.536926147704591	6.537059214903526	6.536992681304058	!(c > LARGEST_BASIC_LATIN)	_
com.google.javascript.jscomp.NodeUtil#boolean#isLatin#?,String#2404	6.536926147704591	6.536926147704591	6.536926147704591	index < len	_
com.google.javascript.jscomp.CodeConsumer#void#endStatement#?,boolean#139	6.5334664005322685	6.538656021290752	6.536061210911511	!(needSemiColon)	_
com.google.javascript.jscomp.CodePrinter$MappedCodePrinter#char#getLastChar#?#207	6.528276779773786	6.540252827677977	6.534264803725882	((code.length() > 0) ? code.charAt(code.length() - 1) : '\0')> 0	_
com.google.javascript.jscomp.AstValidator#void#validateChildCount#?,Node,int#778	6.512840984697272	6.554757152361943	6.533799068529607	i == 1	_
com.google.javascript.rhino.Node#Node#cloneTree#?#1711	6.528542914171656	6.533200266134398	6.530871590153027	result.last != null	_
com.google.javascript.rhino.Node#Node#cloneTree#?#1714	6.528542914171656	6.533200266134398	6.530871590153027	!(result.first == null)	_
com.google.javascript.jscomp.CodeConsumer#void#add#?,String#194	6.528942115768463	6.528942115768463	6.528942115768463	!(c == '/' && getLastChar() == '/')	_
com.google.javascript.rhino.Node#Node#cloneTree#?#1708	6.528542914171656	6.528542914171656	6.528542914171656	n2 != null	_
com.google.javascript.jscomp.CodeConsumer#void#add#?,String#189	6.527611443779109	6.528942115768463	6.528276779773786	!((isWordChar(c) || c == '\\') && isWordChar(getLastChar()))	_
com.google.javascript.jscomp.CodeConsumer#void#add#?,String#184	6.527611443779109	6.527611443779109	6.527611443779109	!(newcode.length() == 0)	_
com.google.javascript.rhino.Node#NodeMismatch#checkTreeEqualsImpl#?,Node#1454	6.526014637391883	6.526014637391883	6.526014637391883	!(node2 == null)	_
com.google.javascript.rhino.Node#NodeMismatch#checkTreeEqualsImpl#?,Node#1452	6.526014637391883	6.526014637391883	6.526014637391883	res == null && n != null	_
com.google.javascript.jscomp.CodeGenerator#void#add#?,Node,Context#384	6.511510312707918	6.5310711909514305	6.5212907518296745	preferLineBreaks	_
com.google.javascript.rhino.Node#boolean#isEquivalentTo#?,Node,boolean,boolean#1539	6.520292747837658	6.520292747837658	6.520292747837658	!(type == Token.CALL)	_
com.google.javascript.rhino.Node#boolean#isEquivalentTo#?,Node,boolean,boolean#1525	6.520159680638723	6.520292747837658	6.520226214238191	!(type == Token.STRING || type == Token.STRING_KEY)	_
com.google.javascript.rhino.Node#boolean#isEquivalentTo#?,Node,boolean,boolean#1519	6.5200266134397875	6.520159680638723	6.520093147039255	!(type == Token.INC || type == Token.DEC)	_
com.google.javascript.rhino.Node#boolean#isEquivalentTo#?,Node,boolean,boolean#1515	6.519760479041916	6.5200266134397875	6.519893546240851	!(compareJsType && !JSType.isEquivalent(jsType,node.getJSType()))	_
com.google.javascript.jscomp.CodePrinter$Builder#Builder#setLineLengthThreshold#?,int#613	6.518562874251497	6.518562874251497	6.518562874251497	this.lineLengthThreshold <= threshold	_
com.google.javascript.jscomp.AstValidator#void#validateNonEmptyString#?,Node#327	6.518296739853626	6.518296739853626	6.518296739853626	!(n.getString().isEmpty())	_
com.google.javascript.jscomp.AstValidator#void#validateNonNullString#?,Node#333	6.518030605455755	6.518030605455755	6.518030605455755	!(n.getString() == null)	_
com.google.javascript.jscomp.AstValidator#void#validateCodeRoot#?,Node#78	6.517099135063207	6.517099135063207	6.517099135063207	c != null	_
com.google.javascript.jscomp.CodePrinter$CompactCodePrinter#void#endFile#?#516	6.515502328675981	6.515502328675981	6.515502328675981	!preferLineBreakAtEndOfFile	_
com.google.javascript.jscomp.AstValidator#void#validateChildCount#?,Node,int#776	6.51230871590153	6.514836992681304	6.513572854291417	i == 0	_
com.google.javascript.jscomp.CodePrinter#String#toSource#?,Node,Format,boolean,boolean,int,SourceMap,SourceMap.DetailLevel,Charset,boolean#715	6.5095143047238855	6.5163007318695945	6.51290751829674	!(createSourceMap)	_
com.google.javascript.jscomp.AstValidator#void#validateScript#?,Node#88	6.512840984697272	6.512840984697272	6.512840984697272	c != null	_
com.google.javascript.jscomp.CodePrinter$MappedCodePrinter#void#startSourceMapping#?,Node#93	6.5095143047238855	6.515369261477046	6.512441783100465	!(createSrcMap && node.getSourceFileName() != null && node.getLineno() > 0 && sourceMapDetailLevel.apply(node))	_
com.google.javascript.jscomp.CodePrinter$MappedCodePrinter#void#endSourceMapping#?,Node#114	6.5095143047238855	6.515369261477046	6.512441783100465	!(createSrcMap && !mappings.isEmpty() && mappings.peek().node == node)	_
com.google.javascript.jscomp.AstValidator#void#validateHasInputId#?,Node#307	6.512175648702595	6.512574850299401	6.512375249500998	!(inputId == null)	_
com.google.javascript.jscomp.AstValidator#void#validateIsSynthetic#?,Node#293	6.512175648702595	6.512574850299401	6.512375249500998	!(!n.getBooleanProp(Node.SYNTHETIC_BLOCK_PROP))	_
com.google.javascript.jscomp.AstValidator#void#validateHasSourceName#?,Node#300	6.512175648702595	6.512574850299401	6.512375249500998	!(sourceName == null || sourceName.isEmpty())	_
com.google.javascript.jscomp.AstValidator#void#validateChildCount#?,Node,int#783	6.51230871590153	6.51230871590153	6.51230871590153	!(!valid)	_
com.google.javascript.jscomp.CodeGenerator#void#add#?,Node,Context#378	6.511510312707918	6.512974051896208	6.512242182302063	!(c.isFunction())	_
com.google.javascript.jscomp.AstValidator#void#validateNodeType#?,int,Node#767	6.512175648702595	6.51230871590153	6.512242182302062	!(n.getType() != type)	_
com.google.javascript.jscomp.CodeGenerator#void#add#?,Node,Context#370	6.511510312707918	6.511510312707918	6.511510312707918	c != null	_
com.google.javascript.jscomp.CodeGenerator#void#add#?,Node,Context#356	6.510179640718563	6.510179640718563	6.510179640718563	!(n.getClass() != Node.class)	_
com.google.javascript.jscomp.CodeGenerator#void#add#?,Node,Context#388	6.510179640718563	6.510179640718563	6.510179640718563	!(preserveBlock)	_
com.google.javascript.jscomp.CodeGenerator#void#add#?,Node,Context#360	6.510179640718563	6.510179640718563	6.510179640718563	!(preserveBlock)	_
com.google.javascript.jscomp.CodePrinter#String#toSource#?,Node,Format,boolean,boolean,int,SourceMap,SourceMap.DetailLevel,Charset,boolean#706	6.5095143047238855	6.509913506320692	6.509713905522289	!(tagAsStrict)	_
com.google.javascript.jscomp.CodePrinter$MappedCodePrinter#?#MappedCodePrinter#?,int,boolean,SourceMap.DetailLevel#62	6.5095143047238855	6.509647371922821	6.5095808383233535	this.lineLengthThreshold <= lineLengthThreshold	_
com.google.javascript.jscomp.CodeGenerator#void#add#?,Node,Context#86	6.5095143047238855	6.5095143047238855	6.5095143047238855	!(!cc.continueProcessing())	_
com.google.javascript.jscomp.CodePrinter$Builder#String#build#?#658	6.5095143047238855	6.5095143047238855	6.5095143047238855	!(root == null)	_
com.google.javascript.jscomp.CodeGenerator#?#CodeGenerator#?,CodeConsumer,Charset#51	6.5095143047238855	6.5095143047238855	6.5095143047238855	outputCharset == null || outputCharset == Charsets.US_ASCII	_
com.google.javascript.jscomp.BasicErrorManager#int#getWarningCount#?#81	6.4799733865602125	6.515103127079175	6.497538256819693	(warningCount)<= 0	_
com.google.javascript.jscomp.Scope#Var#getVar#?,String#543	6.4738522954091815	6.514038589487691	6.493945442448436	!(parent != null)	_
com.google.javascript.jscomp.Compiler#Node#parseInputs#?#1320	6.481969394544245	6.493013972055889	6.487491683300067	!(staleInputs)	_
com.google.javascript.jscomp.Compiler#void#hoistExterns#?,Node#1367	6.481570192947438	6.493013972055889	6.487292082501663	!(options.dependencyOptions.needsManagement() && options.closurePass)	_
com.google.javascript.jscomp.Compiler#Node#parseInputs#?#1284	6.481570192947438	6.493013972055889	6.487292082501663	!(options.dependencyOptions.needsManagement() && options.closurePass)	_
com.google.javascript.jscomp.Compiler#Node#parseInputs#?#1338	6.481969394544245	6.488755821689954	6.485362608117099	!(options.sourceMapOutputPath != null || options.nameReferenceReportPath != null)	_
com.google.javascript.jscomp.Compiler#void#hoistExterns#?,Node#1384	6.482501663339987	6.482501663339987	6.482501663339987	!(info != null && info.isExterns())	_
com.google.javascript.jscomp.Compiler#void#hoistExterns#?,Node#1379	6.482501663339987	6.482501663339987	6.482501663339987	!(n == null)	_
com.google.javascript.jscomp.Compiler#Node#parseInputs#?#1269	6.482501663339987	6.482501663339987	6.482501663339987	!(hasErrors())	_
com.google.javascript.jscomp.Compiler#Node#parseInputs#?#1352	6.481969394544245	6.482767797737858	6.482368596141051	!(hasErrors())	_
com.google.javascript.jscomp.Compiler#Node#parseInputs#?#1331	6.481969394544245	6.481969394544245	6.481969394544245	!(devMode)	_
com.google.javascript.jscomp.Compiler#Node#parseInputs#?#1327	6.481969394544245	6.481969394544245	6.481969394544245	!(n == null)	_
com.google.javascript.jscomp.Compiler#void#hoistNoCompileFiles#?#1423	6.481969394544245	6.481969394544245	6.481969394544245	!(staleInputs)	_
com.google.javascript.jscomp.Compiler#void#hoistNoCompileFiles#?#1417	6.481969394544245	6.481969394544245	6.481969394544245	!(info != null && info.isNoCompile())	_
com.google.javascript.jscomp.Compiler#void#hoistNoCompileFiles#?#1412	6.481969394544245	6.481969394544245	6.481969394544245	!(n == null)	_
com.google.javascript.jscomp.Compiler#Node#parseInputs#?#1276	6.481570192947438	6.4818363273453095	6.481703260146373	!(options.transformAMDToCJSModules || options.processCommonJSModules)	_
com.google.javascript.jscomp.Compiler#void#hoistExterns#?,Node#1398	6.481570192947438	6.481570192947438	6.481570192947438	!(staleInputs)	_
com.google.javascript.jscomp.Compiler#void#stopTracer#?,Tracer,String#911	6.481570192947438	6.481570192947438	6.481570192947438	!(options.tracer.isOn())	_
com.google.javascript.jscomp.Compiler#Node#parseInputs#?#1241	6.481570192947438	6.481570192947438	6.481570192947438	!(externsRoot != null)	_
com.google.javascript.jscomp.Compiler#Node#parseInputs#?#1244	6.481570192947438	6.481570192947438	6.481570192947438	!(jsRoot != null)	_
com.google.javascript.jscomp.Compiler#Node#parseInputs#?#1258	6.481570192947438	6.481570192947438	6.481570192947438	!(options.tracer.isOn())	_
com.google.javascript.jscomp.Compiler#Tracer#newTracer#?,String#903	6.481570192947438	6.481570192947438	6.481570192947438	!(options.tracer.isOn())	_
com.google.javascript.jscomp.Tracer#long#stop#?,int#413	6.479707252162342	6.479707252162342	6.479707252162342	(0)== 0	_
com.google.javascript.jscomp.Tracer#long#stop#?,int#412	6.479707252162342	6.479707252162342	6.479707252162342	!trace.isInitialized()	_
com.google.javascript.jscomp.Tracer#?#Tracer#?,String,String#240	6.479707252162342	6.479707252162342	6.479707252162342	!(!extraTracingStatistics.isEmpty())	_
com.google.javascript.jscomp.Tracer#?#Tracer#?,String,String#253	6.479707252162342	6.479707252162342	6.479707252162342	!trace.isInitialized()	_
com.google.javascript.jscomp.Tracer#long#stop#?#441	6.479707252162342	6.479707252162342	6.479707252162342	(stop(-1))>= 0	_
com.google.javascript.jscomp.Tracer#ThreadTrace#getThreadTrace#?#960	6.479707252162342	6.479707252162342	6.479707252162342	!(t == null)	_
com.google.javascript.rhino.jstype.JSTypeRegistry#FunctionType#createFunctionType#?,JSType,boolean,JSType#1238	6.4757152361942785	6.476114437791084	6.475914836992681	lastVarArgs	_
com.google.javascript.rhino.jstype.JSTypeRegistry#Node#createParameters#?,boolean,JSType#1220	6.471856287425149	6.474384564204923	6.473120425815036	!(lastVarArgs && i == max)	_
com.google.javascript.rhino.jstype.JSTypeRegistry#Node#createParameters#?,boolean,JSType#1219	6.471856287425149	6.471856287425149	6.471856287425149	i <= max	_
com.google.javascript.jscomp.PrepareAst$PrepareAnnotations#boolean#shouldTraverse#?,NodeTraversal,Node,Node#131	6.16101131071191	6.770725216234198	6.4658682634730535	n.isObjectLit()	_
com.google.javascript.jscomp.Compiler#void#initCompilerOptionsIfTesting#?#1521	6.440851630073187	6.481170991350632	6.46101131071191	!(options == null)	_
com.google.javascript.rhino.jstype.FunctionType#void#setPrototypeBasedOn#?,ObjectType,Node#359	6.450698602794411	6.452694610778443	6.451696606786427	baseType.hasReferenceName() || isNativeObjectType() || baseType.isFunctionPrototypeType()	_
com.google.javascript.jscomp.NodeUtil#JSDocInfo#getBestJSDocInfo#?,Node#3021	6.36979374584165	6.505655355954757	6.437724550898204	parent.isVar() && parent.hasOneChild()	_
com.google.javascript.jscomp.parsing.IRFactory$TransformDispatcher#Node#processVariableInitializer#?,VariableInitializer#1078	6.389620758483034	6.485163007318696	6.437391882900865	initializerNode.getInitializer() != null	_
com.google.javascript.rhino.jstype.InstanceObjectType#String#toStringHelper#?,boolean#97	6.4184963406520295	6.4184963406520295	6.4184963406520295	constructor.hasReferenceName()	_
com.google.javascript.rhino.Node#void#putProp#?,int,Object#853	6.0870259481037925	6.748769128409847	6.41789753825682	!(value != null)	_
com.google.javascript.jscomp.Scope#Var#getVar#?,String#541	6.3619427811044575	6.4738522954091815	6.4178975382568195	!(var != null)	_
com.google.javascript.jscomp.parsing.IRFactory#Node#transformNameAsString#?,Name#295	6.40705256154358	6.408516300731869	6.407784431137724	!(jsDocInfo != null)	_
com.google.javascript.jscomp.parsing.IRFactory$TransformDispatcher#Node#transformAsString#?,AstNode#411	6.403459747172322	6.40705256154358	6.405256154357951	n instanceof Name	_
com.google.javascript.rhino.Node#int#extractCharno#?,int#1225	6.21144377910845	6.589753825681969	6.400598802395209	(lineCharNo & COLUMN_MASK)== 0	_
com.google.javascript.jscomp.parsing.IRFactory$TransformDispatcher#Node#processVariableDeclaration#?,VariableDeclaration#1063	6.389620758483034	6.38975382568197	6.389687292082502	!(!config.acceptConstKeyword && declarationNode.getType() == com.google.javascript.rhino.head.Token.CONST)	_
com.google.javascript.jscomp.parsing.TypeSafeDispatcher#T#process#?,AstNode#271	6.389620758483034	6.389620758483034	6.389620758483034	node instanceof VariableInitializer	_
com.google.javascript.jscomp.parsing.TypeSafeDispatcher#T#process#?,AstNode#269	6.389620758483034	6.389620758483034	6.389620758483034	node instanceof VariableDeclaration	_
com.google.javascript.rhino.jstype.FunctionParamBuilder#boolean#addVarArgs#?,JSType#104	6.247904191616766	6.476646706586826	6.362275449101796	!(!type.isEmptyType())	_
com.google.javascript.rhino.Node#int#getCharno#?#1145	6.121091151031271	6.589886892880905	6.355489021956088	(extractCharno(sourcePosition))== 0	_
com.google.javascript.jscomp.NodeUtil#JSDocInfo#getBestJSDocInfo#?,Node#3019	6.3373253493013975	6.36979374584165	6.353559547571524	!(parent.isFunction())	_
com.google.javascript.jscomp.NodeTraversal#Scope#getScope#?#597	6.3354624085163005	6.370459081836327	6.352960745176314	scopeRoots.isEmpty()	_
com.google.javascript.jscomp.Compiler#JSTypeRegistry#getTypeRegistry#?#1140	6.217964071856287	6.4787757817697935	6.3483699268130405	typeRegistry == null	_
com.google.javascript.jscomp.NodeTraversal#Scope#getScope#?#602	6.347704590818363	6.347704590818363	6.347704590818363	!(it.hasNext())	_
com.google.javascript.jscomp.Scope#boolean#isDeclared#?,String,boolean#568	6.343313373253493	6.343313373253493	6.343313373253493	!(scope.parent != null && recurse)	_
com.google.javascript.jscomp.Scope#boolean#isDeclared#?,String,boolean#565	6.343180306054558	6.343313373253493	6.343246839654025	!(scope.vars.containsKey(name))	_
com.google.javascript.rhino.jstype.FunctionType#boolean#setPrototype#?,ObjectType,Node#399	6.214238190286094	6.471723220226214	6.342980705256155	!(superClass != null)	_
com.google.javascript.jscomp.NodeUtil#JSDocInfo#getBestJSDocInfo#?,Node#3017	6.3373253493013975	6.3373253493013975	6.3373253493013975	!(isObjectLitKey(parent,parent.getParent()))	_
com.google.javascript.jscomp.NodeUtil#JSDocInfo#getBestJSDocInfo#?,Node#3015	6.337192282102462	6.3373253493013975	6.337258815701929	!(parent.isAssign())	_
com.google.javascript.jscomp.NodeUtil#JSDocInfo#getBestJSDocInfo#?,Node#3013	6.337192282102462	6.337192282102462	6.337192282102462	!(parent.isName())	_
com.google.javascript.jscomp.NodeUtil#JSDocInfo#getBestJSDocInfo#?,Node#3009	6.333200266134398	6.337192282102462	6.33519627411843	!(parent == null)	_
com.google.javascript.rhino.jstype.FunctionType#void#addSubType#?,FunctionType#1051	6.214504324683966	6.451630073186959	6.3330671989354625	subTypes == null	_
com.google.javascript.jscomp.NodeUtil#JSDocInfo#getBestJSDocInfo#?,Node#3007	6.332934131736527	6.333200266134398	6.3330671989354625	info == null	_
com.google.javascript.jscomp.Scope$Var#?#Var#?,boolean,String,Node,JSType,Scope,int,CompilerInput,boolean,JSDocInfo#137	6.3293413173652695	6.3293413173652695	6.3293413173652695	this.index <= index	_
com.google.javascript.rhino.jstype.InstanceObjectType#int#hashCode#?#176	6.2278110445775114	6.424750499001996	6.326280771789754	(getReferenceName().hashCode())< 0	_
com.google.javascript.jscomp.JsAst#Node#getAstRoot#?,AbstractCompiler#51	6.159414504324684	6.48210246174318	6.3207584830339325	!(root == null)	_
com.google.javascript.jscomp.Compiler#void#initOptions#?,CompilerOptions#244	6.1860279441117765	6.411976047904192	6.299001996007984	errorManager == null	_
com.google.javascript.rhino.Node#int#getChildCount#?#1410	6.1632734530938125	6.429673985362609	6.29647371922821	(c)== 0	_
com.google.javascript.rhino.Node#?#Node#?,int,Node,Node#398	6.280904856952761	6.280904856952761	6.280904856952761	sourcePosition <= nodeType	_
com.google.javascript.rhino.Node#?#Node#?,int,Node,Node#390	6.280904856952761	6.280904856952761	6.280904856952761	type == nodeType	_
com.google.javascript.jscomp.parsing.IRFactory$TransformDispatcher#Node#processName#?,Name,boolean#774	6.1503659347970725	6.40705256154358	6.278709248170326	asString	_
com.google.javascript.rhino.Node#int#getIntProp#?,int#832	6.270791749833666	6.270791749833666	6.270791749833666	(0)<= 0	_
com.google.javascript.rhino.Node#?#Node#?,int,Node#378	6.268662674650699	6.268662674650699	6.268662674650699	sourcePosition <= nodeType	_
com.google.javascript.rhino.Node#?#Node#?,int,Node#373	6.268662674650699	6.268662674650699	6.268662674650699	type >= nodeType	_
com.google.javascript.jscomp.parsing.IRFactory#Node#transformTree#?,AstRoot,StaticSourceFile,String,Config,ErrorReporter#185	6.142648037258816	6.384431137724551	6.2635395874916835	!(node.getComments() != null)	_
com.google.javascript.jscomp.Compiler#void#initBasedOnOptions#?#382	6.254424484364604	6.261210911510313	6.257817697937458	!(options.sourceMapOutputPath != null)	_
com.google.javascript.jscomp.Compiler#void#initInputsByIdMap#?#487	6.256819693945443	6.256819693945443	6.256819693945443	!(previous != null)	_
com.google.javascript.jscomp.Compiler#void#initModules#?,List<T>,List<JSModule>,CompilerOptions#357	6.254424484364604	6.255622089155024	6.255023286759814	!(modules.size() > 1)	_
com.google.javascript.jscomp.Compiler#void#fillEmptyModules#?,List<JSModule>#433	6.254424484364604	6.254690618762475	6.25455755156354	!(module.getInputs().isEmpty())	_
com.google.javascript.rhino.Node#int#getIntProp#?,int#834	6.254424484364604	6.254424484364604	6.254424484364604	(item.getIntValue())>= 0	_
com.google.javascript.rhino.Node$IntPropListItem#int#getIntValue#?#342	6.254424484364604	6.254424484364604	6.254424484364604	(intValue)>= 0	_
com.google.javascript.jscomp.Compiler#void#initInputsByIdMap#?#494	6.254424484364604	6.254424484364604	6.254424484364604	!(previous != null)	_
com.google.javascript.jscomp.Compiler#void#checkFirstModule#?,List<JSModule>#412	6.254424484364604	6.254424484364604	6.254424484364604	!(modules.get(0).getInputs().isEmpty() && modules.size() > 1)	_
com.google.javascript.jscomp.Compiler#void#checkFirstModule#?,List<JSModule>#410	6.254424484364604	6.254424484364604	6.254424484364604	!(modules.isEmpty())	_
com.google.javascript.rhino.jstype.FunctionParamBuilder#boolean#addOptionalParams#?,JSType#80	6.251630073186959	6.251630073186959	6.251630073186959	!(hasVarArgs())	_
com.google.javascript.rhino.jstype.FunctionParamBuilder#boolean#addVarArgs#?,JSType#95	6.247904191616766	6.247904191616766	6.247904191616766	!(hasVarArgs())	_
com.google.javascript.rhino.jstype.JSTypeRegistry#JSType#createOptionalType#?,JSType#956	6.245242847638057	6.249101796407186	6.247172322022621	type instanceof UnknownType || type.isAllType()	_
com.google.javascript.jscomp.NodeTraversal#void#popScope#?#586	6.156753160345975	6.3354624085163005	6.246107784431137	scopeRoots.isEmpty()	_
com.google.javascript.rhino.jstype.UnionTypeBuilder#UnionTypeBuilder#addAlternate#?,JSType#202	6.241250831669993	6.241250831669993	6.241250831669993	functionTypePosition == currentIndex	_
com.google.javascript.rhino.jstype.FunctionParamBuilder#boolean#addRequiredParams#?,JSType#63	6.239254823685961	6.239254823685961	6.239254823685961	!(hasOptionalOrVarArgs())	_
com.google.javascript.rhino.jstype.JSTypeRegistry#void#addReferenceTypeIndexedByProperty#?,String,JSType#636	6.234996673320026	6.235129740518962	6.235063206919494	typeSet == null	_
com.google.javascript.jscomp.parsing.IRFactory#int#transformTokenType#?,int#1313	6.233666001330672	6.233666001330672	6.233666001330672	(Token.EXPR_RESULT)> 0	_
com.google.javascript.rhino.jstype.JSTypeRegistry#void#addReferenceTypeIndexedByProperty#?,String,JSType#633	6.231137724550898	6.234996673320026	6.233067198935462	type instanceof ObjectType && ((ObjectType)type).hasReferenceName()	_
com.google.javascript.jscomp.parsing.TypeSafeDispatcher#T#process#?,AstNode#204	6.231270791749834	6.233666001330672	6.232468396540253	node instanceof ExpressionStatement	_
com.google.javascript.rhino.jstype.JSTypeRegistry#void#registerPropertyOnType#?,String,JSType#619	6.231137724550898	6.232335329341318	6.231736526946108	typeSet == null	_
com.google.javascript.rhino.Node#int#getIntProp#?,int#831	6.192415169660679	6.270791749833666	6.231603459747173	item == null	_
com.google.javascript.rhino.InputId#int#hashCode#?#61	6.163406520292748	6.2998003992015965	6.231603459747172	(id.hashCode())> 0	_
com.google.javascript.rhino.jstype.FunctionType#?#FunctionType#?,JSTypeRegistry,String,Node,ArrowType,ObjectType,String,boolean,boolean#143	6.217032601463739	6.245242847638057	6.231137724550898	isConstructor	_
com.google.javascript.rhino.jstype.FunctionType#FunctionType#getSuperClassConstructor#?#767	6.214238190286094	6.243646041250832	6.228942115768463	maybeSuperInstanceType == null	_
com.google.javascript.rhino.jstype.InstanceObjectType#int#hashCode#?#175	6.2278110445775114	6.2278110445775114	6.2278110445775114	hasReferenceName()	_
com.google.javascript.jscomp.NodeUtil#InputId#getInputId#?,Node#2862	6.220758483033932	6.220758483033932	6.220758483033932	n != null && !n.isScript()	_
com.google.javascript.rhino.jstype.PrototypeObjectType#?#PrototypeObjectType#?,JSTypeRegistry,String,ObjectType,boolean#119	6.201596806387226	6.2303393213572855	6.215968063872255	!(nativeType || implicitPrototype != null)	_
com.google.javascript.rhino.jstype.ObjectType#boolean#isImplicitPrototype#?,ObjectType#471	6.215169660678643	6.215701929474385	6.215435795076514	!(current != null)	_
com.google.javascript.rhino.jstype.ObjectType#boolean#isImplicitPrototype#?,ObjectType#473	6.215169660678643	6.215169660678643	6.215169660678643	!(current.isEquivalentTo(prototype))	_
com.google.javascript.rhino.jstype.PrototypeObjectType#boolean#isSubtype#?,JSType#475	6.215169660678643	6.215169660678643	6.215169660678643	!(getConstructor() != null && getConstructor().isInterface())	_
com.google.javascript.rhino.jstype.PrototypeObjectType#boolean#isSubtype#?,JSType#484	6.215169660678643	6.215169660678643	6.215169660678643	!(isUnknownType() || implicitPrototypeChainIsUnknown())	_
com.google.javascript.rhino.jstype.PrototypeObjectType#boolean#isSubtype#?,JSType#466	6.215169660678643	6.215169660678643	6.215169660678643	!(thatCtor != null && thatCtor.isInterface())	_
com.google.javascript.rhino.jstype.PrototypeObjectType#boolean#implicitPrototypeChainIsUnknown#?#496	6.215169660678643	6.215169660678643	6.215169660678643	!(p.isUnknownType())	_
com.google.javascript.rhino.jstype.PrototypeObjectType#boolean#implicitPrototypeChainIsUnknown#?#495	6.215169660678643	6.215169660678643	6.215169660678643	p != null	_
com.google.javascript.rhino.jstype.FunctionType#ObjectType#getPrototype#?#312	6.214637391882901	6.214637391882901	6.214637391882901	!(refName == null)	_
com.google.javascript.rhino.jstype.FunctionType#boolean#setPrototype#?,ObjectType,Node#403	6.214238190286094	6.2149035262807715	6.214570858283433	!(isInterface())	_
com.google.javascript.rhino.jstype.PrototypeObjectType#boolean#isSubtype#?,JSType#457	6.2137059214903525	6.215169660678643	6.214437791084498	!(that.isRecordType())	_
com.google.javascript.rhino.jstype.FunctionType#boolean#setPrototype#?,ObjectType,Node#391	6.214238190286094	6.214238190286094	6.214238190286094	!(oldPrototype != null)	_
com.google.javascript.rhino.jstype.FunctionType#boolean#setPrototype#?,ObjectType,Node#397	6.214238190286094	6.214238190286094	6.214238190286094	isConstructor() || isInterface()	_
com.google.javascript.rhino.jstype.FunctionType#boolean#setPrototype#?,ObjectType,Node#375	6.214238190286094	6.214238190286094	6.214238190286094	!(prototype == null)	_
com.google.javascript.rhino.jstype.FunctionType#boolean#setPrototype#?,ObjectType,Node#379	6.214238190286094	6.214238190286094	6.214238190286094	!(isConstructor() && prototype == getInstanceType())	_
com.google.javascript.rhino.jstype.FunctionType#boolean#setPrototype#?,ObjectType,Node#412	6.214238190286094	6.214238190286094	6.214238190286094	!(replacedPrototype)	_
com.google.javascript.rhino.jstype.UnionTypeBuilder#UnionTypeBuilder#addAlternate#?,JSType#199	6.18682634730539	6.241250831669993	6.214038589487691	alternate.isFunctionType()	_
com.google.javascript.rhino.jstype.PrototypeObjectType#boolean#isSubtype#?,JSType#450	6.2137059214903525	6.2137059214903525	6.2137059214903525	!(that.isUnionType())	_
com.google.javascript.jscomp.parsing.IRFactory$TransformDispatcher#boolean#isDirective#?,Node#488	6.142648037258816	6.284098469727212	6.213373253493014	n == null	_
com.google.javascript.rhino.jstype.InstanceObjectType#boolean#isEquivalentTo#?,JSType#162	6.212242182302062	6.214105123087159	6.213173652694611	!(thatObj != null && thatObj.isNominalType())	_
com.google.javascript.rhino.jstype.PrototypeObjectType#boolean#isSubtype#?,JSType#445	6.21170991350632	6.2137059214903525	6.212707917498337	!(JSType.isSubtypeHelper(this,that))	_
com.google.javascript.rhino.jstype.InstanceObjectType#boolean#isEquivalentTo#?,JSType#160	6.212242182302062	6.212242182302062	6.212242182302062	this.isNominalType()	_
com.google.javascript.rhino.jstype.InstanceObjectType#boolean#isEquivalentTo#?,JSType#158	6.210113107119096	6.212242182302062	6.211177644710579	!(this == that)	_
com.google.javascript.rhino.jstype.FunctionType#ObjectType#getPrototype#?#310	6.196274118429807	6.214637391882901	6.205455755156354	prototypeSlot == null	_
com.google.javascript.jscomp.Compiler#Config#getParserConfig#?#1981	6.159414504324684	6.245242847638057	6.20232867598137	!(parserConfig == null)	_
com.google.javascript.rhino.jstype.ObjectType#boolean#isUnknownType#?#495	6.201862940785096	6.202528276779773	6.202195608782435	implicitProto == null || implicitProto.isNativeObjectType()	_
com.google.javascript.rhino.jstype.ObjectType#boolean#isUnknownType#?#493	6.193479707252163	6.201862940785096	6.197671324018629	unknown	_
com.google.javascript.rhino.jstype.PrototypeObjectType#String#getReferenceName#?#429	6.197604790419161	6.1977378576180975	6.197671324018629	className != null	_
com.google.javascript.rhino.jstype.UnionTypeBuilder#UnionTypeBuilder#addAlternate#?,JSType#184	6.192415169660679	6.19414504324684	6.193280106453759	!(current.isSubtype(alternate))	_
com.google.javascript.rhino.jstype.JSType#int#hashCode#?#432	6.192947438456421	6.192947438456421	6.192947438456421	(System.identityHashCode(this))> 0	_
com.google.javascript.rhino.jstype.UnionTypeBuilder#UnionTypeBuilder#addAlternate#?,JSType#181	6.192282102461743	6.192415169660679	6.192348636061211	!(alternate.isSubtype(current))	_
com.google.javascript.rhino.jstype.UnionTypeBuilder#JSType#reduceAlternatesWithoutUnion#?#232	6.190685296074518	6.193346640053226	6.192015968063872	size > 1	_
com.google.javascript.rhino.jstype.UnionTypeBuilder#UnionTypeBuilder#addAlternate#?,JSType#172	6.19001996007984	6.192282102461743	6.191151031270792	!(alternate.isUnknownType() || current.isUnknownType() || alternate.isNoResolvedType()|| current.isNoResolvedType())	_
com.google.javascript.rhino.jstype.UnionTypeBuilder#JSType#build#?#250	6.1885562208915506	6.193346640053226	6.1909514304723885	result == null	_
com.google.javascript.rhino.jstype.UnionTypeBuilder#JSType#reduceAlternatesWithoutUnion#?#230	6.190685296074518	6.190685296074518	6.190685296074518	!(size > maxUnionSize)	_
com.google.javascript.jscomp.Compiler#void#initOptions#?,CompilerOptions#271	6.1860279441117765	6.195076513639388	6.190552228875582	!(options.checkGlobalThisLevel.isOn() && !options.disables(DiagnosticGroups.GLOBAL_THIS))	_
com.google.javascript.rhino.jstype.UnionTypeBuilder#JSType#reduceAlternatesWithoutUnion#?#222	6.189487691284098	6.190685296074518	6.190086493679308	!(isNativeUnknownType)	_
com.google.javascript.rhino.jstype.UnionTypeBuilder#UnionTypeBuilder#addAlternate#?,JSType#166	6.19001996007984	6.19001996007984	6.19001996007984	it.hasNext()	_
com.google.javascript.rhino.jstype.UnionTypeBuilder#JSType#reduceAlternatesWithoutUnion#?#220	6.1885562208915506	6.189487691284098	6.189021956087824	!(isAllType)	_
com.google.javascript.jscomp.ComposeWarningsGuard$GuardComparator#int#compare#?,WarningsGuard,WarningsGuard#65	6.188689288090486	6.188689288090486	6.188689288090486	(priorityDiff)> 0	_
com.google.javascript.rhino.jstype.UnionTypeBuilder#JSType#build#?#248	6.1885562208915506	6.1885562208915506	6.1885562208915506	result == null	_
com.google.javascript.jscomp.WarningsGuard#int#getPriority#?#84	6.188423153692614	6.188423153692614	6.188423153692614	(Priority.DEFAULT.value)!= 0	_
com.google.javascript.rhino.jstype.JSType#boolean#isSubtypeHelper#?,JSType,JSType#1037	6.187890884896873	6.187890884896873	6.187890884896873	!(thatType instanceof ProxyObjectType)	_
com.google.javascript.rhino.jstype.JSType#boolean#isSubtypeHelper#?,JSType,JSType#1024	6.187890884896873	6.187890884896873	6.187890884896873	!(thatType.isAllType())	_
com.google.javascript.rhino.jstype.JSType#boolean#isSubtypeHelper#?,JSType,JSType#1028	6.187890884896873	6.187890884896873	6.187890884896873	!(thatType.isUnionType())	_
com.google.javascript.rhino.jstype.JSType#boolean#isSubtypeHelper#?,JSType,JSType#1020	6.187358616101131	6.187890884896873	6.187624750499001	!(thisType.isEquivalentTo(thatType))	_
com.google.javascript.rhino.jstype.JSType#boolean#isSubtypeHelper#?,JSType,JSType#1016	6.187358616101131	6.187358616101131	6.187358616101131	!(thatType.isUnknownType())	_
com.google.javascript.jscomp.ComposeWarningsGuard$GuardComparator#int#compare#?,WarningsGuard,WarningsGuard#64	6.185761809713906	6.188689288090486	6.187225548902196	priorityDiff != 0	_
com.google.javascript.rhino.jstype.UnionTypeBuilder#UnionTypeBuilder#addAlternate#?,JSType#150	6.186560212907518	6.18682634730539	6.186693280106454	!(alternate.isFunctionType() && functionTypePosition != -1)	_
com.google.javascript.rhino.jstype.UnionTypeBuilder#UnionTypeBuilder#addAlternate#?,JSType#143	6.186560212907518	6.186560212907518	6.186560212907518	!(alternates.size() > maxUnionSize)	_
com.google.javascript.rhino.jstype.UnionTypeBuilder#UnionTypeBuilder#addAlternate#?,JSType#137	6.186560212907518	6.186560212907518	6.186560212907518	!(alternate.isUnionType())	_
com.google.javascript.rhino.jstype.UnionTypeBuilder#?#UnionTypeBuilder#?,JSTypeRegistry,int#106	6.186294078509647	6.186294078509647	6.186294078509647	this.maxUnionSize >= maxUnionSize	_
com.google.javascript.jscomp.Compiler#void#initOptions#?,CompilerOptions#278	6.1860279441117765	6.186294078509647	6.186161011310712	!(options.getLanguageIn() == LanguageMode.ECMASCRIPT5_STRICT)	_
com.google.javascript.rhino.jstype.UnionTypeBuilder#UnionTypeBuilder#addAlternate#?,JSType#136	6.18562874251497	6.186560212907518	6.186094477711244	!isAllType && !isNativeUnknownType	_
com.google.javascript.jscomp.ComposeWarningsGuard#void#addGuard#?,WarningsGuard#90	6.1860279441117765	6.186161011310712	6.186094477711244	!(composeGuard.demoteErrors)	_
com.google.javascript.jscomp.SuppressDocWarningsGuard#int#getPriority#?#99	6.1860279441117765	6.1860279441117765	6.1860279441117765	(WarningsGuard.Priority.SUPPRESS_DOC.value)>= 0	_
com.google.javascript.jscomp.ComposeWarningsGuard#void#addGuard#?,WarningsGuard#88	6.185761809713906	6.1860279441117765	6.185894876912841	guard instanceof ComposeWarningsGuard	_
com.google.javascript.jscomp.ComposeWarningsGuard$GuardComparator#int#compare#?,WarningsGuard,WarningsGuard#70	6.185761809713906	6.185761809713906	6.185761809713906	(orderOfAddition.get(b).intValue() - orderOfAddition.get(a).intValue())<= 0	_
com.google.javascript.rhino.jstype.UnionTypeBuilder#UnionTypeBuilder#addAlternate#?,JSType#132	6.18562874251497	6.18562874251497	6.18562874251497	!(isAlternateUnknown)	_
com.google.javascript.rhino.jstype.UnionTypeBuilder#UnionTypeBuilder#addAlternate#?,JSType#124	6.185495675316035	6.18562874251497	6.185562208915503	!(alternate.isNoType())	_
com.google.javascript.rhino.jstype.JSType#boolean#isEquivalentTo#?,JSType#409	6.174983366600133	6.176979374584165	6.175981370592149	!(jsType instanceof ProxyObjectType)	_
com.google.javascript.jscomp.Compiler#int#getErrorCount#?#2069	6.174717232202262	6.176047904191616	6.175382568196939	(errorManager.getErrorCount())== 0	_
com.google.javascript.rhino.Node#int#getChildCount#?#1407	6.1669993346640055	6.1669993346640055	6.1669993346640055	n != null	_
com.google.javascript.jscomp.parsing.IRFactory#int#position2charno#?,int#379	6.14397870924817	6.189620758483034	6.166799733865602	(position)> 0	_
com.google.javascript.rhino.Node#int#extractCharno#?,int#1222	6.120691949434464	6.21144377910845	6.166067864271457	!(lineCharNo == -1)	_
com.google.javascript.jscomp.CompilerInput#Node#getAstRoot#?,AbstractCompiler#118	6.166067864271457	6.166067864271457	6.166067864271457	root != null	_
com.google.javascript.jscomp.CompilerInput#?#CompilerInput#?,SourceAst,InputId,boolean#78	6.16393878908849	6.164071856287425	6.164005322687958	ast != null && ast.getSourceFile() != null	_
com.google.javascript.jscomp.PrepareAst#void#process#?,Node,Node#58	6.16101131071191	6.16101131071191	6.16101131071191	!(checkOnly)	_
com.google.javascript.jscomp.PrepareAst#void#process#?,Node,Node#65	6.16101131071191	6.16101131071191	6.16101131071191	!(externs != null)	_
com.google.javascript.jscomp.PrepareAst#void#process#?,Node,Node#69	6.16101131071191	6.16101131071191	6.16101131071191	root != null	_
com.google.javascript.jscomp.JsAst#void#parse#?,AbstractCompiler#95	6.159414504324684	6.16101131071191	6.1602129075182965	!(root == null || compiler.hasHaltingErrors())	_
com.google.javascript.jscomp.parsing.IRFactory#void#maybeSetLengthFrom#?,Node,AstNode#371	6.142648037258816	6.176713240186294	6.159680638722556	!(config.isIdeMode)	_
com.google.javascript.jscomp.NodeTraversal#void#traverseBranch#?,Node,Node#493	6.157950765136394	6.157950765136394	6.157950765136394	child != null	_
com.google.javascript.jscomp.NodeTraversal#void#traverseBranch#?,Node,Node#479	6.156753160345975	6.159148369926813	6.157950765136394	type == Token.SCRIPT	_
com.google.javascript.jscomp.BasicErrorManager#int#getErrorCount#?#76	6.155688622754491	6.158749168330006	6.157218895542249	(errorCount)== 0	_
com.google.javascript.jscomp.NodeTraversal#void#pushScope#?,Node#566	6.156753160345975	6.157019294743845	6.15688622754491	!(scopeCallback != null)	_
com.google.javascript.jscomp.NodeTraversal#void#popScope#?#583	6.156753160345975	6.157019294743845	6.15688622754491	!(scopeCallback != null)	_
com.google.javascript.jscomp.NodeTraversal#void#traverseBranch#?,Node,Node#485	6.156753160345975	6.157019294743845	6.15688622754491	!(!callback.shouldTraverse(this,n,parent))	_
com.google.javascript.jscomp.NodeTraversal#?#NodeTraversal#?,AbstractCompiler,Callback,ScopeCreator#232	6.15662009314704	6.15688622754491	6.156753160345975	!(cb instanceof ScopedCallback)	_
com.google.javascript.jscomp.parsing.IRFactory#void#setSourceInfo#?,Node,AstNode#324	6.142648037258816	6.16393878908849	6.153293413173653	!(irNode.getLineno() == -1)	_
com.google.javascript.jscomp.SourceFile#?#SourceFile#?,String#82	6.151297405189621	6.151297405189621	6.151297405189621	!(fileName == null || fileName.isEmpty())	_
com.google.javascript.jscomp.parsing.IRFactory$TransformDispatcher#Node#processName#?,Name,boolean#777	6.15103127079175	6.15103127079175	6.15103127079175	!(isReservedKeyword(nameNode.getIdentifier()))	_
com.google.javascript.rhino.Node#PropListItem#lookupProperty#?,int#761	6.14810379241517	6.14810379241517	6.14810379241517	x != null && propType != x.getType()	_
com.google.javascript.jscomp.parsing.ParserRunner#Node#parse#?,StaticSourceFile,String,Config,ErrorReporter,Logger#141	6.1466400532268795	6.149567531603459	6.148103792415169	astRoot != null	_
com.google.javascript.jscomp.parsing.IRFactory#int#position2charno#?,int#378	6.142648037258816	6.14397870924817	6.143313373253493	lineIndex == -1	_
com.google.javascript.jscomp.parsing.IRFactory#void#setFileOverviewJsDoc#?,Node#211	6.142648037258816	6.1430472388556225	6.142847638057219	!(fileOverviewInfo != null)	_
com.google.javascript.jscomp.parsing.IRFactory#JSDocInfo#handleJsDoc#?,AstNode,Node#272	6.142648037258816	6.142648037258816	6.142648037258816	!(comment != null)	_
com.google.javascript.rhino.Node#void#setCharno#?,int#1173	6.142648037258816	6.142648037258816	6.142648037258816	sourcePosition > charno	_
com.google.javascript.jscomp.parsing.IRFactory$TransformDispatcher#void#parseDirectives#?,Node#482	6.142648037258816	6.142648037258816	6.142648037258816	!(directives != null)	_
com.google.javascript.jscomp.parsing.IRFactory#Node#transform#?,AstNode#285	6.142648037258816	6.142648037258816	6.142648037258816	!(jsDocInfo != null)	_
com.google.javascript.jscomp.parsing.IRFactory#void#setFileOverviewJsDoc#?,Node#206	6.142648037258816	6.142648037258816	6.142648037258816	!(rootNodeJsDoc != null)	_
com.google.javascript.rhino.Node#void#setLineno#?,int#1169	6.14251497005988	6.14251497005988	6.14251497005988	sourcePosition != charno	_
com.google.javascript.rhino.Node#void#setLineno#?,int#1167	6.14251497005988	6.14251497005988	6.14251497005988	charno != lineno	_
com.google.javascript.rhino.Node#void#setLineno#?,int#1166	6.14251497005988	6.14251497005988	6.14251497005988	charno == -1	_
com.google.javascript.jscomp.parsing.ParserRunner#void#initResourceConfig#?#77	6.139720558882235	6.144111776447106	6.141916167664671	annotationNames != null	_
com.google.javascript.rhino.Node#int#extractCharno#?,int#1223	6.140918163672655	6.140918163672655	6.140918163672655	(-1)!= 0	_
com.google.javascript.rhino.Node#int#extractLineno#?,int#1211	6.140385894876913	6.140385894876913	6.140385894876913	(-1)< 0	_
com.google.javascript.jscomp.parsing.ParserRunner#Config#createConfig#?,boolean,LanguageMode,boolean,Set<String>#66	6.139720558882235	6.139853626081171	6.139787092481703	extraAnnotationNames == null	_
com.google.javascript.rhino.Node#int#extractLineno#?,int#1213	6.122421823020625	6.1393213572854295	6.130871590153028	(lineCharNo >>> COLUMN_BITS)> 0	_
com.google.javascript.rhino.Node#int#getLineno#?#1141	6.120558882235529	6.1405189620758485	6.130538922155688	(extractLineno(sourcePosition))< 0	_
com.google.javascript.rhino.Node#int#extractLineno#?,int#1210	6.120159680638722	6.140385894876913	6.130272787757818	lineCharNo == -1	_
com.google.javascript.rhino.Node#PropListItem#removeProp#?,PropListItem,int#801	6.090884896872921	6.160878243512974	6.125881570192947	result != item.getNext()	_
com.google.javascript.rhino.Node#PropListItem#removeProp#?,PropListItem,int#797	6.090485695276114	6.159946773120426	6.12521623419827	item.getType() == propType	_
com.google.javascript.rhino.Node#void#addChildToBack#?,Node#613	6.11497005988024	6.1354624085163	6.12521623419827	!(last == null)	_
com.google.javascript.rhino.Node$StringNode#?#StringNode#?,int,String#198	6.12375249500998	6.12375249500998	6.12375249500998	!(null == str)	_
com.google.javascript.rhino.Node#void#removeProp#?,int#783	6.078642714570858	6.159946773120426	6.119294743845642	result != propListHead	_
com.google.javascript.rhino.Node#Object#getProp#?,int#815	6.085163007318696	6.132667997338656	6.108915502328676	item == null	_
com.google.javascript.rhino.Node#int#mergeLineCharNo#?,int,int#1201	6.10645375914837	6.106852960745177	6.106653359946773	(lineno << COLUMN_BITS | (charno & COLUMN_MASK))> 0	_
com.google.javascript.rhino.Node#int#mergeLineCharNo#?,int,int#1198	6.106320691949435	6.10645375914837	6.106387225548902	!((charno & ~COLUMN_MASK) != 0)	_
com.google.javascript.rhino.Node#int#mergeLineCharNo#?,int,int#1196	6.106187624750499	6.106320691949435	6.106254158349967	!(lineno < 0 || charno < 0)	_
com.google.javascript.rhino.Node#int#getType#?#529	6.103127079174984	6.103127079174984	6.103127079174984	(type)> 0	_
com.google.javascript.rhino.Node$IntPropListItem#?#IntPropListItem#?,int,int,PropListItem#337	6.099001996007984	6.099001996007984	6.099001996007984	this.intValue < propType	_
com.google.javascript.rhino.Node#void#putIntProp#?,int,int#864	6.098868928809049	6.099001996007984	6.098935462408516	value != 0	_
com.google.javascript.jscomp.parsing.Config#Map<String,Annotation>#buildAnnotationNames#?,Set<String>#94	6.089288090485695	6.089288090485695	6.089288090485695	!Annotation.recognizedAnnotations.containsKey(unrecognizedAnnotation)	_
com.google.javascript.rhino.Node#void#putProp#?,int,Object#846	6.0870259481037925	6.0870259481037925	6.0870259481037925	!(propType == SOURCENAME_PROP)	_
com.google.javascript.rhino.Node#Object#getProp#?,int#810	6.085163007318696	6.085163007318696	6.085163007318696	!(propType == SOURCENAME_PROP)	_
com.google.javascript.rhino.Node#PropListItem#removeProp#?,PropListItem,int#795	6.078642714570858	6.090485695276114	6.0845642049234865	!(item == null)	_
com.google.javascript.rhino.Node$AbstractPropListItem#int#getType#?#284	6.0809048569527615	6.0809048569527615	6.0809048569527615	(propType)!= 0	_
com.google.javascript.rhino.Node$AbstractPropListItem#?#AbstractPropListItem#?,int,PropListItem#278	6.079840319361278	6.079840319361278	6.079840319361278	this.propType <= propType	_
com.google.javascript.rhino.Node#?#Node#?,int#364	6.065069860279441	6.065069860279441	6.065069860279441	sourcePosition < nodeType	_
com.google.javascript.rhino.Node#?#Node#?,int#362	6.065069860279441	6.065069860279441	6.065069860279441	type >= nodeType	_
com.google.javascript.jscomp.ProcessCommonJSModules$ProcessCommonJsModulesCallback#void#visitScript#?,NodeTraversal,Node#180	6.9997338656021295	5.0	5.999866932801065	!(reportDependencies)	_
com.google.javascript.rhino.Node#Node#copyInformationFrom#?,Node#1737	5.843912175648702	5.843912175648702	5.843912175648702	!(getProp(SOURCENAME_PROP) == null)	_
com.google.javascript.rhino.Node#void#replaceChild#?,Node,Node#730	5.823952095808384	5.849234863606121	5.836593479707252	child == last	_
com.google.javascript.jscomp.AstValidator#void#validateBlock#?,Node#279	4.752228875582169	6.599733865602129	5.675981370592149	!(c != null)	_
com.google.javascript.jscomp.PrepareAst$PrepareAnnotations#void#annotateCalls#?,Node#170	5.561676646706587	5.700066533599467	5.630871590153028	!NodeUtil.isGet(first)	_
com.google.javascript.rhino.Node#boolean#isEquivalentTo#?,Node,boolean,boolean#1548	4.566999334664005	6.5655355954757155	5.56626746506986	!(n != null)	_
com.google.javascript.jscomp.PrepareAst$PrepareAnnotations#void#annotateCalls#?,Node#176	5.561676646706587	5.562341982701264	5.562009314703926	!(first.isName() && "eval".equals(first.getString()))	_
com.google.javascript.jscomp.parsing.IRFactory#int#transformTokenType#?,int#1205	5.559015302727878	5.559015302727878	5.559015302727878	(Token.CALL)!= 0	_
com.google.javascript.rhino.Node#String#getQualifiedName#?#1568	5.474650698602795	5.477045908183633	5.475848303393214	type == Token.NAME	_
com.google.javascript.jscomp.Compiler#void#initOptions#?,CompilerOptions#245	6.411976047904192	4.424750499001996	5.418363273453094	outStream == null	_
com.google.javascript.jscomp.Compiler#void#initOptions#?,CompilerOptions#298	6.1860279441117765	4.539720558882236	5.362874251497006	!(!options.checkSymbols && !composedGuards.enables(DiagnosticGroups.CHECK_VARIABLES))	_
com.google.javascript.rhino.Node#void#replaceChild#?,Node,Node#724	5.823952095808384	4.865602129075183	5.3447771124417836	child == first	_
com.google.javascript.jscomp.Compiler#void#initOptions#?,CompilerOptions#257	6.1860279441117765	4.318030605455755	5.252029274783766	options.enables(DiagnosticGroups.CHECK_TYPES)	_
com.google.javascript.jscomp.DiagnosticGroupWarningsGuard#boolean#enables#?,DiagnosticGroup#50	6.190552228875582	4.312974051896208	5.251763140385895	level.isOn()	_
com.google.javascript.jscomp.ComposeWarningsGuard#boolean#enables#?,DiagnosticGroup#151	6.189088489687292	4.31377245508982	5.251430472388556	guard.enables(group)	_
com.google.javascript.jscomp.CodeGenerator#void#add#?,Node,Context#535	4.959414504324684	4.9676646706586824	4.963539587491683	!(hasElse)	_
com.google.javascript.jscomp.AstValidator#void#validateIf#?,Node#468	4.958216899534265	4.9664670658682635	4.962341982701265	!(n.getChildCount() == 3)	_
com.google.javascript.jscomp.CodeGenerator#void#add#?,Node,Context#546	4.959414504324684	4.959414504324684	4.959414504324684	!(ambiguousElseClause)	_
com.google.javascript.jscomp.CodeGenerator#void#add#?,Node,Context#527	4.959414504324684	4.959414504324684	4.959414504324684	!(ambiguousElseClause)	_
com.google.javascript.jscomp.CodeGenerator#void#addNonEmptyStatement#?,Node,Context,boolean#827	4.958616101131071	4.959946773120426	4.959281437125748	!(alwaysWrapInBlock || isOneExactlyFunctionOrDo(firstAndOnlyChild))	_
com.google.javascript.jscomp.CodeGenerator#boolean#isOneExactlyFunctionOrDo#?,Node#862	4.959015302727877	4.959015302727877	4.959015302727877	!(n.isLabel())	_
com.google.javascript.jscomp.CodeGenerator#Node#getFirstNonEmptyChild#?,Node#1152	4.958616101131071	4.958616101131071	4.958616101131071	!c.isEmpty()	_
com.google.javascript.jscomp.CodeGenerator#Node#getFirstNonEmptyChild#?,Node#1146	4.958616101131071	4.958616101131071	4.958616101131071	c != null	_
com.google.javascript.jscomp.CodeGenerator#Node#getFirstNonEmptyChild#?,Node#1147	4.958616101131071	4.958616101131071	4.958616101131071	!(c.isBlock())	_
com.google.javascript.jscomp.CodeGenerator#void#addNonEmptyStatement#?,Node,Context,boolean#839	4.952228875582169	4.959946773120426	4.956087824351298	!(count > 1)	_
com.google.javascript.jscomp.CodeGenerator#void#addNonEmptyStatement#?,Node,Context,boolean#821	4.951031270791749	4.958616101131071	4.95482368596141	count == 1	_
com.google.javascript.jscomp.CodeGenerator#void#addNonEmptyStatement#?,Node,Context,boolean#851	4.950499001996008	4.953825681969395	4.952162341982701	!(nodeToProcess.isVar())	_
com.google.javascript.jscomp.CodeGenerator#int#getNonEmptyChildCount#?,Node,int#1137	4.951031270791749	4.951031270791749	4.951031270791749	!c.isEmpty()	_
com.google.javascript.jscomp.CodeGenerator#int#getNonEmptyChildCount#?,Node,int#1135	4.951031270791749	4.951031270791749	4.951031270791749	!(c.isBlock())	_
com.google.javascript.jscomp.CodeGenerator#int#getNonEmptyChildCount#?,Node,int#1134	4.951031270791749	4.951031270791749	4.951031270791749	c != null && i < maxCount	_
com.google.javascript.jscomp.CodeGenerator#void#addNonEmptyStatement#?,Node,Context,boolean#844	4.950499001996008	4.950499001996008	4.950499001996008	!(nodeToProcess.isEmpty())	_
com.google.javascript.jscomp.CodeGenerator#void#addNonEmptyStatement#?,Node,Context,boolean#811	4.939055222887558	4.951031270791749	4.945043246839654	!(count == 0)	_
com.google.javascript.jscomp.CodeGenerator#int#getNonEmptyChildCount#?,Node,int#1141	4.939055222887558	4.951031270791749	4.945043246839654	(i)> 0	_
com.google.javascript.jscomp.AstValidator#void#validateMinimumChildCount#?,Node,int#794	4.9387890884896875	4.950632069194944	4.944710578842315	i == 2	_
com.google.javascript.jscomp.CodeGenerator#void#addNonEmptyStatement#?,Node,Context,boolean#809	4.937325349301397	4.939055222887558	4.9381902860944775	n.isBlock()	_
com.google.javascript.jscomp.CodeGenerator#void#addNonEmptyStatement#?,Node,Context,boolean#803	4.937325349301397	4.937325349301397	4.937325349301397	!(!allowNonBlockChild && !n.isBlock())	_
com.google.javascript.jscomp.CodeGenerator#String#jsString#?,String,boolean#971	4.927611443779108	4.927611443779108	4.927611443779108	i < s.length()	_
com.google.javascript.jscomp.CodeGenerator#void#addJsString#?,Node#959	4.924284763805722	4.924284763805722	4.924284763805722	cached == null	_
com.google.javascript.jscomp.CodeGenerator#void#addJsString#?,Node#955	4.924151696606787	4.924284763805722	4.924218230206254	!(useSlashV)	_
com.google.javascript.jscomp.CodeGenerator#String#jsString#?,String,boolean#980	4.924151696606787	4.924284763805722	4.924218230206254	!(singleq < doubleq)	_
com.google.javascript.jscomp.CodeGenerator#String#strEscape#?,String,char,String,String,String,CharsetEncoder,boolean#1025	4.924018629407851	4.924018629407851	4.924018629407851	i < s.length()	_
com.google.javascript.jscomp.CodeGenerator#String#strEscape#?,String,char,String,String,String,CharsetEncoder,boolean#1079	4.924018629407851	4.924018629407851	4.924018629407851	!(outputCharsetEncoder != null)	_
com.google.javascript.jscomp.CodeGenerator#String#strEscape#?,String,char,String,String,String,CharsetEncoder,boolean#1090	4.924018629407851	4.924018629407851	4.924018629407851	c > 0x1f && c < 0x7f	_
com.google.javascript.jscomp.parsing.IRFactory$TransformDispatcher#Node#processStringLiteral#?,StringLiteral#914	4.82608117099135	4.826214238190286	4.826147704590818	!(value.indexOf('\u000B') != -1)	_
com.google.javascript.jscomp.CodeConsumer#void#addNumber#?,double#253	4.775515635395875	4.776180971390552	4.7758483033932135	!(Math.abs(x) >= 100)	_
com.google.javascript.jscomp.CodeConsumer#void#addNumber#?,double#259	4.775515635395875	4.775515635395875	4.775515635395875	!(exp > 2)	_
com.google.javascript.jscomp.CodeConsumer#void#addNumber#?,double#249	4.775116433799068	4.775515635395875	4.775316034597472	(long)x == x && !negativeZero	_
com.google.javascript.jscomp.CodeConsumer#void#addNumber#?,double#245	4.775116433799068	4.77538256819694	4.7752495009980045	!((x < 0 || negativeZero) && prev == '-')	_
com.google.javascript.rhino.Node$NumberNode#double#getDouble#?#167	4.738389886892881	4.7721889554224886	4.755289421157684	(this.number)> 0	_
com.google.javascript.jscomp.CodeGenerator#void#add#?,Node,Context#510	4.752095808383234	4.752361942781104	4.752228875582169	!(isIndirectEval(first) || n.getBooleanProp(Node.FREE_CALL) && NodeUtil.isGet(first))	_
com.google.javascript.jscomp.AstValidator#void#validateCall#?,Node#376	4.709115103127079	4.709115103127079	4.709115103127079	!(c != null)	_
com.google.javascript.rhino.Node#boolean#isEquivalentTo#?,Node,boolean,boolean#1550	4.566999334664005	4.752761144377911	4.659880239520958	!n.isEquivalentTo(n2,compareJsType,true)	_
com.google.javascript.rhino.Node$NumberNode#?#NumberNode#?,double#157	4.599866932801064	4.599866932801064	4.599866932801064	this.number <= number	_
com.google.javascript.jscomp.LineNumberCheck#void#visit#?,NodeTraversal,Node,Node#72	4.580705256154358	4.580705256154358	4.580705256154358	!(n.getLineno() == -1)	_
com.google.javascript.jscomp.LineNumberCheck#void#visit#?,NodeTraversal,Node,Node#71	4.566200931470393	4.580705256154358	4.573453093812375	requiresLineNumbers	_
com.google.javascript.jscomp.LineNumberCheck#boolean#shouldTraverse#?,NodeTraversal,Node,Node#61	4.566200931470393	4.574184963406521	4.570192947438457	n.isScript()	_
com.google.javascript.jscomp.LineNumberCheck#void#visit#?,NodeTraversal,Node,Node#69	4.566200931470393	4.574184963406521	4.570192947438457	n.isScript()	_
com.google.javascript.jscomp.CodeGenerator#void#add#?,Node,Context#655	1.9528942115768464	6.897405189620758	4.425149700598802	!(c != null)	_
com.google.javascript.jscomp.parsing.IRFactory#int#transformTokenType#?,int#1244	4.420492348636062	4.420492348636062	4.420492348636062	(Token.ASSIGN)!= 0	_
com.google.javascript.jscomp.parsing.IRFactory$TransformDispatcher#Node#processAssignment#?,Assignment#442	4.416899534264804	4.417032601463739	4.416966067864271	!(!validAssignmentTarget(target))	_
com.google.javascript.jscomp.AstValidator#void#validateObjectLit#?,Node#669	1.9320026613439787	6.850565535595476	4.391284098469727	!(c != null)	_
com.google.javascript.jscomp.PrepareAst$PrepareAnnotations#void#normalizeObjectLiteralAnnotations#?,Node#154	1.9020625415834997	6.770725216234198	4.336393878908849	!(key != null)	_
com.google.javascript.jscomp.DiagnosticGroupWarningsGuard#boolean#enables#?,DiagnosticGroup#52	4.312974051896208	4.31377245508982	4.313373253493014	group.matches(type)	_
com.google.javascript.rhino.jstype.InstanceObjectType#boolean#defineProperty#?,String,JSType,boolean,Node#89	4.308316699933466	4.308316699933466	4.308316699933466	!(proto != null && proto.hasOwnDeclaredProperty(name))	_
com.google.javascript.rhino.jstype.PrototypeObjectType#boolean#defineProperty#?,String,JSType,boolean,Node#236	4.302727877578177	4.302727877578177	4.302727877578177	!(hasOwnDeclaredProperty(name))	_
com.google.javascript.rhino.jstype.PrototypeObjectType#boolean#defineProperty#?,String,JSType,boolean,Node#242	4.302727877578177	4.302727877578177	4.302727877578177	!(oldProp != null)	_
com.google.javascript.rhino.jstype.PrototypeObjectType#String#getReferenceName#?#431	4.292215568862275	4.292880904856952	4.292548236859614	ownerFunction != null	_
com.google.javascript.jscomp.ProcessCommonJSModules$ProcessCommonJsModulesCallback#void#visitRequireCall#?,NodeTraversal,Node,Node#158	3.999733865602129	4.0	3.9998669328010648	!(reportDependencies)	_
com.google.javascript.jscomp.ProcessCommonJSModules#String#toModuleName#?,String,String#102	3.999733865602129	3.999733865602129	3.999733865602129	!(requiredFilename.startsWith("." + File.separator) || requiredFilename.startsWith(".." + File.separator))	_
com.google.javascript.jscomp.ProcessCommonJSModules$ProcessCommonJsModulesCallback#Node#getCurrentScriptNode#?,Node#235	3.999733865602129	3.999733865602129	3.999733865602129	n.isScript()	_
com.google.javascript.rhino.Node#String#getQualifiedName#?#1572	3.525482368596141	3.5256154357950766	3.5255489021956086	!(left == null)	_
com.google.javascript.rhino.Node#String#getQualifiedName#?#1570	3.5208250166334	3.525482368596141	3.5231536926147706	type == Token.GETPROP	_
com.google.javascript.jscomp.ProcessCommonJSModules$SuffixVarsCallback#?#SuffixVarsCallback#?,String#253	6.9997338656021295	0.0	3.4998669328010648		_
com.google.javascript.jscomp.ProcessCommonJSModules$ProcessCommonJsModulesCallback#void#emitOptionalModuleExportsOverride#?,Node,String#210	6.9997338656021295	0.0	3.4998669328010648		_
com.google.javascript.jscomp.ProcessCommonJSModules$ProcessCommonJsModulesCallback#void#emitOptionalModuleExportsOverride#?,Node,String#208	6.9997338656021295	0.0	3.4998669328010648		_
com.google.javascript.jscomp.ProcessCommonJSModules$ProcessCommonJsModulesCallback#void#visit#?,NodeTraversal,Node,Node#139	6.9997338656021295	0.0	3.4998669328010648		_
com.google.javascript.jscomp.ProcessCommonJSModules$ProcessCommonJsModulesCallback#void#visit#?,NodeTraversal,Node,Node#138	6.9997338656021295	0.0	3.4998669328010648		_
com.google.javascript.jscomp.ProcessCommonJSModules#void#process#?,Node,Node#65	6.9997338656021295	0.0	3.4998669328010648		_
com.google.javascript.jscomp.ProcessCommonJSModules$ProcessCommonJsModulesCallback#void#visitScript#?,NodeTraversal,Node#191	6.9997338656021295	0.0	3.4998669328010648		_
com.google.javascript.jscomp.ProcessCommonJSModules$ProcessCommonJsModulesCallback#void#visitScript#?,NodeTraversal,Node#194	6.9997338656021295	0.0	3.4998669328010648		_
com.google.javascript.jscomp.ProcessCommonJSModules$ProcessCommonJsModulesCallback#void#visitScript#?,NodeTraversal,Node#197	6.9997338656021295	0.0	3.4998669328010648		_
com.google.javascript.jscomp.ProcessCommonJSModules$ProcessCommonJsModulesCallback#void#visitScript#?,NodeTraversal,Node#187	6.9997338656021295	0.0	3.4998669328010648		_
com.google.javascript.jscomp.ProcessCommonJSModules$ProcessCommonJsModulesCallback#void#visitScript#?,NodeTraversal,Node#178	6.9997338656021295	0.0	3.4998669328010648		_
com.google.javascript.jscomp.ProcessCommonJSModules$ProcessCommonJsModulesCallback#void#visitScript#?,NodeTraversal,Node#176	6.9997338656021295	0.0	3.4998669328010648		_
com.google.javascript.jscomp.ProcessCommonJSModules$ProcessCommonJsModulesCallback#void#visitScript#?,NodeTraversal,Node#173	6.9997338656021295	0.0	3.4998669328010648		_
com.google.javascript.jscomp.ProcessCommonJSModules$SuffixVarsCallback#void#visit#?,NodeTraversal,Node,Node#267	6.9997338656021295	0.0	3.4998669328010648		_
com.google.javascript.jscomp.ProcessCommonJSModules$SuffixVarsCallback#void#visit#?,NodeTraversal,Node,Node#261	6.9997338656021295	0.0	3.4998669328010648		_
com.google.javascript.jscomp.ProcessCommonJSModules$SuffixVarsCallback#void#visit#?,NodeTraversal,Node,Node#259	6.9997338656021295	0.0	3.4998669328010648		_
com.google.javascript.jscomp.ProcessCommonJSModules#String#toModuleName#?,String#87	6.999600798403193	0.0	3.4998003992015967		_
com.google.javascript.rhino.Token#String#name#?,int#231	6.999600798403193	0.0	3.4998003992015967		_
com.google.javascript.jscomp.ProcessCommonJSModules#?#ProcessCommonJSModules#?,AbstractCompiler,String,boolean#60	6.999600798403193	0.0	3.4998003992015967		_
com.google.javascript.jscomp.ProcessCommonJSModules#?#ProcessCommonJSModules#?,AbstractCompiler,String,boolean#57	6.999600798403193	0.0	3.4998003992015967		_
com.google.javascript.jscomp.ProcessCommonJSModules#?#ProcessCommonJSModules#?,AbstractCompiler,String,boolean#58	6.999600798403193	0.0	3.4998003992015967		_
com.google.javascript.jscomp.ProcessCommonJSModules#String#normalizeSourceName#?,String#118	6.999600798403193	0.0	3.4998003992015967		_
com.google.javascript.jscomp.ProcessCommonJSModules#String#guessCJSModuleName#?,String#70	6.999600798403193	0.0	3.4998003992015967		_
com.google.javascript.rhino.Token#String#name#?,int#227	6.999201596806388	0.0	3.499600798403194		_
com.google.javascript.rhino.Node#NodeMismatch#checkTreeEqualsImpl#?,Node#1459	6.9990685296074515	0.0	3.4995342648037258		_
com.google.javascript.rhino.Node#String#checkTreeEquals#?,Node#1430	6.9990685296074515	0.0	3.4995342648037258		_
com.google.javascript.rhino.Node$NodeMismatch#?#NodeMismatch#?,Node,Node#2147	6.99853626081171	0.0	3.499268130405855		_
com.google.javascript.rhino.Node$NodeMismatch#?#NodeMismatch#?,Node,Node#2146	6.99853626081171	0.0	3.499268130405855		_
com.google.javascript.rhino.Node#NodeMismatch#checkTreeEqualsImpl#?,Node#1446	6.99853626081171	0.0	3.499268130405855		_
com.google.javascript.rhino.IR#Node#ifNode#?,Node,Node#159	6.998270126413839	0.0	3.4991350632069196		_
com.google.javascript.rhino.IR#Node#ifNode#?,Node,Node#158	6.998270126413839	0.0	3.4991350632069196		_
com.google.javascript.rhino.IR#Node#ifNode#?,Node,Node#157	6.998270126413839	0.0	3.4991350632069196		_
com.google.javascript.rhino.IR#Node#var#?,Node,Node#129	6.997471723220226	0.0	3.498735861610113		_
com.google.javascript.rhino.IR#Node#var#?,Node,Node#128	6.997471723220226	0.0	3.498735861610113		_
com.google.javascript.rhino.IR#Node#var#?,Node,Node#127	6.997471723220226	0.0	3.498735861610113		_
com.google.javascript.rhino.IR#Node#var#?,Node,Node#126	6.997471723220226	0.0	3.498735861610113		_
com.google.javascript.rhino.Node#String#propToString#?,int#143	6.997338656021291	0.0	3.4986693280106453		_
com.google.javascript.rhino.Node#String#propToString#?,int#129	6.997338656021291	0.0	3.4986693280106453		_
com.google.javascript.rhino.InputId#String#toString#?#74	6.997338656021291	0.0	3.4986693280106453		_
com.google.javascript.rhino.Token#String#name#?,int#214	6.997205588822355	0.0	3.4986027944111777		_
com.google.javascript.rhino.IR#Node#block#?,Node#97	6.997205588822355	0.0	3.4986027944111777		_
com.google.javascript.rhino.IR#Node#block#?,Node#99	6.997205588822355	0.0	3.4986027944111777		_
com.google.javascript.rhino.IR#Node#block#?,Node#98	6.997205588822355	0.0	3.4986027944111777		_
com.google.javascript.rhino.Token#String#name#?,int#259	6.995874916833	0.0	3.4979374584165		_
com.google.javascript.rhino.Node$IntPropListItem#String#toString#?#352	6.995475715236195	0.0	3.4977378576180973		_
com.google.javascript.rhino.Token#String#name#?,int#265	6.994544244843646	0.0	3.497272122421823		_
com.google.javascript.rhino.Node#void#toStringTreeHelper#?,Node,int,Appendable#1031	6.994411177644711	0.0	3.4972055888223554		_
com.google.javascript.rhino.Node#void#toStringTreeHelper#?,Node,int,Appendable#1038	6.994411177644711	0.0	3.4972055888223554		_
com.google.javascript.rhino.Node#String#toStringTree#?#1011	6.994278110445775	0.0	3.4971390552228874		_
com.google.javascript.rhino.Node#String#toStringTreeImpl#?#1016	6.994278110445775	0.0	3.4971390552228874		_
com.google.javascript.rhino.Node#String#toStringTreeImpl#?#1018	6.994278110445775	0.0	3.4971390552228874		_
com.google.javascript.rhino.Node#String#toStringTreeImpl#?#1017	6.994278110445775	0.0	3.4971390552228874		_
com.google.javascript.rhino.Node#void#toStringTreeHelper#?,Node,int,Appendable#1033	6.994278110445775	0.0	3.4971390552228874		_
com.google.javascript.rhino.Node#void#toStringTreeHelper#?,Node,int,Appendable#1034	6.994278110445775	0.0	3.4971390552228874		_
com.google.javascript.rhino.Node#void#appendStringTree#?,Appendable#1025	6.994278110445775	0.0	3.4971390552228874		_
com.google.javascript.rhino.Node#String#propToString#?,int#142	6.994011976047904	0.0	3.497005988023952		_
com.google.javascript.rhino.Node#String#propToString#?,int#117	6.994011976047904	0.0	3.497005988023952		_
com.google.javascript.jscomp.SourceFile#String#toString#?#303	6.994011976047904	0.0	3.497005988023952		_
com.google.javascript.rhino.Node#int[]#getSortedPropTypes#?#886	6.994011976047904	0.0	3.497005988023952		_
com.google.javascript.rhino.Node#int[]#getSortedPropTypes#?#881	6.994011976047904	0.0	3.497005988023952		_
com.google.javascript.rhino.Node#void#toString#?,StringBuilder,boolean,boolean,boolean#984	6.994011976047904	0.0	3.497005988023952		_
com.google.javascript.rhino.Node#void#toString#?,StringBuilder,boolean,boolean,boolean#983	6.994011976047904	0.0	3.497005988023952		_
com.google.javascript.rhino.Node#void#toString#?,StringBuilder,boolean,boolean,boolean#982	6.994011976047904	0.0	3.497005988023952		_
com.google.javascript.rhino.Node#void#toString#?,StringBuilder,boolean,boolean,boolean#988	6.994011976047904	0.0	3.497005988023952		_
com.google.javascript.rhino.Node#void#toString#?,StringBuilder,boolean,boolean,boolean#987	6.994011976047904	0.0	3.497005988023952		_
com.google.javascript.rhino.Node#void#toString#?,StringBuilder,boolean,boolean,boolean#986	6.994011976047904	0.0	3.497005988023952		_
com.google.javascript.rhino.Node#void#toString#?,StringBuilder,boolean,boolean,boolean#985	6.994011976047904	0.0	3.497005988023952		_
com.google.javascript.rhino.Node#void#toString#?,StringBuilder,boolean,boolean,boolean#975	6.994011976047904	0.0	3.497005988023952		_
com.google.javascript.rhino.Node#void#toString#?,StringBuilder,boolean,boolean,boolean#974	6.994011976047904	0.0	3.497005988023952		_
com.google.javascript.rhino.Node#void#toString#?,StringBuilder,boolean,boolean,boolean#993	6.994011976047904	0.0	3.497005988023952		_
com.google.javascript.rhino.Node#void#toString#?,StringBuilder,boolean,boolean,boolean#994	6.994011976047904	0.0	3.497005988023952		_
com.google.javascript.rhino.Node#void#toString#?,StringBuilder,boolean,boolean,boolean#990	6.994011976047904	0.0	3.497005988023952		_
com.google.javascript.rhino.Node#void#toString#?,StringBuilder,boolean,boolean,boolean#991	6.994011976047904	0.0	3.497005988023952		_
com.google.javascript.rhino.Node$ObjectPropListItem#String#toString#?#320	6.994011976047904	0.0	3.497005988023952		_
com.google.javascript.rhino.Token#String#name#?,int#263	6.993878908848969	0.0	3.4969394544244845		_
com.google.javascript.rhino.Node#int[]#getSortedPropTypes#?#879	6.993346640053227	0.0	3.4966733200266136		_
com.google.javascript.rhino.Node#int[]#getSortedPropTypes#?#891	6.993346640053227	0.0	3.4966733200266136		_
com.google.javascript.rhino.Node#int[]#getSortedPropTypes#?#890	6.993346640053227	0.0	3.4966733200266136		_
com.google.javascript.rhino.Node#int[]#getSortedPropTypes#?#884	6.993346640053227	0.0	3.4966733200266136		_
com.google.javascript.rhino.Node#void#toString#?,StringBuilder,boolean,boolean,boolean#980	6.993346640053227	0.0	3.4966733200266136		_
com.google.javascript.rhino.Node#void#toString#?,StringBuilder,boolean,boolean,boolean#972	6.993346640053227	0.0	3.4966733200266136		_
com.google.javascript.rhino.Node#String#toString#?#936	6.993346640053227	0.0	3.4966733200266136		_
com.google.javascript.rhino.Node#void#toString#?,StringBuilder,boolean,boolean,boolean#955	6.993213572854291	0.0	3.4966067864271455		_
com.google.javascript.rhino.Node#void#toString#?,StringBuilder,boolean,boolean,boolean#956	6.993213572854291	0.0	3.4966067864271455		_
com.google.javascript.rhino.Token#String#name#?,int#266	6.992548236859614	0.0	3.496274118429807		_
com.google.javascript.rhino.Node#String#toString#?,boolean,boolean,boolean#943	6.99121756487026	0.0	3.49560878243513		_
com.google.javascript.rhino.Node#String#toString#?,boolean,boolean,boolean#945	6.99121756487026	0.0	3.49560878243513		_
com.google.javascript.rhino.Node#String#toString#?,boolean,boolean,boolean#944	6.99121756487026	0.0	3.49560878243513		_
com.google.javascript.rhino.Node#void#toString#?,StringBuilder,boolean,boolean,boolean#953	6.99121756487026	0.0	3.49560878243513		_
com.google.javascript.rhino.IR#Node#call#?,Node,Node#279	6.9904191616766465	0.0	3.4952095808383232		_
com.google.javascript.rhino.IR#Node#call#?,Node,Node#281	6.9904191616766465	0.0	3.4952095808383232		_
com.google.javascript.rhino.IR#Node#call#?,Node,Node#280	6.9904191616766465	0.0	3.4952095808383232		_
com.google.javascript.rhino.IR#Node#call#?,Node,Node#278	6.986560212907518	0.0	3.493280106453759		_
com.google.javascript.rhino.IR#Node#call#?,Node,Node#283	6.986560212907518	0.0	3.493280106453759		_
com.google.javascript.rhino.IR#Node#objectlit#?,Node#386	6.980439121756487	0.0	3.4902195608782436		_
com.google.javascript.rhino.IR#Node#objectlit#?,Node#378	6.980439121756487	0.0	3.4902195608782436		_
com.google.javascript.rhino.IR#Node#getprop#?,Node,Node#302	6.973652694610778	0.0	3.486826347305389		_
com.google.javascript.rhino.IR#Node#getprop#?,Node,Node#301	6.973652694610778	0.0	3.486826347305389		_
com.google.javascript.rhino.IR#Node#getprop#?,Node,Node#300	6.973652694610778	0.0	3.486826347305389		_
com.google.javascript.rhino.IR#boolean#isAssignmentTarget#?,Node#465	6.971523619427811	0.0	3.4857618097139054		_
com.google.javascript.rhino.IR#Node#assign#?,Node,Node#314	6.971523619427811	0.0	3.4857618097139054		_
com.google.javascript.rhino.IR#Node#assign#?,Node,Node#313	6.971523619427811	0.0	3.4857618097139054		_
com.google.javascript.rhino.IR#Node#assign#?,Node,Node#312	6.971523619427811	0.0	3.4857618097139054		_
com.google.javascript.rhino.IR#Node#exprResult#?,Node#153	6.951297405189621	0.0	3.4756487025948104		_
com.google.javascript.rhino.IR#Node#exprResult#?,Node#152	6.951297405189621	0.0	3.4756487025948104		_
com.google.javascript.jscomp.NodeUtil#boolean#isControlStructure#?,Node#1633	6.933599467731204	0.0	3.466799733865602		_
com.google.javascript.rhino.Token#String#name#?,int#208	6.9270791749833664	0.0	3.4635395874916832		_
com.google.javascript.rhino.Node#Node#copyInformationFromForTree#?,Node#1755	6.924550898203593	0.0	3.4622754491017966		_
com.google.javascript.rhino.Node#Node#copyInformationFromForTree#?,Node#1758	6.920558882235529	0.0	3.4602794411177644		_
com.google.javascript.rhino.Node#Node#copyInformationFromForTree#?,Node#1752	6.920558882235529	0.0	3.4602794411177644		_
com.google.javascript.rhino.IR#boolean#mayBeExpression#?,Node#513	6.900864936793081	0.0	3.4504324683965404		_
com.google.javascript.rhino.IR#boolean#mayBeExpression#?,Node#579	6.900864936793081	0.0	3.4504324683965404		_
com.google.javascript.jscomp.CodeGenerator#void#add#?,Node,Context#687	6.897405189620758	0.0	3.448702594810379		_
com.google.javascript.jscomp.CodeGenerator#void#add#?,Node,Context#691	6.897405189620758	0.0	3.448702594810379		_
com.google.javascript.jscomp.CodeGenerator#void#add#?,Node,Context#650	6.897405189620758	0.0	3.448702594810379		_
com.google.javascript.jscomp.CodeGenerator#void#add#?,Node,Context#654	6.897405189620758	0.0	3.448702594810379		_
com.google.javascript.jscomp.Scope$Var#boolean#isGlobal#?#205	6.893413173652695	0.0	3.4467065868263473		_
com.google.javascript.rhino.Token#String#name#?,int#211	6.891017964071857	0.0	3.4455089820359284		_
com.google.javascript.rhino.IR#Node#name#?,String#296	6.889687292082502	0.0	3.444843646041251		_
com.google.javascript.rhino.IR#Node#var#?,Node#133	6.887159015302728	0.0	3.443579507651364		_
com.google.javascript.rhino.IR#Node#var#?,Node#134	6.887159015302728	0.0	3.443579507651364		_
com.google.javascript.rhino.Node$StringNode#void#setString#?,String#230	6.883300066533599	0.0	3.4416500332667996		_
com.google.javascript.rhino.Token#String#name#?,int#181	6.857351962741184	0.0	3.428675981370592		_
com.google.javascript.jscomp.AstValidator#void#validateExpression#?,Node#252	6.850565535595476	0.0	3.425282767797738		_
com.google.javascript.jscomp.AstValidator#void#validateExpression#?,Node#253	6.850565535595476	0.0	3.425282767797738		_
com.google.javascript.jscomp.AstValidator#void#validateObjectLit#?,Node#668	6.850565535595476	0.0	3.425282767797738		_
com.google.javascript.rhino.Node#Node#copyInformationFrom#?,Node#1736	6.844444444444444	0.0	3.422222222222222		_
com.google.javascript.rhino.Node#Node#copyInformationFrom#?,Node#1735	6.844444444444444	0.0	3.422222222222222		_
com.google.javascript.rhino.Node#void#addChildToFront#?,Node#604	6.842315369261477	0.0	3.4211576846307383		_
com.google.javascript.rhino.Node#void#addChildToFront#?,Node#602	6.812641383898869	0.0	3.4063206919494347		_
com.google.javascript.rhino.Node#void#addChildToFront#?,Node#600	6.812641383898869	0.0	3.4063206919494347		_
com.google.javascript.rhino.Node#void#addChildToFront#?,Node#601	6.812641383898869	0.0	3.4063206919494347		_
com.google.javascript.rhino.Node#void#addChildToFront#?,Node#598	6.812641383898869	0.0	3.4063206919494347		_
com.google.javascript.rhino.Node#void#addChildToFront#?,Node#599	6.812641383898869	0.0	3.4063206919494347		_
com.google.javascript.rhino.IR#Node#string#?,String#420	6.809447771124418	0.0	3.404723885562209		_
com.google.javascript.jscomp.CodeGenerator#void#add#?,Node,Context#455	6.8090485695276115	0.0	3.4045242847638058		_
com.google.javascript.jscomp.CodeGenerator#void#add#?,Node,Context#451	6.8090485695276115	0.0	3.4045242847638058		_
com.google.javascript.jscomp.CodeGenerator#void#add#?,Node,Context#459	6.8090485695276115	0.0	3.4045242847638058		_
com.google.javascript.jscomp.CodeGenerator#void#add#?,Node,Context#445	6.8090485695276115	0.0	3.4045242847638058		_
com.google.javascript.jscomp.CodeGenerator#void#add#?,Node,Context#448	6.8090485695276115	0.0	3.4045242847638058		_
com.google.javascript.jscomp.CodeGenerator#void#add#?,Node,Context#460	6.8090485695276115	0.0	3.4045242847638058		_
com.google.javascript.jscomp.CodeGenerator#void#add#?,Node,Context#461	6.8090485695276115	0.0	3.4045242847638058		_
com.google.javascript.rhino.Node#Node#newString#?,String#513	6.806520292747837	0.0	3.4032601463739187		_
com.google.javascript.rhino.Node#Node#copyInformationFrom#?,Node#1731	6.791882900864937	0.0	3.3959414504324683		_
com.google.javascript.rhino.Node#Node#copyInformationFrom#?,Node#1742	6.791616766467066	0.0	3.395808383233533		_
com.google.javascript.rhino.Node#boolean#isEquivalentTo#?,Node,boolean,boolean#1512	6.787757817697938	0.0	3.393878908848969		_
com.google.javascript.jscomp.NodeUtil#String#opToStr#?,int#2153	6.786027944111776	0.0	3.393013972055888		_
com.google.javascript.rhino.Node#boolean#isNumber#?#2317	6.784697272122422	0.0	3.392348636061211		_
com.google.javascript.jscomp.PrepareAst$PrepareAnnotations#boolean#shouldTraverse#?,NodeTraversal,Node,Node#132	6.770725216234198	0.0	3.385362608117099		_
com.google.javascript.jscomp.PrepareAst$PrepareAnnotations#void#normalizeObjectLiteralAnnotations#?,Node#152	6.770725216234198	0.0	3.385362608117099		_
com.google.javascript.jscomp.parsing.IRFactory$TransformDispatcher#Node#processObjectLiteral#?,ObjectLiteral#842	6.767398536260812	0.0	3.383699268130406		_
com.google.javascript.jscomp.parsing.IRFactory$TransformDispatcher#Node#processObjectLiteral#?,ObjectLiteral#810	6.767398536260812	0.0	3.383699268130406		_
com.google.javascript.jscomp.parsing.TypeSafeDispatcher#T#process#?,AstNode#252	6.767398536260812	0.0	3.383699268130406		_
com.google.javascript.jscomp.CodePrinter$CompactCodePrinter#void#maybeLineBreak#?#477	6.754091816367265	0.0	3.3770459081836326		_
com.google.javascript.jscomp.NodeUtil#boolean#isAssignmentOp#?,Node#1453	6.750232867598137	0.0	3.3751164337990684		_
com.google.javascript.jscomp.CodeGenerator#void#add#?,Node,Context#204	6.748103792415169	0.0	3.3740518962075847		_
com.google.javascript.jscomp.CodeGenerator#void#add#?,Node,Context#198	6.747571523619428	0.0	3.373785761809714		_
com.google.javascript.jscomp.CodeGenerator#void#add#?,Node,Context#197	6.747571523619428	0.0	3.373785761809714		_
com.google.javascript.jscomp.CodeGenerator#void#add#?,Node,Context#196	6.747571523619428	0.0	3.373785761809714		_
com.google.javascript.jscomp.CodeGenerator#void#add#?,Node,Context#98	6.746107784431138	0.0	3.373053892215569		_
com.google.javascript.jscomp.CodeGenerator#void#add#?,Node,Context#124	6.746107784431138	0.0	3.373053892215569		_
com.google.javascript.jscomp.CodeGenerator#void#add#?,Node,Context#122	6.746107784431138	0.0	3.373053892215569		_
com.google.javascript.jscomp.CodeGenerator#void#add#?,Node,Context#102	6.746107784431138	0.0	3.373053892215569		_
com.google.javascript.jscomp.CodeGenerator#void#add#?,Node,Context#106	6.746107784431138	0.0	3.373053892215569		_
com.google.javascript.jscomp.CodeGenerator#void#unrollBinaryOperator#?,Node,int,String,Context,Context,int,int#751	6.742914171656687	0.0	3.3714570858283435		_
com.google.javascript.jscomp.CodeGenerator#void#unrollBinaryOperator#?,Node,int,String,Context,Context,int,int#753	6.742914171656687	0.0	3.3714570858283435		_
com.google.javascript.jscomp.CodeGenerator#void#unrollBinaryOperator#?,Node,int,String,Context,Context,int,int#755	6.742914171656687	0.0	3.3714570858283435		_
com.google.javascript.jscomp.CodeGenerator#void#unrollBinaryOperator#?,Node,int,String,Context,Context,int,int#754	6.742914171656687	0.0	3.3714570858283435		_
com.google.javascript.jscomp.CodeGenerator#void#unrollBinaryOperator#?,Node,int,String,Context,Context,int,int#749	6.742914171656687	0.0	3.3714570858283435		_
com.google.javascript.jscomp.CodeGenerator#void#unrollBinaryOperator#?,Node,int,String,Context,Context,int,int#744	6.742914171656687	0.0	3.3714570858283435		_
com.google.javascript.rhino.Node#boolean#isLabel#?#2289	6.731869594145043	0.0	3.3659347970725215		_
com.google.javascript.jscomp.CodeGenerator#void#add#?,Node,Context#375	6.710578842315369	0.0	3.3552894211576847		_
com.google.javascript.jscomp.CodeGenerator#void#add#?,Node,Context#185	6.706586826347305	0.0	3.3532934131736525		_
com.google.javascript.jscomp.CodeGenerator#void#add#?,Node,Context#183	6.706586826347305	0.0	3.3532934131736525		_
com.google.javascript.jscomp.CodeGenerator#void#add#?,Node,Context#182	6.706586826347305	0.0	3.3532934131736525		_
com.google.javascript.jscomp.AstValidator#void#validateExpression#?,Node#219	6.700465735196274	0.0	3.350232867598137		_
com.google.javascript.jscomp.AstValidator#void#validateExpression#?,Node#220	6.700465735196274	0.0	3.350232867598137		_
com.google.javascript.jscomp.AstValidator#void#validateAssignmentExpression#?,Node#602	6.700465735196274	0.0	3.350232867598137		_
com.google.javascript.jscomp.AstValidator#void#validateAssignmentExpression#?,Node#603	6.700465735196274	0.0	3.350232867598137		_
com.google.javascript.jscomp.AstValidator#void#validateAssignmentExpression#?,Node#601	6.700465735196274	0.0	3.350232867598137		_
com.google.javascript.jscomp.AstValidator#void#validateExpression#?,Node#245	6.69913506320692	0.0	3.34956753160346		_
com.google.javascript.jscomp.AstValidator#void#validateExpression#?,Node#244	6.69913506320692	0.0	3.34956753160346		_
com.google.javascript.jscomp.AstValidator#void#validateGetProp#?,Node#624	6.69913506320692	0.0	3.34956753160346		_
com.google.javascript.jscomp.AstValidator#void#validateGetProp#?,Node#625	6.69913506320692	0.0	3.34956753160346		_
com.google.javascript.jscomp.AstValidator#void#validateGetProp#?,Node#623	6.69913506320692	0.0	3.34956753160346		_
com.google.javascript.jscomp.AstValidator#void#validateGetProp#?,Node#622	6.69913506320692	0.0	3.34956753160346		_
com.google.javascript.jscomp.AstValidator#void#validateGetProp#?,Node#621	6.69913506320692	0.0	3.34956753160346		_
com.google.javascript.jscomp.AstValidator#void#validateGetProp#?,Node#620	6.69913506320692	0.0	3.34956753160346		_
com.google.javascript.jscomp.AstValidator#void#validateAssignmentTarget#?,Node#611	6.698203592814371	0.0	3.3491017964071856		_
com.google.javascript.jscomp.AstValidator#void#validateAssignmentTarget#?,Node#612	6.698203592814371	0.0	3.3491017964071856		_
com.google.javascript.jscomp.AstValidator#void#validateAssignmentTarget#?,Node#607	6.698203592814371	0.0	3.3491017964071856		_
com.google.javascript.jscomp.CodeConsumer#void#maybeEndStatement#?#157	6.689554224883566	0.0	3.344777112441783		_
com.google.javascript.jscomp.CodeConsumer#void#maybeEndStatement#?#158	6.689554224883566	0.0	3.344777112441783		_
com.google.javascript.jscomp.CodeConsumer#void#maybeEndStatement#?#155	6.689554224883566	0.0	3.344777112441783		_
com.google.javascript.jscomp.CodeConsumer#void#maybeEndStatement#?#156	6.689554224883566	0.0	3.344777112441783		_
com.google.javascript.jscomp.CodeChangeHandler$RecentChange#void#reportChange#?#40	6.676912840984698	0.0	3.338456420492349		_
com.google.javascript.jscomp.Compiler#void#reportCodeChange#?#1943	6.676912840984698	0.0	3.338456420492349		_
com.google.javascript.jscomp.Compiler#void#reportCodeChange#?#1944	6.676912840984698	0.0	3.338456420492349		_
com.google.javascript.jscomp.AstValidator#void#validateVar#?,Node#399	6.6725216234198275	0.0	3.3362608117099137		_
com.google.javascript.jscomp.SyntacticScopeCreator#void#scanVars#?,Node,Node#132	6.67039254823686	0.0	3.33519627411843		_
com.google.javascript.jscomp.SyntacticScopeCreator#void#scanVars#?,Node,Node#131	6.67039254823686	0.0	3.33519627411843		_
com.google.javascript.jscomp.SyntacticScopeCreator#void#scanVars#?,Node,Node#130	6.67039254823686	0.0	3.33519627411843		_
com.google.javascript.jscomp.SyntacticScopeCreator#void#scanVars#?,Node,Node#134	6.67039254823686	0.0	3.33519627411843		_
com.google.javascript.rhino.Node#boolean#isEmpty#?#2237	6.66480372588157	0.0	3.332401862940785		_
com.google.javascript.jscomp.CodeGenerator#void#addList#?,Node,boolean,Context#908	6.645775116433799	0.0	3.3228875582168995		_
com.google.javascript.jscomp.CodeGenerator#void#addList#?,Node,boolean,Context#906	6.645775116433799	0.0	3.3228875582168995		_
com.google.javascript.jscomp.CodeConsumer#void#addOp#?,String,boolean#236	6.636726546906187	0.0	3.3183632734530937		_
com.google.javascript.jscomp.CodeConsumer#void#appendOp#?,String,boolean#207	6.635395874916833	0.0	3.3176979374584166		_
com.google.javascript.jscomp.CodeConsumer#void#addOp#?,String,boolean#211	6.630472388556221	0.0	3.3152361942781106		_
com.google.javascript.jscomp.CodeConsumer#void#addOp#?,String,boolean#213	6.630472388556221	0.0	3.3152361942781106		_
com.google.javascript.jscomp.CodeConsumer#void#addOp#?,String,boolean#214	6.630472388556221	0.0	3.3152361942781106		_
com.google.javascript.jscomp.CodeConsumer#void#addOp#?,String,boolean#230	6.630472388556221	0.0	3.3152361942781106		_
com.google.javascript.jscomp.CodeGenerator#Context#getContextForNoInOperator#?,Context#1184	6.626214238190286	0.0	3.313107119095143		_
com.google.javascript.jscomp.CodePrinter$CompactCodePrinter#void#maybeLineBreak#?#475	6.619827012641384	0.0	3.309913506320692		_
com.google.javascript.jscomp.CodePrinter$CompactCodePrinter#void#maybeLineBreak#?#482	6.619827012641384	0.0	3.309913506320692		_
com.google.javascript.jscomp.CodeGenerator#void#add#?,Node,Context#605	6.618629407850965	0.0	3.3093147039254824		_
com.google.javascript.jscomp.CodeGenerator#void#add#?,Node,Context#606	6.618629407850965	0.0	3.3093147039254824		_
com.google.javascript.jscomp.CodeGenerator#void#add#?,Node,Context#604	6.618629407850965	0.0	3.3093147039254824		_
com.google.javascript.jscomp.CodeGenerator#void#add#?,Node,Context#607	6.618629407850965	0.0	3.3093147039254824		_
com.google.javascript.jscomp.SyntacticScopeCreator#void#declareVar#?,Node#234	6.614238190286095	0.0	3.3071190951430474		_
com.google.javascript.jscomp.SyntacticScopeCreator#void#declareVar#?,Node#237	6.614238190286095	0.0	3.3071190951430474		_
com.google.javascript.jscomp.SyntacticScopeCreator#void#declareVar#?,Node#236	6.614238190286095	0.0	3.3071190951430474		_
com.google.javascript.jscomp.SyntacticScopeCreator#void#declareVar#?,Node#243	6.614238190286095	0.0	3.3071190951430474		_
com.google.javascript.jscomp.AstValidator#void#validateStatement#?,Node#123	6.6110445775116435	0.0	3.3055222887558218		_
com.google.javascript.jscomp.AstValidator#void#validateStatement#?,Node#124	6.6110445775116435	0.0	3.3055222887558218		_
com.google.javascript.jscomp.AstValidator#void#validateVar#?,Node#396	6.610379241516966	0.0	3.305189620758483		_
com.google.javascript.jscomp.AstValidator#void#validateVar#?,Node#395	6.610379241516966	0.0	3.305189620758483		_
com.google.javascript.jscomp.AstValidator#void#validateVar#?,Node#390	6.610379241516966	0.0	3.305189620758483		_
com.google.javascript.jscomp.AstValidator#void#validateVar#?,Node#391	6.610379241516966	0.0	3.305189620758483		_
com.google.javascript.jscomp.AstValidator#void#validateVar#?,Node#397	6.610379241516966	0.0	3.305189620758483		_
com.google.javascript.jscomp.SyntacticScopeCreator#void#scanVars#?,Node,Node#164	6.6061210911510315	0.0	3.3030605455755158		_
com.google.javascript.jscomp.SyntacticScopeCreator#void#scanVars#?,Node,Node#165	6.6061210911510315	0.0	3.3030605455755158		_
com.google.javascript.jscomp.SyntacticScopeCreator#void#scanVars#?,Node,Node#163	6.6061210911510315	0.0	3.3030605455755158		_
com.google.javascript.jscomp.SyntacticScopeCreator#void#scanRoot#?,Node,Scope#117	6.605721889554225	0.0	3.3028609447771125		_
com.google.javascript.jscomp.SyntacticScopeCreator#void#scanRoot#?,Node,Scope#116	6.605721889554225	0.0	3.3028609447771125		_
com.google.javascript.jscomp.SyntacticScopeCreator#Scope#createScope#?,Node,Scope#71	6.601729873586161	0.0	3.3008649367930807		_
com.google.javascript.jscomp.AstValidator#void#validateBlock#?,Node#278	6.599600798403194	0.0	3.299800399201597		_
com.google.javascript.jscomp.SyntacticScopeCreator#void#scanVars#?,Node,Node#173	6.599201596806387	0.0	3.2996007984031936		_
com.google.javascript.jscomp.SyntacticScopeCreator#void#scanVars#?,Node,Node#174	6.599201596806387	0.0	3.2996007984031936		_
com.google.javascript.jscomp.SyntacticScopeCreator#void#scanVars#?,Node,Node#175	6.599201596806387	0.0	3.2996007984031936		_
com.google.javascript.jscomp.SyntacticScopeCreator#Scope#createScope#?,Node,Scope#69	6.598935462408516	0.0	3.299467731204258		_
com.google.javascript.jscomp.SyntacticScopeCreator#Scope#createScope#?,Node,Scope#79	6.598935462408516	0.0	3.299467731204258		_
com.google.javascript.jscomp.SyntacticScopeCreator#Scope#createScope#?,Node,Scope#78	6.598935462408516	0.0	3.299467731204258		_
com.google.javascript.jscomp.SyntacticScopeCreator#Scope#createScope#?,Node,Scope#76	6.598935462408516	0.0	3.299467731204258		_
com.google.javascript.jscomp.SyntacticScopeCreator#Scope#createScope#?,Node,Scope#80	6.598935462408516	0.0	3.299467731204258		_
com.google.javascript.jscomp.SyntacticScopeCreator#Scope#createScope#?,Node,Scope#81	6.598935462408516	0.0	3.299467731204258		_
com.google.javascript.jscomp.SyntacticScopeCreator#void#scanVars#?,Node,Node#125	6.598935462408516	0.0	3.299467731204258		_
com.google.javascript.jscomp.NodeUtil#boolean#isAssignmentOp#?,Node#1455	6.597338656021291	0.0	3.2986693280106456		_
com.google.javascript.jscomp.NodeUtil#boolean#isAssignmentOp#?,Node#1440	6.592415169660678	0.0	3.296207584830339		_
com.google.javascript.jscomp.AstValidator#void#validateMaximumChildCount#?,Node,int#810	6.585495675316035	0.0	3.2927478376580175		_
com.google.javascript.jscomp.Scope#Var#declare#?,String,Node,JSType,CompilerInput#485	6.578310046573519	0.0	3.2891550232867597		_
com.google.javascript.jscomp.AstValidator#void#validateMaximumChildCount#?,Node,int#808	6.576979374584165	0.0	3.2884896872920826		_
com.google.javascript.jscomp.AstValidator#void#validateExprStmt#?,Node#476	6.569261477045909	0.0	3.2846307385229543		_
com.google.javascript.jscomp.AstValidator#void#validateExprStmt#?,Node#474	6.569261477045909	0.0	3.2846307385229543		_
com.google.javascript.jscomp.AstValidator#void#validateExprStmt#?,Node#475	6.569261477045909	0.0	3.2846307385229543		_
com.google.javascript.jscomp.AstValidator#void#validateStatement#?,Node#127	6.569261477045909	0.0	3.2846307385229543		_
com.google.javascript.jscomp.AstValidator#void#validateStatement#?,Node#126	6.569261477045909	0.0	3.2846307385229543		_
com.google.javascript.rhino.Node#boolean#isEquivalentTo#?,Node,boolean,boolean#1546	6.565003326679974	0.0	3.282501663339987		_
com.google.javascript.rhino.Node#boolean#isEquivalentTo#?,Node#1491	6.564604125083167	0.0	3.2823020625415835		_
com.google.javascript.jscomp.CodeGenerator#void#add#?,Node,Context#194	6.558483033932136	0.0	3.279241516966068		_
com.google.javascript.rhino.Node#Node#detachFromParent#?#1623	6.555555555555555	0.0	3.2777777777777777		_
com.google.javascript.rhino.Node#Node#detachFromParent#?#1624	6.555555555555555	0.0	3.2777777777777777		_
com.google.javascript.rhino.Node#Node#detachFromParent#?#1625	6.555555555555555	0.0	3.2777777777777777		_
com.google.javascript.jscomp.AstValidator#void#validateChildCount#?,Node,int#779	6.554757152361943	0.0	3.2773785761809715		_
com.google.javascript.rhino.Node#void#removeChild#?,Node#704	6.552894211576846	0.0	3.276447105788423		_
com.google.javascript.rhino.Node#Node#getChildAtIndex#?,int#569	6.551430472388557	0.0	3.2757152361942783		_
com.google.javascript.rhino.Node#Node#getChildAtIndex#?,int#570	6.551430472388557	0.0	3.2757152361942783		_
com.google.javascript.rhino.Node#Node#getChildAtIndex#?,int#567	6.5512974051896204	0.0	3.2756487025948102		_
com.google.javascript.rhino.Node#Node#getChildAtIndex#?,int#572	6.5512974051896204	0.0	3.2756487025948102		_
com.google.javascript.jscomp.AstValidator#void#validateExpression#?,Node#237	6.547571523619427	0.0	3.2737857618097137		_
com.google.javascript.jscomp.AstValidator#void#validateExpression#?,Node#236	6.547571523619427	0.0	3.2737857618097137		_
com.google.javascript.jscomp.CodeGenerator#void#addExpr#?,Node,int,Context#891	6.5470392548236855	0.0	3.2735196274118428		_
com.google.javascript.jscomp.NodeUtil#int#precedence#?,int#1164	6.54690618762475	0.0	3.273453093812375		_
com.google.javascript.rhino.Node#Node#getChildBefore#?,Node#556	6.546373918829008	0.0	3.273186959414504		_
com.google.javascript.rhino.Node#Node#getChildBefore#?,Node#563	6.546373918829008	0.0	3.273186959414504		_
com.google.javascript.jscomp.AstValidator#void#validateMinimumChildCount#?,Node,int#793	6.54224883566201	0.0	3.271124417831005		_
com.google.javascript.jscomp.CodeGenerator#void#add#?,Node,Context#207	6.541450432468396	0.0	3.270725216234198		_
com.google.javascript.jscomp.AstValidator#void#validateMinimumChildCount#?,Node,int#791	6.538656021290752	0.0	3.269328010645376		_
com.google.javascript.jscomp.CodeConsumer#void#endStatement#?,boolean#144	6.538656021290752	0.0	3.269328010645376		_
com.google.javascript.jscomp.CodeConsumer#void#endStatement#?#135	6.538656021290752	0.0	3.269328010645376		_
com.google.javascript.jscomp.CodeConsumer#void#addIdentifier#?,String#62	6.53812375249501	0.0	3.269061876247505		_
com.google.javascript.jscomp.CodeGenerator#void#add#?,String#74	6.537990685296075	0.0	3.2689953426480374		_
com.google.javascript.jscomp.CodeGenerator#String#identifierEscape#?,String#1108	6.537724550898203	0.0	3.2688622754491017		_
com.google.javascript.jscomp.CodeGenerator#void#addIdentifier#?,String#78	6.537724550898203	0.0	3.2688622754491017		_
com.google.javascript.jscomp.NodeUtil#boolean#isLatin#?,String#2405	6.536926147704591	0.0	3.2684630738522955		_
com.google.javascript.rhino.Node#void#removeChild#?,Node#706	6.53666001330672	0.0	3.26833000665336		_
com.google.javascript.rhino.Node#void#removeChild#?,Node#700	6.53666001330672	0.0	3.26833000665336		_
com.google.javascript.rhino.Node#void#removeChild#?,Node#707	6.53666001330672	0.0	3.26833000665336		_
com.google.javascript.jscomp.NodeUtil#boolean#isLatin#?,String#2410	6.536393878908849	0.0	3.2681969394544246		_
com.google.javascript.jscomp.NodeUtil#boolean#isLatin#?,String#2403	6.536260811709914	0.0	3.268130405854957		_
com.google.javascript.jscomp.NodeUtil#boolean#isLatin#?,String#2402	6.536260811709914	0.0	3.268130405854957		_
com.google.javascript.jscomp.Compiler#String#toSource#?,Node#1743	6.535595475715236	0.0	3.267797737857618		_
com.google.javascript.jscomp.Compiler#String#toSource#?,Node#1742	6.535595475715236	0.0	3.267797737857618		_
com.google.javascript.jscomp.CodePrinter$CompactCodePrinter#void#notePreferredLineBreak#?#510	6.5341317365269465	0.0	3.2670658682634732		_
com.google.javascript.jscomp.CodePrinter$CompactCodePrinter#void#append#?,String#444	6.533599467731205	0.0	3.2667997338656023		_
com.google.javascript.jscomp.CodePrinter$CompactCodePrinter#void#append#?,String#445	6.533599467731205	0.0	3.2667997338656023		_
com.google.javascript.rhino.Node#Node#cloneTree#?#1712	6.533200266134398	0.0	3.266600133067199		_
com.google.javascript.jscomp.CodeGenerator#void#add#?,Node,Context#385	6.5310711909514305	0.0	3.2655355954757153		_
com.google.javascript.jscomp.AstValidator#void#validateName#?,Node#339	6.530405854956753	0.0	3.2652029274783767		_
com.google.javascript.jscomp.AstValidator#void#validateName#?,Node#340	6.530405854956753	0.0	3.2652029274783767		_
com.google.javascript.jscomp.AstValidator#void#validateName#?,Node#341	6.530405854956753	0.0	3.2652029274783767		_
com.google.javascript.rhino.Node#Node#cloneTree#?#1710	6.528542914171656	0.0	3.264271457085828		_
com.google.javascript.rhino.Node#Node#cloneTree#?#1715	6.528542914171656	0.0	3.264271457085828		_
com.google.javascript.rhino.Node#Node#cloneTree#?#1717	6.528542914171656	0.0	3.264271457085828		_
com.google.javascript.rhino.Node#Node#cloneTree#?#1709	6.528542914171656	0.0	3.264271457085828		_
com.google.javascript.jscomp.CodeConsumer#boolean#isWordChar#?,char#278	6.527611443779109	0.0	3.2638057218895544		_
com.google.javascript.jscomp.CodeConsumer#void#maybeEndStatement#?#160	6.527611443779109	0.0	3.2638057218895544		_
com.google.javascript.jscomp.CodeConsumer#void#add#?,String#203	6.527611443779109	0.0	3.2638057218895544		_
com.google.javascript.jscomp.CodeConsumer#void#add#?,String#188	6.527611443779109	0.0	3.2638057218895544		_
com.google.javascript.jscomp.CodeConsumer#void#add#?,String#182	6.527611443779109	0.0	3.2638057218895544		_
com.google.javascript.jscomp.CompilerOptions#LanguageMode#getLanguageOut#?#1400	6.527079174983367	0.0	3.2635395874916835		_
com.google.javascript.jscomp.Compiler#String#toSource#?,Node,SourceMap,boolean#1764	6.527079174983367	0.0	3.2635395874916835		_
com.google.javascript.jscomp.Compiler#String#toSource#?,Node,SourceMap,boolean#1756	6.527079174983367	0.0	3.2635395874916835		_
com.google.javascript.jscomp.Compiler#String#toSource#?,Node,SourceMap,boolean#1758	6.527079174983367	0.0	3.2635395874916835		_
com.google.javascript.jscomp.Compiler#String#toSource#?,Node,SourceMap,boolean#1753	6.527079174983367	0.0	3.2635395874916835		_
com.google.javascript.jscomp.Compiler#String#toSource#?,Node,SourceMap,boolean#1752	6.527079174983367	0.0	3.2635395874916835		_
com.google.javascript.jscomp.Compiler#String#toSource#?,Node,SourceMap,boolean#1755	6.527079174983367	0.0	3.2635395874916835		_
com.google.javascript.jscomp.Compiler#String#toSource#?,Node,SourceMap,boolean#1754	6.527079174983367	0.0	3.2635395874916835		_
com.google.javascript.jscomp.Compiler#String#toSource#?,Node,SourceMap,boolean#1760	6.527079174983367	0.0	3.2635395874916835		_
com.google.javascript.jscomp.Compiler#String#toSource#?,Node,SourceMap,boolean#1762	6.527079174983367	0.0	3.2635395874916835		_
com.google.javascript.jscomp.Compiler#String#toSource#?,Node,SourceMap,boolean#1750	6.527079174983367	0.0	3.2635395874916835		_
com.google.javascript.jscomp.Compiler#String#toSource#?,Node,SourceMap,boolean#1751	6.527079174983367	0.0	3.2635395874916835		_
com.google.javascript.jscomp.CodePrinter$Builder#Builder#setOutputCharset#?,Charset#642	6.527079174983367	0.0	3.2635395874916835		_
com.google.javascript.jscomp.CodePrinter$Builder#Builder#setOutputCharset#?,Charset#643	6.527079174983367	0.0	3.2635395874916835		_
com.google.javascript.jscomp.CodePrinter$Builder#Builder#setSourceMapDetailLevel#?,SourceMap.DetailLevel#633	6.527079174983367	0.0	3.2635395874916835		_
com.google.javascript.jscomp.CodePrinter$Builder#Builder#setSourceMapDetailLevel#?,SourceMap.DetailLevel#634	6.527079174983367	0.0	3.2635395874916835		_
com.google.javascript.jscomp.CodePrinter$Builder#Builder#setSourceMapDetailLevel#?,SourceMap.DetailLevel#632	6.527079174983367	0.0	3.2635395874916835		_
com.google.javascript.jscomp.CodePrinter$Builder#Builder#setPreferLineBreakAtEndOfFile#?,boolean#594	6.526946107784431	0.0	3.2634730538922154		_
com.google.javascript.jscomp.CodePrinter$Builder#Builder#setPreferLineBreakAtEndOfFile#?,boolean#593	6.526946107784431	0.0	3.2634730538922154		_
com.google.javascript.jscomp.CodePrinter$Builder#Builder#setTagAsStrict#?,boolean#651	6.526946107784431	0.0	3.2634730538922154		_
com.google.javascript.jscomp.CodePrinter$Builder#Builder#setTagAsStrict#?,boolean#650	6.526946107784431	0.0	3.2634730538922154		_
com.google.javascript.jscomp.CodeChangeHandler$RecentChange#void#reset#?#48	6.5261477045908185	0.0	3.2630738522954092		_
com.google.javascript.rhino.Node#NodeMismatch#checkTreeEqualsImpl#?,Node#1457	6.526014637391883	0.0	3.2630073186959416		_
com.google.javascript.rhino.Node#String#checkTreeEquals#?,Node#1428	6.525482368596141	0.0	3.2627411842980707		_
com.google.javascript.rhino.Node#NodeMismatch#checkTreeEqualsImpl#?,Node#1450	6.525349301397205	0.0	3.2626746506986026		_
com.google.javascript.rhino.Node#NodeMismatch#checkTreeEqualsImpl#?,Node#1449	6.525349301397205	0.0	3.2626746506986026		_
com.google.javascript.rhino.Node#Node#cloneTree#?#1707	6.524151696606786	0.0	3.262075848303393		_
com.google.javascript.rhino.Node#Node#cloneTree#?#1719	6.524151696606786	0.0	3.262075848303393		_
com.google.javascript.rhino.Node#Node#cloneNode#?#1700	6.523353293413174	0.0	3.261676646706587		_
com.google.javascript.rhino.Node#Node#cloneNode#?#1690	6.523353293413174	0.0	3.261676646706587		_
com.google.javascript.rhino.Node#Node#cloneNode#?#1693	6.523353293413174	0.0	3.261676646706587		_
com.google.javascript.rhino.Node#Node#cloneNode#?#1695	6.523353293413174	0.0	3.261676646706587		_
com.google.javascript.rhino.Node#Node#cloneNode#?#1694	6.523353293413174	0.0	3.261676646706587		_
com.google.javascript.rhino.Node#Node#cloneNode#?#1696	6.523353293413174	0.0	3.261676646706587		_
com.google.javascript.rhino.Node#Node#cloneNode#?#1688	6.523353293413174	0.0	3.261676646706587		_
com.google.javascript.jscomp.CodePrinter$Builder#Builder#setSourceMap#?,SourceMap#624	6.521091151031271	0.0	3.2605455755156356		_
com.google.javascript.jscomp.CodePrinter$Builder#Builder#setSourceMap#?,SourceMap#625	6.521091151031271	0.0	3.2605455755156356		_
com.google.javascript.rhino.Node#boolean#isEquivalentTo#?,Node,boolean,boolean#1556	6.520292747837658	0.0	3.260146373918829		_
com.google.javascript.jscomp.AstValidator#void#validateExpression#?,Node#156	6.518695941450432	0.0	3.259347970725216		_
com.google.javascript.jscomp.CodePrinter$Builder#Builder#setLineLengthThreshold#?,int#614	6.518562874251497	0.0	3.2592814371257486		_
com.google.javascript.jscomp.AstValidator#void#validateNonEmptyString#?,Node#326	6.518296739853626	0.0	3.259148369926813		_
com.google.javascript.jscomp.CodePrinter$Builder#Builder#setLineBreak#?,boolean#582	6.517498336660013	0.0	3.2587491683300067		_
com.google.javascript.jscomp.CodePrinter$Builder#Builder#setLineBreak#?,boolean#583	6.517498336660013	0.0	3.2587491683300067		_
com.google.javascript.jscomp.AstValidator#void#validateCodeRoot#?,Node#77	6.517099135063207	0.0	3.2585495675316034		_
com.google.javascript.jscomp.AstValidator#void#validateCodeRoot#?,Node#76	6.517099135063207	0.0	3.2585495675316034		_
com.google.javascript.jscomp.AstValidator#void#validateCodeRoot#?,Node#79	6.517099135063207	0.0	3.2585495675316034		_
com.google.javascript.jscomp.CodePrinter$CompactCodePrinter#?#CompactCodePrinter#?,boolean,boolean,int,boolean,SourceMap.DetailLevel#435	6.515502328675981	0.0	3.2577511643379906		_
com.google.javascript.jscomp.CodePrinter$CompactCodePrinter#?#CompactCodePrinter#?,boolean,boolean,int,boolean,SourceMap.DetailLevel#436	6.515502328675981	0.0	3.2577511643379906		_
com.google.javascript.jscomp.CodePrinter$CompactCodePrinter#?#CompactCodePrinter#?,boolean,boolean,int,boolean,SourceMap.DetailLevel#434	6.515502328675981	0.0	3.2577511643379906		_
com.google.javascript.jscomp.CodePrinter$CompactCodePrinter#void#endFile#?#517	6.515502328675981	0.0	3.2577511643379906		_
com.google.javascript.jscomp.CodePrinter$CompactCodePrinter#void#endFile#?#515	6.515502328675981	0.0	3.2577511643379906		_
com.google.javascript.jscomp.AstValidator#void#validateChildCount#?,Node,int#777	6.514836992681304	0.0	3.257418496340652		_
com.google.javascript.jscomp.Scope#Var#getVar#?,String#546	6.514038589487691	0.0	3.2570192947438454		_
com.google.javascript.jscomp.AstValidator#void#validateChildCount#?,Node,int#781	6.513373253493014	0.0	3.256686626746507		_
com.google.javascript.jscomp.AstValidator#?#AstValidator#?#48	6.512974051896208	0.0	3.256487025948104		_
com.google.javascript.jscomp.AstValidator#void#validateScript#?,Node#89	6.512840984697272	0.0	3.256420492348636		_
com.google.javascript.jscomp.AstValidator#void#validateStatement#?,Node#94	6.512441783100465	0.0	3.2562208915502326		_
com.google.javascript.jscomp.AstValidator#void#validateChildCount#?,Node,int#775	6.51230871590153	0.0	3.256154357950765		_
com.google.javascript.jscomp.AstValidator#void#validateHasInputId#?,Node#306	6.512175648702595	0.0	3.2560878243512974		_
com.google.javascript.jscomp.AstValidator#void#validateScript#?,Node#85	6.512175648702595	0.0	3.2560878243512974		_
com.google.javascript.jscomp.AstValidator#void#validateScript#?,Node#84	6.512175648702595	0.0	3.2560878243512974		_
com.google.javascript.jscomp.AstValidator#void#validateScript#?,Node#87	6.512175648702595	0.0	3.2560878243512974		_
com.google.javascript.jscomp.AstValidator#void#validateScript#?,Node#86	6.512175648702595	0.0	3.2560878243512974		_
com.google.javascript.jscomp.AstValidator#void#validateHasSourceName#?,Node#299	6.512175648702595	0.0	3.2560878243512974		_
com.google.javascript.jscomp.CodeGenerator#void#add#?,Node,Context#371	6.511510312707918	0.0	3.255755156353959		_
com.google.javascript.jscomp.CodePrinter$Builder#Builder#setPrettyPrint#?,boolean#574	6.510578842315369	0.0	3.2552894211576846		_
com.google.javascript.jscomp.CodePrinter$Builder#Builder#setPrettyPrint#?,boolean#573	6.510578842315369	0.0	3.2552894211576846		_
com.google.javascript.jscomp.CodeGenerator#void#add#?,Node,Context#359	6.510179640718563	0.0	3.2550898203592813		_
com.google.javascript.jscomp.CodeGenerator#void#add#?,Node,Context#391	6.510179640718563	0.0	3.2550898203592813		_
com.google.javascript.jscomp.CodeGenerator#void#add#?,Node,Context#364	6.510179640718563	0.0	3.2550898203592813		_
com.google.javascript.jscomp.CodeGenerator#void#add#?,Node,Context#92	6.5095143047238855	0.0	3.2547571523619427		_
com.google.javascript.jscomp.CodeGenerator#void#add#?,Node,Context#93	6.5095143047238855	0.0	3.2547571523619427		_
com.google.javascript.jscomp.CodeGenerator#void#add#?,Node,Context#90	6.5095143047238855	0.0	3.2547571523619427		_
com.google.javascript.jscomp.CodeGenerator#void#add#?,Node,Context#91	6.5095143047238855	0.0	3.2547571523619427		_
com.google.javascript.jscomp.CodeGenerator#void#add#?,Node,Context#94	6.5095143047238855	0.0	3.2547571523619427		_
com.google.javascript.jscomp.CodePrinter$MappedCodePrinter#String#getCode#?#202	6.5095143047238855	0.0	3.2547571523619427		_
com.google.javascript.jscomp.CodePrinter$MappedCodePrinter#void#startSourceMapping#?,Node#91	6.5095143047238855	0.0	3.2547571523619427		_
com.google.javascript.jscomp.CodePrinter$MappedCodePrinter#void#startSourceMapping#?,Node#92	6.5095143047238855	0.0	3.2547571523619427		_
com.google.javascript.jscomp.CodePrinter$Builder#String#build#?#669	6.5095143047238855	0.0	3.2547571523619427		_
com.google.javascript.jscomp.CodePrinter$Builder#String#build#?#663	6.5095143047238855	0.0	3.2547571523619427		_
com.google.javascript.jscomp.CodeGenerator#void#add#?,Node,Context#129	6.5095143047238855	0.0	3.2547571523619427		_
com.google.javascript.jscomp.CodeGenerator#void#add#?,Node,Context#127	6.5095143047238855	0.0	3.2547571523619427		_
com.google.javascript.jscomp.CodeGenerator#?#CodeGenerator#?,CodeConsumer,Charset#56	6.5095143047238855	0.0	3.2547571523619427		_
com.google.javascript.jscomp.CodeGenerator#?#CodeGenerator#?,CodeConsumer,Charset#50	6.5095143047238855	0.0	3.2547571523619427		_
com.google.javascript.jscomp.CodePrinter$MappedCodePrinter#?#MappedCodePrinter#?,int,boolean,SourceMap.DetailLevel#65	6.5095143047238855	0.0	3.2547571523619427		_
com.google.javascript.jscomp.CodePrinter$MappedCodePrinter#?#MappedCodePrinter#?,int,boolean,SourceMap.DetailLevel#64	6.5095143047238855	0.0	3.2547571523619427		_
com.google.javascript.jscomp.CodePrinter$MappedCodePrinter#?#MappedCodePrinter#?,int,boolean,SourceMap.DetailLevel#67	6.5095143047238855	0.0	3.2547571523619427		_
com.google.javascript.jscomp.CodePrinter$MappedCodePrinter#?#MappedCodePrinter#?,int,boolean,SourceMap.DetailLevel#66	6.5095143047238855	0.0	3.2547571523619427		_
com.google.javascript.jscomp.CodePrinter$MappedCodePrinter#?#MappedCodePrinter#?,int,boolean,SourceMap.DetailLevel#61	6.5095143047238855	0.0	3.2547571523619427		_
com.google.javascript.jscomp.CodePrinter$Builder#?#Builder#?,Node#565	6.5095143047238855	0.0	3.2547571523619427		_
com.google.javascript.jscomp.CodeGenerator#void#add#?,Node#82	6.5095143047238855	0.0	3.2547571523619427		_
com.google.javascript.jscomp.NodeUtil#String#opToStr#?,int#2168	6.5095143047238855	0.0	3.2547571523619427		_
com.google.javascript.jscomp.CodeConsumer#boolean#continueProcessing#?#53	6.5095143047238855	0.0	3.2547571523619427		_
com.google.javascript.jscomp.CodePrinter#String#toSource#?,Node,Format,boolean,boolean,int,SourceMap,SourceMap.DetailLevel,Charset,boolean#710	6.5095143047238855	0.0	3.2547571523619427		_
com.google.javascript.jscomp.CodePrinter#String#toSource#?,Node,Format,boolean,boolean,int,SourceMap,SourceMap.DetailLevel,Charset,boolean#711	6.5095143047238855	0.0	3.2547571523619427		_
com.google.javascript.jscomp.CodePrinter#String#toSource#?,Node,Format,boolean,boolean,int,SourceMap,SourceMap.DetailLevel,Charset,boolean#713	6.5095143047238855	0.0	3.2547571523619427		_
com.google.javascript.jscomp.CodePrinter#String#toSource#?,Node,Format,boolean,boolean,int,SourceMap,SourceMap.DetailLevel,Charset,boolean#719	6.5095143047238855	0.0	3.2547571523619427		_
com.google.javascript.jscomp.CodePrinter#String#toSource#?,Node,Format,boolean,boolean,int,SourceMap,SourceMap.DetailLevel,Charset,boolean#701	6.5095143047238855	0.0	3.2547571523619427		_
com.google.javascript.jscomp.CompilerOptions#void#setLanguageIn#?,LanguageMode#1391	6.5095143047238855	0.0	3.2547571523619427		_
com.google.javascript.jscomp.CompilerOptions#void#setLanguageIn#?,LanguageMode#1392	6.5095143047238855	0.0	3.2547571523619427		_
com.google.javascript.jscomp.CodePrinter#String#toSource#?,Node,Format,boolean,boolean,int,SourceMap,SourceMap.DetailLevel,Charset,boolean#691	6.5095143047238855	0.0	3.2547571523619427		_
com.google.javascript.jscomp.CodePrinter#String#toSource#?,Node,Format,boolean,boolean,int,SourceMap,SourceMap.DetailLevel,Charset,boolean#693	6.5095143047238855	0.0	3.2547571523619427		_
com.google.javascript.jscomp.CodePrinter#String#toSource#?,Node,Format,boolean,boolean,int,SourceMap,SourceMap.DetailLevel,Charset,boolean#694	6.5095143047238855	0.0	3.2547571523619427		_
com.google.javascript.jscomp.CodeGenerator#void#add#?,Node,Context#731	6.5095143047238855	0.0	3.2547571523619427		_
com.google.javascript.jscomp.NodeUtil#String#opToStr#?,int#2126	6.508183632734531	0.0	3.2540918163672656		_
com.google.javascript.jscomp.NodeUtil#JSDocInfo#getBestJSDocInfo#?,Node#3022	6.505655355954757	0.0	3.2528276779773786		_
com.google.javascript.jscomp.CompilerOptions#void#setCodingConvention#?,CodingConvention#1298	6.5045908183632735	0.0	3.2522954091816367		_
com.google.javascript.jscomp.parsing.IRFactory$TransformDispatcher#Node#processVariableInitializer#?,VariableInitializer#1079	6.485163007318696	0.0	3.242581503659348		_
com.google.javascript.jscomp.parsing.IRFactory$TransformDispatcher#Node#processVariableInitializer#?,VariableInitializer#1080	6.485163007318696	0.0	3.242581503659348		_
com.google.javascript.jscomp.Compiler#Node#parseInputs#?#1355	6.482767797737858	0.0	3.241383898868929		_
com.google.javascript.jscomp.Compiler#void#hoistExterns#?,Node#1383	6.482501663339987	0.0	3.2412508316699933		_
com.google.javascript.jscomp.Compiler#void#hoistExterns#?,Node#1376	6.482501663339987	0.0	3.2412508316699933		_
com.google.javascript.jscomp.Compiler#Node#parseInputs#?#1267	6.482501663339987	0.0	3.2412508316699933		_
com.google.javascript.jscomp.Compiler#Node#parseInputs#?#1268	6.482501663339987	0.0	3.2412508316699933		_
com.google.javascript.jscomp.Compiler#Node#parseInputs#?#1272	6.482501663339987	0.0	3.2412508316699933		_
com.google.javascript.jscomp.Compiler#Node#parseInputs#?#1326	6.481969394544245	0.0	3.2409846972721224		_
com.google.javascript.jscomp.Compiler#Node#parseInputs#?#1325	6.481969394544245	0.0	3.2409846972721224		_
com.google.javascript.jscomp.Compiler#Node#parseInputs#?#1318	6.481969394544245	0.0	3.2409846972721224		_
com.google.javascript.jscomp.Compiler#Node#parseInputs#?#1349	6.481969394544245	0.0	3.2409846972721224		_
com.google.javascript.jscomp.Compiler#void#hoistNoCompileFiles#?#1416	6.481969394544245	0.0	3.2409846972721224		_
com.google.javascript.jscomp.Compiler#void#hoistNoCompileFiles#?#1409	6.481969394544245	0.0	3.2409846972721224		_
com.google.javascript.jscomp.Compiler#void#hoistNoCompileFiles#?#1408	6.481969394544245	0.0	3.2409846972721224		_
com.google.javascript.jscomp.Compiler#void#hoistNoCompileFiles#?#1407	6.481969394544245	0.0	3.2409846972721224		_
com.google.javascript.jscomp.CompilerOptions$TracerMode#boolean#isOn#?#1977	6.481570192947438	0.0	3.240785096473719		_
com.google.javascript.jscomp.Compiler#Node#parseInputs#?#1357	6.481570192947438	0.0	3.240785096473719		_
com.google.javascript.jscomp.Compiler#void#hoistExterns#?,Node#1366	6.481570192947438	0.0	3.240785096473719		_
com.google.javascript.jscomp.Compiler#void#hoistExterns#?,Node#1365	6.481570192947438	0.0	3.240785096473719		_
com.google.javascript.jscomp.Compiler#void#stopTracer#?,Tracer,String#910	6.481570192947438	0.0	3.240785096473719		_
com.google.javascript.jscomp.Compiler#Node#parseInputs#?#1263	6.481570192947438	0.0	3.240785096473719		_
com.google.javascript.jscomp.Compiler#Node#parseInputs#?#1280	6.481570192947438	0.0	3.240785096473719		_
com.google.javascript.jscomp.Compiler#Node#parseInputs#?#1283	6.481570192947438	0.0	3.240785096473719		_
com.google.javascript.jscomp.Compiler#Node#parseInputs#?#1237	6.481570192947438	0.0	3.240785096473719		_
com.google.javascript.jscomp.Compiler#Node#parseInputs#?#1249	6.481570192947438	0.0	3.240785096473719		_
com.google.javascript.jscomp.Compiler#Node#parseInputs#?#1253	6.481570192947438	0.0	3.240785096473719		_
com.google.javascript.jscomp.Compiler#Node#parseInputs#?#1252	6.481570192947438	0.0	3.240785096473719		_
com.google.javascript.jscomp.Compiler#Node#parseInputs#?#1250	6.481570192947438	0.0	3.240785096473719		_
com.google.javascript.jscomp.Compiler#Node#parseInputs#?#1256	6.481570192947438	0.0	3.240785096473719		_
com.google.javascript.jscomp.Compiler#Node#parseInputs#?#1255	6.481570192947438	0.0	3.240785096473719		_
com.google.javascript.jscomp.DependencyOptions#boolean#needsManagement#?#120	6.481570192947438	0.0	3.240785096473719		_
com.google.javascript.jscomp.Compiler#boolean#hasErrors#?#2094	6.481570192947438	0.0	3.240785096473719		_
com.google.javascript.jscomp.Compiler#Tracer#newTracer#?,String#901	6.481570192947438	0.0	3.240785096473719		_
com.google.javascript.jscomp.Compiler#Tracer#newTracer#?,String#906	6.481570192947438	0.0	3.240785096473719		_
com.google.javascript.rhino.IR#Node#block#?,Node#108	6.481570192947438	0.0	3.240785096473719		_
com.google.javascript.rhino.IR#Node#block#?,Node#105	6.481570192947438	0.0	3.240785096473719		_
com.google.javascript.rhino.IR#Node#block#?,Node#104	6.481570192947438	0.0	3.240785096473719		_
com.google.javascript.rhino.IR#Node#block#?,Node#106	6.481570192947438	0.0	3.240785096473719		_
com.google.javascript.rhino.IR#Node#block#?,Node#103	6.481570192947438	0.0	3.240785096473719		_
com.google.javascript.rhino.IR#boolean#mayBeStatement#?,Node#477	6.481304058549568	0.0	3.240652029274784		_
com.google.javascript.rhino.IR#boolean#mayBeStatement#?,Node#501	6.481304058549568	0.0	3.240652029274784		_
com.google.javascript.rhino.Node#boolean#isCall#?#2197	6.479840319361277	0.0	3.2399201596806386		_
com.google.javascript.jscomp.Tracer#long#stop#?,int#410	6.479707252162342	0.0	3.239853626081171		_
com.google.javascript.jscomp.Tracer#long#stop#?,int#408	6.479707252162342	0.0	3.239853626081171		_
com.google.javascript.jscomp.Tracer#?#Tracer#?,String,String#236	6.479707252162342	0.0	3.239853626081171		_
com.google.javascript.jscomp.Tracer#?#Tracer#?,String,String#237	6.479707252162342	0.0	3.239853626081171		_
com.google.javascript.jscomp.Tracer#?#Tracer#?,String,String#238	6.479707252162342	0.0	3.239853626081171		_
com.google.javascript.jscomp.Tracer#?#Tracer#?,String,String#239	6.479707252162342	0.0	3.239853626081171		_
com.google.javascript.jscomp.Tracer#?#Tracer#?,String,String#250	6.479707252162342	0.0	3.239853626081171		_
com.google.javascript.jscomp.Tracer#?#Tracer#?,String,String#254	6.479707252162342	0.0	3.239853626081171		_
com.google.javascript.jscomp.CodeChangeHandler$RecentChange#boolean#hasCodeChanged#?#44	6.479707252162342	0.0	3.239853626081171		_
com.google.javascript.jscomp.Tracer$ThreadTrace#boolean#isInitialized#?#746	6.479707252162342	0.0	3.239853626081171		_
com.google.javascript.jscomp.Tracer#ThreadTrace#getThreadTrace#?#959	6.479707252162342	0.0	3.239853626081171		_
com.google.javascript.jscomp.Tracer#ThreadTrace#getThreadTrace#?#965	6.479707252162342	0.0	3.239853626081171		_
com.google.javascript.jscomp.Compiler#JSTypeRegistry#getTypeRegistry#?#1141	6.4787757817697935	0.0	3.2393878908848968		_
com.google.javascript.rhino.jstype.JSTypeRegistry#void#initializeBuiltInTypes#?#342	6.476646706586826	0.0	3.238323353293413		_
com.google.javascript.rhino.jstype.JSTypeRegistry#void#initializeBuiltInTypes#?#345	6.476646706586826	0.0	3.238323353293413		_
com.google.javascript.rhino.jstype.JSTypeRegistry#void#initializeBuiltInTypes#?#352	6.476646706586826	0.0	3.238323353293413		_
com.google.javascript.rhino.jstype.JSTypeRegistry#void#initializeBuiltInTypes#?#336	6.476646706586826	0.0	3.238323353293413		_
com.google.javascript.rhino.jstype.JSTypeRegistry#void#initializeBuiltInTypes#?#335	6.476646706586826	0.0	3.238323353293413		_
com.google.javascript.rhino.jstype.JSTypeRegistry#void#initializeBuiltInTypes#?#331	6.476646706586826	0.0	3.238323353293413		_
com.google.javascript.rhino.jstype.JSTypeRegistry#void#initializeBuiltInTypes#?#340	6.476646706586826	0.0	3.238323353293413		_
com.google.javascript.rhino.jstype.JSTypeRegistry#void#initializeBuiltInTypes#?#321	6.476646706586826	0.0	3.238323353293413		_
com.google.javascript.rhino.jstype.JSTypeRegistry#void#initializeBuiltInTypes#?#325	6.476646706586826	0.0	3.238323353293413		_
com.google.javascript.rhino.jstype.JSTypeRegistry#void#initializeBuiltInTypes#?#324	6.476646706586826	0.0	3.238323353293413		_
com.google.javascript.rhino.jstype.JSTypeRegistry#void#initializeBuiltInTypes#?#327	6.476646706586826	0.0	3.238323353293413		_
com.google.javascript.rhino.jstype.JSTypeRegistry#void#initializeBuiltInTypes#?#328	6.476646706586826	0.0	3.238323353293413		_
com.google.javascript.rhino.jstype.JSTypeRegistry#void#initializeBuiltInTypes#?#311	6.476646706586826	0.0	3.238323353293413		_
com.google.javascript.rhino.jstype.JSTypeRegistry#void#initializeBuiltInTypes#?#310	6.476646706586826	0.0	3.238323353293413		_
com.google.javascript.rhino.jstype.JSTypeRegistry#void#initializeBuiltInTypes#?#314	6.476646706586826	0.0	3.238323353293413		_
com.google.javascript.rhino.jstype.JSTypeRegistry#void#initializeBuiltInTypes#?#313	6.476646706586826	0.0	3.238323353293413		_
com.google.javascript.rhino.jstype.JSTypeRegistry#void#initializeBuiltInTypes#?#317	6.476646706586826	0.0	3.238323353293413		_
com.google.javascript.rhino.jstype.JSTypeRegistry#void#initializeBuiltInTypes#?#307	6.476646706586826	0.0	3.238323353293413		_
com.google.javascript.rhino.jstype.JSTypeRegistry#void#initializeBuiltInTypes#?#308	6.476646706586826	0.0	3.238323353293413		_
com.google.javascript.rhino.jstype.JSTypeRegistry#void#initializeBuiltInTypes#?#304	6.476646706586826	0.0	3.238323353293413		_
com.google.javascript.rhino.jstype.JSTypeRegistry#void#initializeBuiltInTypes#?#305	6.476646706586826	0.0	3.238323353293413		_
com.google.javascript.rhino.jstype.JSTypeRegistry#void#initializeBuiltInTypes#?#300	6.476646706586826	0.0	3.238323353293413		_
com.google.javascript.rhino.jstype.JSTypeRegistry#void#initializeBuiltInTypes#?#301	6.476646706586826	0.0	3.238323353293413		_
com.google.javascript.rhino.jstype.JSTypeRegistry#ArrowType#createArrowType#?,Node#1040	6.476646706586826	0.0	3.238323353293413		_
com.google.javascript.rhino.jstype.JSTypeRegistry#void#initializeBuiltInTypes#?#398	6.476646706586826	0.0	3.238323353293413		_
com.google.javascript.rhino.jstype.JSTypeRegistry#void#initializeBuiltInTypes#?#395	6.476646706586826	0.0	3.238323353293413		_
com.google.javascript.rhino.jstype.JSTypeRegistry#void#initializeBuiltInTypes#?#393	6.476646706586826	0.0	3.238323353293413		_
com.google.javascript.rhino.jstype.JSTypeRegistry#void#initializeBuiltInTypes#?#388	6.476646706586826	0.0	3.238323353293413		_
com.google.javascript.rhino.jstype.JSTypeRegistry#void#initializeBuiltInTypes#?#389	6.476646706586826	0.0	3.238323353293413		_
com.google.javascript.rhino.jstype.JSTypeRegistry#void#initializeBuiltInTypes#?#386	6.476646706586826	0.0	3.238323353293413		_
com.google.javascript.rhino.jstype.JSTypeRegistry#void#initializeBuiltInTypes#?#383	6.476646706586826	0.0	3.238323353293413		_
com.google.javascript.rhino.jstype.JSTypeRegistry#void#initializeBuiltInTypes#?#382	6.476646706586826	0.0	3.238323353293413		_
com.google.javascript.rhino.jstype.UnknownType#?#UnknownType#?,JSTypeRegistry,boolean#60	6.476646706586826	0.0	3.238323353293413		_
com.google.javascript.rhino.jstype.JSTypeRegistry#void#initializeBuiltInTypes#?#379	6.476646706586826	0.0	3.238323353293413		_
com.google.javascript.rhino.jstype.JSTypeRegistry#void#initializeBuiltInTypes#?#376	6.476646706586826	0.0	3.238323353293413		_
com.google.javascript.rhino.jstype.JSTypeRegistry#void#initializeBuiltInTypes#?#378	6.476646706586826	0.0	3.238323353293413		_
com.google.javascript.rhino.jstype.JSTypeRegistry#void#initializeBuiltInTypes#?#373	6.476646706586826	0.0	3.238323353293413		_
com.google.javascript.rhino.jstype.JSTypeRegistry#void#initializeBuiltInTypes#?#372	6.476646706586826	0.0	3.238323353293413		_
com.google.javascript.rhino.jstype.UnknownType#?#UnknownType#?,JSTypeRegistry,boolean#59	6.476646706586826	0.0	3.238323353293413		_
com.google.javascript.rhino.jstype.JSTypeRegistry#void#initializeBuiltInTypes#?#366	6.476646706586826	0.0	3.238323353293413		_
com.google.javascript.rhino.jstype.JSTypeRegistry#void#initializeBuiltInTypes#?#368	6.476646706586826	0.0	3.238323353293413		_
com.google.javascript.rhino.jstype.JSTypeRegistry#void#initializeBuiltInTypes#?#369	6.476646706586826	0.0	3.238323353293413		_
com.google.javascript.rhino.jstype.JSTypeRegistry#void#initializeBuiltInTypes#?#360	6.476646706586826	0.0	3.238323353293413		_
com.google.javascript.rhino.jstype.JSTypeRegistry#void#initializeBuiltInTypes#?#363	6.476646706586826	0.0	3.238323353293413		_
com.google.javascript.rhino.jstype.JSTypeRegistry#void#initializeBuiltInTypes#?#362	6.476646706586826	0.0	3.238323353293413		_
com.google.javascript.rhino.jstype.JSTypeRegistry#void#initializeBuiltInTypes#?#353	6.476646706586826	0.0	3.238323353293413		_
com.google.javascript.rhino.jstype.JSTypeRegistry#void#initializeBuiltInTypes#?#355	6.476646706586826	0.0	3.238323353293413		_
com.google.javascript.rhino.jstype.JSTypeRegistry#void#initializeBuiltInTypes#?#356	6.476646706586826	0.0	3.238323353293413		_
com.google.javascript.rhino.jstype.JSTypeRegistry#void#initializeBuiltInTypes#?#359	6.476646706586826	0.0	3.238323353293413		_
com.google.javascript.rhino.jstype.JSTypeRegistry#void#initializeBuiltInTypes#?#449	6.476646706586826	0.0	3.238323353293413		_
com.google.javascript.rhino.jstype.JSTypeRegistry#void#initializeBuiltInTypes#?#441	6.476646706586826	0.0	3.238323353293413		_
com.google.javascript.rhino.jstype.JSTypeRegistry#void#initializeBuiltInTypes#?#445	6.476646706586826	0.0	3.238323353293413		_
com.google.javascript.rhino.jstype.JSTypeRegistry#void#initializeBuiltInTypes#?#448	6.476646706586826	0.0	3.238323353293413		_
com.google.javascript.rhino.jstype.JSTypeRegistry#void#initializeBuiltInTypes#?#451	6.476646706586826	0.0	3.238323353293413		_
com.google.javascript.rhino.jstype.JSTypeRegistry#void#initializeBuiltInTypes#?#438	6.476646706586826	0.0	3.238323353293413		_
com.google.javascript.rhino.jstype.JSTypeRegistry#void#initializeBuiltInTypes#?#433	6.476646706586826	0.0	3.238323353293413		_
com.google.javascript.rhino.jstype.JSTypeRegistry#void#initializeBuiltInTypes#?#432	6.476646706586826	0.0	3.238323353293413		_
com.google.javascript.rhino.jstype.JSTypeRegistry#void#initializeBuiltInTypes#?#436	6.476646706586826	0.0	3.238323353293413		_
com.google.javascript.rhino.jstype.JSTypeRegistry#void#initializeBuiltInTypes#?#469	6.476646706586826	0.0	3.238323353293413		_
com.google.javascript.rhino.jstype.JSTypeRegistry#void#initializeBuiltInTypes#?#463	6.476646706586826	0.0	3.238323353293413		_
com.google.javascript.rhino.jstype.JSTypeRegistry#void#initializeBuiltInTypes#?#465	6.476646706586826	0.0	3.238323353293413		_
com.google.javascript.rhino.jstype.JSTypeRegistry#void#initializeBuiltInTypes#?#471	6.476646706586826	0.0	3.238323353293413		_
com.google.javascript.rhino.jstype.JSTypeRegistry#void#initializeBuiltInTypes#?#459	6.476646706586826	0.0	3.238323353293413		_
com.google.javascript.rhino.jstype.JSTypeRegistry#void#initializeBuiltInTypes#?#455	6.476646706586826	0.0	3.238323353293413		_
com.google.javascript.rhino.jstype.JSTypeRegistry#void#initializeBuiltInTypes#?#452	6.476646706586826	0.0	3.238323353293413		_
com.google.javascript.rhino.jstype.JSTypeRegistry#void#initializeBuiltInTypes#?#460	6.476646706586826	0.0	3.238323353293413		_
com.google.javascript.rhino.jstype.JSTypeRegistry#void#initializeBuiltInTypes#?#400	6.476646706586826	0.0	3.238323353293413		_
com.google.javascript.rhino.jstype.JSTypeRegistry#void#initializeBuiltInTypes#?#401	6.476646706586826	0.0	3.238323353293413		_
com.google.javascript.rhino.jstype.JSTypeRegistry#void#initializeBuiltInTypes#?#404	6.476646706586826	0.0	3.238323353293413		_
com.google.javascript.rhino.jstype.JSTypeRegistry#void#initializeBuiltInTypes#?#405	6.476646706586826	0.0	3.238323353293413		_
com.google.javascript.rhino.jstype.JSTypeRegistry#void#initializeBuiltInTypes#?#408	6.476646706586826	0.0	3.238323353293413		_
com.google.javascript.rhino.jstype.JSTypeRegistry#void#initializeBuiltInTypes#?#424	6.476646706586826	0.0	3.238323353293413		_
com.google.javascript.rhino.jstype.JSTypeRegistry#void#initializeBuiltInTypes#?#425	6.476646706586826	0.0	3.238323353293413		_
com.google.javascript.rhino.jstype.JSTypeRegistry#void#initializeBuiltInTypes#?#420	6.476646706586826	0.0	3.238323353293413		_
com.google.javascript.rhino.jstype.JSTypeRegistry#void#initializeBuiltInTypes#?#421	6.476646706586826	0.0	3.238323353293413		_
com.google.javascript.rhino.jstype.JSTypeRegistry#void#initializeBuiltInTypes#?#428	6.476646706586826	0.0	3.238323353293413		_
com.google.javascript.rhino.jstype.JSTypeRegistry#void#initializeBuiltInTypes#?#414	6.476646706586826	0.0	3.238323353293413		_
com.google.javascript.rhino.jstype.JSTypeRegistry#void#initializeBuiltInTypes#?#415	6.476646706586826	0.0	3.238323353293413		_
com.google.javascript.rhino.jstype.JSTypeRegistry#void#initializeBuiltInTypes#?#410	6.476646706586826	0.0	3.238323353293413		_
com.google.javascript.rhino.jstype.JSTypeRegistry#void#initializeBuiltInTypes#?#411	6.476646706586826	0.0	3.238323353293413		_
com.google.javascript.rhino.jstype.JSTypeRegistry#void#initializeBuiltInTypes#?#418	6.476646706586826	0.0	3.238323353293413		_
com.google.javascript.rhino.jstype.JSTypeRegistry#void#initializeBuiltInTypes#?#494	6.476646706586826	0.0	3.238323353293413		_
com.google.javascript.rhino.jstype.JSTypeRegistry#void#initializeBuiltInTypes#?#492	6.476646706586826	0.0	3.238323353293413		_
com.google.javascript.rhino.jstype.JSTypeRegistry#void#initializeBuiltInTypes#?#487	6.476646706586826	0.0	3.238323353293413		_
com.google.javascript.rhino.jstype.JSTypeRegistry#void#initializeBuiltInTypes#?#486	6.476646706586826	0.0	3.238323353293413		_
com.google.javascript.rhino.jstype.JSTypeRegistry#void#initializeBuiltInTypes#?#480	6.476646706586826	0.0	3.238323353293413		_
com.google.javascript.rhino.jstype.JSTypeRegistry#void#initializeBuiltInTypes#?#482	6.476646706586826	0.0	3.238323353293413		_
com.google.javascript.rhino.jstype.JSTypeRegistry#void#initializeBuiltInTypes#?#474	6.476646706586826	0.0	3.238323353293413		_
com.google.javascript.rhino.jstype.JSTypeRegistry#void#initializeBuiltInTypes#?#476	6.476646706586826	0.0	3.238323353293413		_
com.google.javascript.rhino.jstype.JSTypeRegistry#void#initializeBuiltInTypes#?#498	6.476646706586826	0.0	3.238323353293413		_
com.google.javascript.rhino.jstype.JSTypeRegistry#void#initializeBuiltInTypes#?#500	6.476646706586826	0.0	3.238323353293413		_
com.google.javascript.rhino.jstype.JSTypeRegistry#void#initializeBuiltInTypes#?#506	6.476646706586826	0.0	3.238323353293413		_
com.google.javascript.rhino.jstype.JSTypeRegistry#void#initializeBuiltInTypes#?#504	6.476646706586826	0.0	3.238323353293413		_
com.google.javascript.rhino.jstype.BooleanType#?#BooleanType#?,JSTypeRegistry#53	6.476646706586826	0.0	3.238323353293413		_
com.google.javascript.rhino.jstype.JSTypeRegistry#void#initializeBuiltInTypes#?#548	6.476646706586826	0.0	3.238323353293413		_
com.google.javascript.rhino.jstype.JSTypeRegistry#void#initializeBuiltInTypes#?#547	6.476646706586826	0.0	3.238323353293413		_
com.google.javascript.rhino.jstype.JSTypeRegistry#void#initializeBuiltInTypes#?#540	6.476646706586826	0.0	3.238323353293413		_
com.google.javascript.rhino.jstype.JSTypeRegistry#void#initializeBuiltInTypes#?#543	6.476646706586826	0.0	3.238323353293413		_
com.google.javascript.rhino.jstype.JSTypeRegistry#void#initializeBuiltInTypes#?#538	6.476646706586826	0.0	3.238323353293413		_
com.google.javascript.rhino.jstype.JSTypeRegistry#void#initializeBuiltInTypes#?#535	6.476646706586826	0.0	3.238323353293413		_
com.google.javascript.rhino.jstype.JSTypeRegistry#void#initializeBuiltInTypes#?#534	6.476646706586826	0.0	3.238323353293413		_
com.google.javascript.rhino.jstype.JSTypeRegistry#void#initializeBuiltInTypes#?#531	6.476646706586826	0.0	3.238323353293413		_
com.google.javascript.rhino.jstype.JSTypeRegistry#void#initializeBuiltInTypes#?#530	6.476646706586826	0.0	3.238323353293413		_
com.google.javascript.rhino.jstype.JSTypeRegistry#void#initializeBuiltInTypes#?#510	6.476646706586826	0.0	3.238323353293413		_
com.google.javascript.rhino.jstype.JSTypeRegistry#void#initializeBuiltInTypes#?#553	6.476646706586826	0.0	3.238323353293413		_
com.google.javascript.rhino.jstype.JSTypeRegistry#void#initializeBuiltInTypes#?#551	6.476646706586826	0.0	3.238323353293413		_
com.google.javascript.rhino.jstype.JSTypeRegistry#void#initializeBuiltInTypes#?#558	6.476646706586826	0.0	3.238323353293413		_
com.google.javascript.rhino.jstype.JSTypeRegistry#?#JSTypeRegistry#?,ErrorReporter,boolean#210	6.476646706586826	0.0	3.238323353293413		_
com.google.javascript.rhino.jstype.JSTypeRegistry#?#JSTypeRegistry#?,ErrorReporter,boolean#211	6.476646706586826	0.0	3.238323353293413		_
com.google.javascript.rhino.jstype.JSTypeRegistry#?#JSTypeRegistry#?,ErrorReporter,boolean#208	6.476646706586826	0.0	3.238323353293413		_
com.google.javascript.rhino.jstype.JSTypeRegistry#?#JSTypeRegistry#?,ErrorReporter,boolean#209	6.476646706586826	0.0	3.238323353293413		_
com.google.javascript.rhino.jstype.JSTypeRegistry#?#JSTypeRegistry#?,ErrorReporter,boolean#207	6.476646706586826	0.0	3.238323353293413		_
com.google.javascript.rhino.jstype.ValueType#?#ValueType#?,JSTypeRegistry#49	6.476646706586826	0.0	3.238323353293413		_
com.google.javascript.rhino.jstype.FunctionType#ArrowType#getInternalArrowType#?#275	6.476646706586826	0.0	3.238323353293413		_
com.google.javascript.rhino.jstype.VoidType#?#VoidType#?,JSTypeRegistry#54	6.476646706586826	0.0	3.238323353293413		_
com.google.javascript.rhino.jstype.FunctionType#void#setInstanceType#?,ObjectType#1005	6.476646706586826	0.0	3.238323353293413		_
com.google.javascript.rhino.jstype.NoType#?#NoType#?,JSTypeRegistry#65	6.476646706586826	0.0	3.238323353293413		_
com.google.javascript.rhino.jstype.JSTypeRegistry#void#resetForTypeCheck#?#239	6.476646706586826	0.0	3.238323353293413		_
com.google.javascript.rhino.jstype.JSTypeRegistry#void#resetForTypeCheck#?#238	6.476646706586826	0.0	3.238323353293413		_
com.google.javascript.rhino.jstype.JSTypeRegistry#void#resetForTypeCheck#?#243	6.476646706586826	0.0	3.238323353293413		_
com.google.javascript.rhino.jstype.JSTypeRegistry#void#resetForTypeCheck#?#242	6.476646706586826	0.0	3.238323353293413		_
com.google.javascript.rhino.jstype.JSTypeRegistry#void#resetForTypeCheck#?#241	6.476646706586826	0.0	3.238323353293413		_
com.google.javascript.rhino.jstype.JSTypeRegistry#void#resetForTypeCheck#?#240	6.476646706586826	0.0	3.238323353293413		_
com.google.javascript.rhino.jstype.StringType#?#StringType#?,JSTypeRegistry#53	6.476646706586826	0.0	3.238323353293413		_
com.google.javascript.rhino.jstype.JSTypeRegistry#void#registerNativeType#?,JSTypeNative,JSType#602	6.476646706586826	0.0	3.238323353293413		_
com.google.javascript.rhino.jstype.ErrorFunctionType#?#ErrorFunctionType#?,JSTypeRegistry,String#73	6.476646706586826	0.0	3.238323353293413		_
com.google.javascript.rhino.jstype.ErrorFunctionType#?#ErrorFunctionType#?,JSTypeRegistry,String#51	6.476646706586826	0.0	3.238323353293413		_
com.google.javascript.rhino.jstype.NullType#?#NullType#?,JSTypeRegistry#54	6.476646706586826	0.0	3.238323353293413		_
com.google.javascript.rhino.jstype.NumberType#?#NumberType#?,JSTypeRegistry#53	6.476646706586826	0.0	3.238323353293413		_
com.google.javascript.rhino.jstype.JSTypeRegistry#void#initializeRegistry#?#584	6.476646706586826	0.0	3.238323353293413		_
com.google.javascript.rhino.jstype.JSTypeRegistry#void#initializeRegistry#?#583	6.476646706586826	0.0	3.238323353293413		_
com.google.javascript.rhino.jstype.JSTypeRegistry#void#initializeRegistry#?#581	6.476646706586826	0.0	3.238323353293413		_
com.google.javascript.rhino.jstype.JSTypeRegistry#void#initializeRegistry#?#582	6.476646706586826	0.0	3.238323353293413		_
com.google.javascript.rhino.jstype.JSTypeRegistry#void#initializeRegistry#?#580	6.476646706586826	0.0	3.238323353293413		_
com.google.javascript.rhino.jstype.JSTypeRegistry#void#initializeRegistry#?#579	6.476646706586826	0.0	3.238323353293413		_
com.google.javascript.rhino.jstype.JSTypeRegistry#void#initializeRegistry#?#578	6.476646706586826	0.0	3.238323353293413		_
com.google.javascript.rhino.jstype.JSTypeRegistry#void#initializeRegistry#?#577	6.476646706586826	0.0	3.238323353293413		_
com.google.javascript.rhino.jstype.JSTypeRegistry#void#initializeRegistry#?#576	6.476646706586826	0.0	3.238323353293413		_
com.google.javascript.rhino.jstype.JSTypeRegistry#void#initializeRegistry#?#575	6.476646706586826	0.0	3.238323353293413		_
com.google.javascript.rhino.jstype.JSTypeRegistry#void#initializeRegistry#?#574	6.476646706586826	0.0	3.238323353293413		_
com.google.javascript.rhino.jstype.JSTypeRegistry#void#initializeRegistry#?#573	6.476646706586826	0.0	3.238323353293413		_
com.google.javascript.rhino.jstype.JSTypeRegistry#void#initializeRegistry#?#572	6.476646706586826	0.0	3.238323353293413		_
com.google.javascript.rhino.jstype.JSTypeRegistry#void#initializeRegistry#?#570	6.476646706586826	0.0	3.238323353293413		_
com.google.javascript.rhino.jstype.JSTypeRegistry#void#initializeRegistry#?#571	6.476646706586826	0.0	3.238323353293413		_
com.google.javascript.rhino.jstype.JSTypeRegistry#void#initializeRegistry#?#569	6.476646706586826	0.0	3.238323353293413		_
com.google.javascript.rhino.jstype.JSTypeRegistry#void#initializeRegistry#?#562	6.476646706586826	0.0	3.238323353293413		_
com.google.javascript.rhino.jstype.JSTypeRegistry#void#initializeRegistry#?#564	6.476646706586826	0.0	3.238323353293413		_
com.google.javascript.rhino.jstype.JSTypeRegistry#void#initializeRegistry#?#563	6.476646706586826	0.0	3.238323353293413		_
com.google.javascript.rhino.jstype.JSTypeRegistry#void#initializeRegistry#?#566	6.476646706586826	0.0	3.238323353293413		_
com.google.javascript.rhino.jstype.JSTypeRegistry#void#initializeRegistry#?#565	6.476646706586826	0.0	3.238323353293413		_
com.google.javascript.rhino.jstype.JSTypeRegistry#void#initializeRegistry#?#568	6.476646706586826	0.0	3.238323353293413		_
com.google.javascript.rhino.jstype.JSTypeRegistry#void#initializeRegistry#?#567	6.476646706586826	0.0	3.238323353293413		_
com.google.javascript.rhino.jstype.JSTypeRegistry#void#register#?,JSType#588	6.476646706586826	0.0	3.238323353293413		_
com.google.javascript.rhino.jstype.NoResolvedType#?#NoResolvedType#?,JSTypeRegistry#59	6.476646706586826	0.0	3.238323353293413		_
com.google.javascript.rhino.jstype.NoObjectType#?#NoObjectType#?,JSTypeRegistry#70	6.476646706586826	0.0	3.238323353293413		_
com.google.javascript.rhino.jstype.NoObjectType#?#NoObjectType#?,JSTypeRegistry#71	6.476646706586826	0.0	3.238323353293413		_
com.google.javascript.rhino.jstype.NoObjectType#?#NoObjectType#?,JSTypeRegistry#67	6.476646706586826	0.0	3.238323353293413		_
com.google.javascript.rhino.jstype.JSTypeRegistry#void#initializeBuiltInTypes#?#277	6.476646706586826	0.0	3.238323353293413		_
com.google.javascript.rhino.jstype.JSTypeRegistry#void#initializeBuiltInTypes#?#286	6.476646706586826	0.0	3.238323353293413		_
com.google.javascript.rhino.jstype.JSTypeRegistry#void#initializeBuiltInTypes#?#285	6.476646706586826	0.0	3.238323353293413		_
com.google.javascript.rhino.jstype.JSTypeRegistry#void#initializeBuiltInTypes#?#280	6.476646706586826	0.0	3.238323353293413		_
com.google.javascript.rhino.jstype.JSTypeRegistry#void#initializeBuiltInTypes#?#288	6.476646706586826	0.0	3.238323353293413		_
com.google.javascript.rhino.jstype.JSTypeRegistry#void#initializeBuiltInTypes#?#289	6.476646706586826	0.0	3.238323353293413		_
com.google.javascript.rhino.jstype.JSTypeRegistry#void#initializeBuiltInTypes#?#295	6.476646706586826	0.0	3.238323353293413		_
com.google.javascript.rhino.jstype.JSTypeRegistry#void#initializeBuiltInTypes#?#291	6.476646706586826	0.0	3.238323353293413		_
com.google.javascript.rhino.jstype.JSTypeRegistry#void#initializeBuiltInTypes#?#292	6.476646706586826	0.0	3.238323353293413		_
com.google.javascript.rhino.jstype.JSTypeRegistry#void#initializeBuiltInTypes#?#257	6.476646706586826	0.0	3.238323353293413		_
com.google.javascript.rhino.jstype.JSTypeRegistry#void#initializeBuiltInTypes#?#255	6.476646706586826	0.0	3.238323353293413		_
com.google.javascript.rhino.jstype.JSTypeRegistry#void#initializeBuiltInTypes#?#254	6.476646706586826	0.0	3.238323353293413		_
com.google.javascript.rhino.jstype.JSTypeRegistry#void#initializeBuiltInTypes#?#258	6.476646706586826	0.0	3.238323353293413		_
com.google.javascript.rhino.jstype.JSTypeRegistry#void#initializeBuiltInTypes#?#260	6.476646706586826	0.0	3.238323353293413		_
com.google.javascript.rhino.jstype.JSTypeRegistry#void#initializeBuiltInTypes#?#261	6.476646706586826	0.0	3.238323353293413		_
com.google.javascript.rhino.jstype.JSTypeRegistry#void#initializeBuiltInTypes#?#262	6.476646706586826	0.0	3.238323353293413		_
com.google.javascript.rhino.jstype.JSTypeRegistry#void#initializeBuiltInTypes#?#266	6.476646706586826	0.0	3.238323353293413		_
com.google.javascript.rhino.jstype.JSTypeRegistry#void#initializeBuiltInTypes#?#265	6.476646706586826	0.0	3.238323353293413		_
com.google.javascript.rhino.jstype.JSTypeRegistry#void#initializeBuiltInTypes#?#268	6.476646706586826	0.0	3.238323353293413		_
com.google.javascript.rhino.jstype.JSTypeRegistry#void#initializeBuiltInTypes#?#269	6.476646706586826	0.0	3.238323353293413		_
com.google.javascript.rhino.jstype.JSTypeRegistry#void#initializeBuiltInTypes#?#275	6.476646706586826	0.0	3.238323353293413		_
com.google.javascript.rhino.jstype.JSTypeRegistry#void#initializeBuiltInTypes#?#248	6.476646706586826	0.0	3.238323353293413		_
com.google.javascript.rhino.jstype.JSTypeRegistry#void#initializeBuiltInTypes#?#249	6.476646706586826	0.0	3.238323353293413		_
com.google.javascript.rhino.jstype.JSTypeRegistry#void#initializeBuiltInTypes#?#251	6.476646706586826	0.0	3.238323353293413		_
com.google.javascript.rhino.jstype.JSTypeRegistry#void#initializeBuiltInTypes#?#252	6.476646706586826	0.0	3.238323353293413		_
com.google.javascript.rhino.jstype.AllType#?#AllType#?,JSTypeRegistry#53	6.476646706586826	0.0	3.238323353293413		_
com.google.javascript.rhino.jstype.JSTypeRegistry#Node#createOptionalParameters#?,JSType#1201	6.476513639387891	0.0	3.2382568196939454		_
com.google.javascript.rhino.jstype.JSTypeRegistry#Node#createOptionalParameters#?,JSType#1202	6.476513639387891	0.0	3.2382568196939454		_
com.google.javascript.rhino.jstype.JSTypeRegistry#Node#createOptionalParameters#?,JSType#1203	6.476513639387891	0.0	3.2382568196939454		_
com.google.javascript.rhino.jstype.JSTypeRegistry#FunctionType#createFunctionType#?,JSType,boolean,JSType#1239	6.476114437791084	0.0	3.238057218895542		_
com.google.javascript.rhino.jstype.JSTypeRegistry#FunctionType#createFunctionTypeWithVarArgs#?,JSType,JSType#1087	6.476114437791084	0.0	3.238057218895542		_
com.google.javascript.jscomp.Scope#Scope#getParent#?#452	6.475981370592149	0.0	3.2379906852960745		_
com.google.javascript.rhino.jstype.JSTypeRegistry#FunctionType#createFunctionType#?,JSType,Node#1281	6.4750499001996005	0.0	3.2375249500998002		_
com.google.javascript.rhino.jstype.JSTypeRegistry#Node#createParameters#?,boolean,JSType#1223	6.474384564204923	0.0	3.2371922821024617		_
com.google.javascript.rhino.jstype.JSTypeRegistry#Node#createParametersWithVarArgs#?,JSType#1193	6.47332002661344	0.0	3.23666001330672		_
com.google.javascript.rhino.jstype.JSTypeRegistry#Node#createParameters#?,boolean,JSType#1221	6.47332002661344	0.0	3.23666001330672		_
com.google.javascript.rhino.jstype.JSTypeRegistry#Node#createParameters#?,boolean,JSType#1217	6.47039254823686	0.0	3.23519627411843		_
com.google.javascript.rhino.jstype.JSTypeRegistry#Node#createParameters#?,boolean,JSType#1218	6.47039254823686	0.0	3.23519627411843		_
com.google.javascript.rhino.jstype.JSTypeRegistry#Node#createParameters#?,boolean,JSType#1226	6.47039254823686	0.0	3.23519627411843		_
com.google.javascript.rhino.IR#Node#block#?#92	6.4689288090485695	0.0	3.2344644045242847		_
com.google.javascript.rhino.IR#Node#block#?#93	6.4689288090485695	0.0	3.2344644045242847		_
com.google.javascript.rhino.jstype.NullType#String#getDisplayName#?#109	6.458682634730539	0.0	3.2293413173652694		_
com.google.javascript.rhino.jstype.NullType#String#toStringHelper#?,boolean#104	6.458682634730539	0.0	3.2293413173652694		_
com.google.javascript.rhino.jstype.BooleanType#String#getDisplayName#?#108	6.456819693945443	0.0	3.2284098469727214		_
com.google.javascript.rhino.jstype.BooleanType#String#toStringHelper#?,boolean#103	6.456819693945443	0.0	3.2284098469727214		_
com.google.javascript.rhino.jstype.FunctionBuilder#FunctionBuilder#withReturnType#?,JSType#96	6.456287425149701	0.0	3.2281437125748504		_
com.google.javascript.rhino.jstype.FunctionBuilder#FunctionBuilder#withReturnType#?,JSType#97	6.456287425149701	0.0	3.2281437125748504		_
com.google.javascript.rhino.jstype.FunctionType#void#setPrototypeBasedOn#?,ObjectType#338	6.454158349966733	0.0	3.2270791749833667		_
com.google.javascript.rhino.jstype.FunctionType#void#setPrototypeBasedOn#?,ObjectType,Node#363	6.452694610778443	0.0	3.2263473053892215		_
com.google.javascript.rhino.jstype.FunctionType#void#addSubType#?,FunctionType#1052	6.451630073186959	0.0	3.2258150365934797		_
com.google.javascript.rhino.jstype.FunctionType#void#setPrototypeBasedOn#?,ObjectType,Node#366	6.450698602794411	0.0	3.2253493013972054		_
com.google.javascript.rhino.jstype.VoidType#String#toStringHelper#?,boolean#96	6.45043246839654	0.0	3.22521623419827		_
com.google.javascript.rhino.jstype.VoidType#String#getDisplayName#?#101	6.45043246839654	0.0	3.22521623419827		_
com.google.javascript.rhino.jstype.StringType#String#getDisplayName#?#97	6.4234198270126415	0.0	3.2117099135063207		_
com.google.javascript.rhino.jstype.StringType#String#toStringHelper#?,boolean#92	6.4234198270126415	0.0	3.2117099135063207		_
com.google.javascript.rhino.jstype.InstanceObjectType#String#toStringHelper#?,boolean#98	6.4184963406520295	0.0	3.2092481703260147		_
com.google.javascript.jscomp.ComposeWarningsGuard#?#ComposeWarningsGuard#?,WarningsGuard#84	6.417564870259481	0.0	3.2087824351297405		_
com.google.javascript.jscomp.parsing.TypeSafeDispatcher#T#process#?,AstNode#236	6.417564870259481	0.0	3.2087824351297405		_
com.google.javascript.jscomp.parsing.IRFactory$TransformDispatcher#Node#processPropertyGet#?,PropertyGet#870	6.417564870259481	0.0	3.2087824351297405		_
com.google.javascript.jscomp.parsing.IRFactory$TransformDispatcher#Node#processPropertyGet#?,PropertyGet#874	6.417564870259481	0.0	3.2087824351297405		_
com.google.javascript.jscomp.parsing.IRFactory$TransformDispatcher#Node#processPropertyGet#?,PropertyGet#873	6.417564870259481	0.0	3.2087824351297405		_
com.google.javascript.jscomp.parsing.IRFactory$TransformDispatcher#Node#processPropertyGet#?,PropertyGet#872	6.417564870259481	0.0	3.2087824351297405		_
com.google.javascript.jscomp.parsing.IRFactory$TransformDispatcher#Node#processPropertyGet#?,PropertyGet#875	6.417564870259481	0.0	3.2087824351297405		_
com.google.javascript.jscomp.parsing.IRFactory$TransformDispatcher#Node#processPropertyGet#?,PropertyGet#869	6.417564870259481	0.0	3.2087824351297405		_
com.google.javascript.jscomp.CompilerOptions#?#CompilerOptions#?#921	6.417564870259481	0.0	3.2087824351297405		_
com.google.javascript.jscomp.CompilerOptions#?#CompilerOptions#?#920	6.417564870259481	0.0	3.2087824351297405		_
com.google.javascript.jscomp.CompilerOptions#?#CompilerOptions#?#901	6.417564870259481	0.0	3.2087824351297405		_
com.google.javascript.jscomp.CompilerOptions#?#CompilerOptions#?#900	6.417564870259481	0.0	3.2087824351297405		_
com.google.javascript.jscomp.CompilerOptions#?#CompilerOptions#?#903	6.417564870259481	0.0	3.2087824351297405		_
com.google.javascript.jscomp.CompilerOptions#?#CompilerOptions#?#902	6.417564870259481	0.0	3.2087824351297405		_
com.google.javascript.jscomp.CompilerOptions#?#CompilerOptions#?#909	6.417564870259481	0.0	3.2087824351297405		_
com.google.javascript.jscomp.CompilerOptions#?#CompilerOptions#?#908	6.417564870259481	0.0	3.2087824351297405		_
com.google.javascript.jscomp.CompilerOptions#?#CompilerOptions#?#907	6.417564870259481	0.0	3.2087824351297405		_
com.google.javascript.jscomp.CompilerOptions#?#CompilerOptions#?#906	6.417564870259481	0.0	3.2087824351297405		_
com.google.javascript.jscomp.CompilerOptions#?#CompilerOptions#?#914	6.417564870259481	0.0	3.2087824351297405		_
com.google.javascript.jscomp.CompilerOptions#?#CompilerOptions#?#913	6.417564870259481	0.0	3.2087824351297405		_
com.google.javascript.jscomp.CompilerOptions#?#CompilerOptions#?#912	6.417564870259481	0.0	3.2087824351297405		_
com.google.javascript.jscomp.CompilerOptions#?#CompilerOptions#?#911	6.417564870259481	0.0	3.2087824351297405		_
com.google.javascript.jscomp.CompilerOptions#?#CompilerOptions#?#910	6.417564870259481	0.0	3.2087824351297405		_
com.google.javascript.jscomp.CompilerOptions#?#CompilerOptions#?#917	6.417564870259481	0.0	3.2087824351297405		_
com.google.javascript.jscomp.CompilerOptions#?#CompilerOptions#?#916	6.417564870259481	0.0	3.2087824351297405		_
com.google.javascript.jscomp.CompilerOptions#?#CompilerOptions#?#915	6.417564870259481	0.0	3.2087824351297405		_
com.google.javascript.jscomp.CompilerOptions#?#CompilerOptions#?#867	6.417564870259481	0.0	3.2087824351297405		_
com.google.javascript.jscomp.CompilerOptions#?#CompilerOptions#?#866	6.417564870259481	0.0	3.2087824351297405		_
com.google.javascript.jscomp.CompilerOptions#?#CompilerOptions#?#865	6.417564870259481	0.0	3.2087824351297405		_
com.google.javascript.jscomp.CompilerOptions#?#CompilerOptions#?#864	6.417564870259481	0.0	3.2087824351297405		_
com.google.javascript.jscomp.CompilerOptions#?#CompilerOptions#?#863	6.417564870259481	0.0	3.2087824351297405		_
com.google.javascript.jscomp.CompilerOptions#?#CompilerOptions#?#861	6.417564870259481	0.0	3.2087824351297405		_
com.google.javascript.jscomp.CompilerOptions#?#CompilerOptions#?#862	6.417564870259481	0.0	3.2087824351297405		_
com.google.javascript.jscomp.CompilerOptions#?#CompilerOptions#?#860	6.417564870259481	0.0	3.2087824351297405		_
com.google.javascript.jscomp.CompilerOptions#?#CompilerOptions#?#879	6.417564870259481	0.0	3.2087824351297405		_
com.google.javascript.jscomp.CompilerOptions#?#CompilerOptions#?#878	6.417564870259481	0.0	3.2087824351297405		_
com.google.javascript.jscomp.CompilerOptions#?#CompilerOptions#?#875	6.417564870259481	0.0	3.2087824351297405		_
com.google.javascript.jscomp.CompilerOptions#?#CompilerOptions#?#874	6.417564870259481	0.0	3.2087824351297405		_
com.google.javascript.jscomp.CompilerOptions#?#CompilerOptions#?#877	6.417564870259481	0.0	3.2087824351297405		_
com.google.javascript.jscomp.CompilerOptions#?#CompilerOptions#?#876	6.417564870259481	0.0	3.2087824351297405		_
com.google.javascript.jscomp.CompilerOptions#?#CompilerOptions#?#870	6.417564870259481	0.0	3.2087824351297405		_
com.google.javascript.jscomp.CompilerOptions#?#CompilerOptions#?#871	6.417564870259481	0.0	3.2087824351297405		_
com.google.javascript.jscomp.CompilerOptions#?#CompilerOptions#?#872	6.417564870259481	0.0	3.2087824351297405		_
com.google.javascript.jscomp.CompilerOptions#?#CompilerOptions#?#873	6.417564870259481	0.0	3.2087824351297405		_
com.google.javascript.jscomp.CompilerOptions#?#CompilerOptions#?#888	6.417564870259481	0.0	3.2087824351297405		_
com.google.javascript.jscomp.CompilerOptions#?#CompilerOptions#?#887	6.417564870259481	0.0	3.2087824351297405		_
com.google.javascript.jscomp.CompilerOptions#?#CompilerOptions#?#886	6.417564870259481	0.0	3.2087824351297405		_
com.google.javascript.jscomp.CompilerOptions#?#CompilerOptions#?#885	6.417564870259481	0.0	3.2087824351297405		_
com.google.javascript.jscomp.CompilerOptions#?#CompilerOptions#?#889	6.417564870259481	0.0	3.2087824351297405		_
com.google.javascript.jscomp.CompilerOptions#?#CompilerOptions#?#880	6.417564870259481	0.0	3.2087824351297405		_
com.google.javascript.jscomp.CompilerOptions#?#CompilerOptions#?#883	6.417564870259481	0.0	3.2087824351297405		_
com.google.javascript.jscomp.CompilerOptions#?#CompilerOptions#?#884	6.417564870259481	0.0	3.2087824351297405		_
com.google.javascript.jscomp.CompilerOptions#?#CompilerOptions#?#881	6.417564870259481	0.0	3.2087824351297405		_
com.google.javascript.jscomp.CompilerOptions#?#CompilerOptions#?#882	6.417564870259481	0.0	3.2087824351297405		_
com.google.javascript.jscomp.CompilerOptions#?#CompilerOptions#?#897	6.417564870259481	0.0	3.2087824351297405		_
com.google.javascript.jscomp.CompilerOptions#?#CompilerOptions#?#896	6.417564870259481	0.0	3.2087824351297405		_
com.google.javascript.jscomp.CompilerOptions#?#CompilerOptions#?#899	6.417564870259481	0.0	3.2087824351297405		_
com.google.javascript.jscomp.CompilerOptions#?#CompilerOptions#?#898	6.417564870259481	0.0	3.2087824351297405		_
com.google.javascript.jscomp.CompilerOptions#?#CompilerOptions#?#890	6.417564870259481	0.0	3.2087824351297405		_
com.google.javascript.jscomp.CompilerOptions#?#CompilerOptions#?#891	6.417564870259481	0.0	3.2087824351297405		_
com.google.javascript.jscomp.CompilerOptions#?#CompilerOptions#?#892	6.417564870259481	0.0	3.2087824351297405		_
com.google.javascript.jscomp.CompilerOptions#?#CompilerOptions#?#893	6.417564870259481	0.0	3.2087824351297405		_
com.google.javascript.jscomp.CompilerOptions#?#CompilerOptions#?#894	6.417564870259481	0.0	3.2087824351297405		_
com.google.javascript.jscomp.CompilerOptions#?#CompilerOptions#?#895	6.417564870259481	0.0	3.2087824351297405		_
com.google.javascript.jscomp.CompilerOptions#?#CompilerOptions#?#823	6.417564870259481	0.0	3.2087824351297405		_
com.google.javascript.jscomp.CompilerOptions#?#CompilerOptions#?#824	6.417564870259481	0.0	3.2087824351297405		_
com.google.javascript.jscomp.CompilerOptions#?#CompilerOptions#?#825	6.417564870259481	0.0	3.2087824351297405		_
com.google.javascript.jscomp.CompilerOptions#?#CompilerOptions#?#826	6.417564870259481	0.0	3.2087824351297405		_
com.google.javascript.jscomp.CompilerOptions#?#CompilerOptions#?#820	6.417564870259481	0.0	3.2087824351297405		_
com.google.javascript.jscomp.CompilerOptions#?#CompilerOptions#?#821	6.417564870259481	0.0	3.2087824351297405		_
com.google.javascript.jscomp.CompilerOptions#?#CompilerOptions#?#822	6.417564870259481	0.0	3.2087824351297405		_
com.google.javascript.jscomp.CompilerOptions#?#CompilerOptions#?#827	6.417564870259481	0.0	3.2087824351297405		_
com.google.javascript.jscomp.CompilerOptions#?#CompilerOptions#?#828	6.417564870259481	0.0	3.2087824351297405		_
com.google.javascript.jscomp.CompilerOptions#?#CompilerOptions#?#829	6.417564870259481	0.0	3.2087824351297405		_
com.google.javascript.jscomp.CompilerOptions#?#CompilerOptions#?#836	6.417564870259481	0.0	3.2087824351297405		_
com.google.javascript.jscomp.CompilerOptions#?#CompilerOptions#?#837	6.417564870259481	0.0	3.2087824351297405		_
com.google.javascript.jscomp.CompilerOptions#?#CompilerOptions#?#834	6.417564870259481	0.0	3.2087824351297405		_
com.google.javascript.jscomp.CompilerOptions#?#CompilerOptions#?#835	6.417564870259481	0.0	3.2087824351297405		_
com.google.javascript.jscomp.CompilerOptions#?#CompilerOptions#?#832	6.417564870259481	0.0	3.2087824351297405		_
com.google.javascript.jscomp.CompilerOptions#?#CompilerOptions#?#833	6.417564870259481	0.0	3.2087824351297405		_
com.google.javascript.jscomp.CompilerOptions#?#CompilerOptions#?#830	6.417564870259481	0.0	3.2087824351297405		_
com.google.javascript.jscomp.CompilerOptions#?#CompilerOptions#?#831	6.417564870259481	0.0	3.2087824351297405		_
com.google.javascript.jscomp.CompilerOptions#?#CompilerOptions#?#838	6.417564870259481	0.0	3.2087824351297405		_
com.google.javascript.jscomp.CompilerOptions#?#CompilerOptions#?#839	6.417564870259481	0.0	3.2087824351297405		_
com.google.javascript.jscomp.CompilerOptions#?#CompilerOptions#?#840	6.417564870259481	0.0	3.2087824351297405		_
com.google.javascript.jscomp.CompilerOptions#?#CompilerOptions#?#841	6.417564870259481	0.0	3.2087824351297405		_
com.google.javascript.jscomp.CompilerOptions#?#CompilerOptions#?#842	6.417564870259481	0.0	3.2087824351297405		_
com.google.javascript.jscomp.CompilerOptions#?#CompilerOptions#?#843	6.417564870259481	0.0	3.2087824351297405		_
com.google.javascript.jscomp.CompilerOptions#?#CompilerOptions#?#844	6.417564870259481	0.0	3.2087824351297405		_
com.google.javascript.jscomp.CompilerOptions#?#CompilerOptions#?#845	6.417564870259481	0.0	3.2087824351297405		_
com.google.javascript.jscomp.CompilerOptions#?#CompilerOptions#?#846	6.417564870259481	0.0	3.2087824351297405		_
com.google.javascript.jscomp.CompilerOptions#?#CompilerOptions#?#847	6.417564870259481	0.0	3.2087824351297405		_
com.google.javascript.jscomp.CompilerOptions#?#CompilerOptions#?#848	6.417564870259481	0.0	3.2087824351297405		_
com.google.javascript.jscomp.CompilerOptions#?#CompilerOptions#?#849	6.417564870259481	0.0	3.2087824351297405		_
com.google.javascript.jscomp.CompilerOptions#?#CompilerOptions#?#854	6.417564870259481	0.0	3.2087824351297405		_
com.google.javascript.jscomp.CompilerOptions#?#CompilerOptions#?#855	6.417564870259481	0.0	3.2087824351297405		_
com.google.javascript.jscomp.CompilerOptions#?#CompilerOptions#?#852	6.417564870259481	0.0	3.2087824351297405		_
com.google.javascript.jscomp.CompilerOptions#?#CompilerOptions#?#853	6.417564870259481	0.0	3.2087824351297405		_
com.google.javascript.jscomp.CompilerOptions#?#CompilerOptions#?#858	6.417564870259481	0.0	3.2087824351297405		_
com.google.javascript.jscomp.CompilerOptions#?#CompilerOptions#?#859	6.417564870259481	0.0	3.2087824351297405		_
com.google.javascript.jscomp.CompilerOptions#?#CompilerOptions#?#856	6.417564870259481	0.0	3.2087824351297405		_
com.google.javascript.jscomp.CompilerOptions#?#CompilerOptions#?#857	6.417564870259481	0.0	3.2087824351297405		_
com.google.javascript.jscomp.CompilerOptions#?#CompilerOptions#?#806	6.417564870259481	0.0	3.2087824351297405		_
com.google.javascript.jscomp.CompilerOptions#?#CompilerOptions#?#805	6.417564870259481	0.0	3.2087824351297405		_
com.google.javascript.jscomp.CompilerOptions#?#CompilerOptions#?#808	6.417564870259481	0.0	3.2087824351297405		_
com.google.javascript.jscomp.CompilerOptions#?#CompilerOptions#?#807	6.417564870259481	0.0	3.2087824351297405		_
com.google.javascript.jscomp.CompilerOptions#?#CompilerOptions#?#809	6.417564870259481	0.0	3.2087824351297405		_
com.google.javascript.jscomp.CompilerOptions#?#CompilerOptions#?#800	6.417564870259481	0.0	3.2087824351297405		_
com.google.javascript.jscomp.CompilerOptions#?#CompilerOptions#?#802	6.417564870259481	0.0	3.2087824351297405		_
com.google.javascript.jscomp.CompilerOptions#?#CompilerOptions#?#801	6.417564870259481	0.0	3.2087824351297405		_
com.google.javascript.jscomp.CompilerOptions#?#CompilerOptions#?#804	6.417564870259481	0.0	3.2087824351297405		_
com.google.javascript.jscomp.CompilerOptions#?#CompilerOptions#?#803	6.417564870259481	0.0	3.2087824351297405		_
com.google.javascript.jscomp.CompilerOptions#?#CompilerOptions#?#819	6.417564870259481	0.0	3.2087824351297405		_
com.google.javascript.jscomp.CompilerOptions#?#CompilerOptions#?#818	6.417564870259481	0.0	3.2087824351297405		_
com.google.javascript.jscomp.CompilerOptions#?#CompilerOptions#?#817	6.417564870259481	0.0	3.2087824351297405		_
com.google.javascript.jscomp.CompilerOptions#?#CompilerOptions#?#816	6.417564870259481	0.0	3.2087824351297405		_
com.google.javascript.jscomp.CompilerOptions#?#CompilerOptions#?#811	6.417564870259481	0.0	3.2087824351297405		_
com.google.javascript.jscomp.CompilerOptions#?#CompilerOptions#?#810	6.417564870259481	0.0	3.2087824351297405		_
com.google.javascript.jscomp.CompilerOptions#?#CompilerOptions#?#813	6.417564870259481	0.0	3.2087824351297405		_
com.google.javascript.jscomp.CompilerOptions#?#CompilerOptions#?#812	6.417564870259481	0.0	3.2087824351297405		_
com.google.javascript.jscomp.CompilerOptions#?#CompilerOptions#?#784	6.417564870259481	0.0	3.2087824351297405		_
com.google.javascript.jscomp.CompilerOptions#?#CompilerOptions#?#787	6.417564870259481	0.0	3.2087824351297405		_
com.google.javascript.jscomp.CompilerOptions#?#CompilerOptions#?#794	6.417564870259481	0.0	3.2087824351297405		_
com.google.javascript.jscomp.CompilerOptions#?#CompilerOptions#?#793	6.417564870259481	0.0	3.2087824351297405		_
com.google.javascript.jscomp.CompilerOptions#?#CompilerOptions#?#796	6.417564870259481	0.0	3.2087824351297405		_
com.google.javascript.jscomp.CompilerOptions#?#CompilerOptions#?#795	6.417564870259481	0.0	3.2087824351297405		_
com.google.javascript.jscomp.CompilerOptions#?#CompilerOptions#?#790	6.417564870259481	0.0	3.2087824351297405		_
com.google.javascript.jscomp.CompilerOptions#?#CompilerOptions#?#792	6.417564870259481	0.0	3.2087824351297405		_
com.google.javascript.jscomp.CompilerOptions#?#CompilerOptions#?#791	6.417564870259481	0.0	3.2087824351297405		_
com.google.javascript.jscomp.CompilerOptions#?#CompilerOptions#?#797	6.417564870259481	0.0	3.2087824351297405		_
com.google.javascript.jscomp.CompilerOptions#?#CompilerOptions#?#798	6.417564870259481	0.0	3.2087824351297405		_
com.google.javascript.jscomp.CompilerOptions#?#CompilerOptions#?#799	6.417564870259481	0.0	3.2087824351297405		_
com.google.javascript.rhino.Node#boolean#isGetElem#?#2261	6.4166333998669325	0.0	3.2083166999334662		_
com.google.javascript.jscomp.CompilerOptions#void#setWarningLevel#?,DiagnosticGroup,CheckLevel#1067	6.415568862275449	0.0	3.2077844311377244		_
com.google.javascript.jscomp.CompilerOptions#void#addWarningsGuard#?,WarningsGuard#1093	6.415302727877578	0.0	3.207651363938789		_
com.google.javascript.rhino.Node#boolean#hasMoreThanOneChild#?#1402	6.4123752495009985	0.0	3.2061876247504992		_
com.google.javascript.jscomp.Compiler#MessageFormatter#createMessageFormatter#?#234	6.411976047904192	0.0	3.205988023952096		_
com.google.javascript.jscomp.Compiler#MessageFormatter#createMessageFormatter#?#235	6.411976047904192	0.0	3.205988023952096		_
com.google.javascript.jscomp.CompilerOptions#boolean#shouldColorizeErrorOutput#?#1261	6.411976047904192	0.0	3.205988023952096		_
com.google.javascript.jscomp.AbstractMessageFormatter#void#setColorize#?,boolean#37	6.411976047904192	0.0	3.205988023952096		_
com.google.javascript.jscomp.Compiler#void#setErrorManager#?,ErrorManager#224	6.4117099135063205	0.0	3.2058549567531602		_
com.google.javascript.jscomp.Compiler#void#setErrorManager#?,ErrorManager#226	6.4117099135063205	0.0	3.2058549567531602		_
com.google.javascript.jscomp.RhinoErrorReporter#?#RhinoErrorReporter#?,AbstractCompiler#71	6.41144377910845	0.0	3.205721889554225		_
com.google.javascript.jscomp.RhinoErrorReporter#?#RhinoErrorReporter#?,AbstractCompiler#72	6.41144377910845	0.0	3.205721889554225		_
com.google.javascript.jscomp.RhinoErrorReporter#com.google.javascript.rhino.head.ErrorReporter#forNewRhino#?,AbstractCompiler#96	6.41144377910845	0.0	3.205721889554225		_
com.google.javascript.jscomp.RhinoErrorReporter#Pattern#replacePlaceHolders#?,String#67	6.41144377910845	0.0	3.205721889554225		_
com.google.javascript.jscomp.RhinoErrorReporter#Pattern#replacePlaceHolders#?,String#66	6.41144377910845	0.0	3.205721889554225		_
com.google.javascript.jscomp.LightweightMessageFormatter#?#LightweightMessageFormatter#?,SourceExcerptProvider#45	6.41144377910845	0.0	3.205721889554225		_
com.google.javascript.jscomp.RhinoErrorReporter$NewRhinoErrorReporter#?#NewRhinoErrorReporter#?,AbstractCompiler#155	6.41144377910845	0.0	3.205721889554225		_
com.google.javascript.jscomp.RhinoErrorReporter#ErrorReporter#forOldRhino#?,AbstractCompiler#100	6.41144377910845	0.0	3.205721889554225		_
com.google.javascript.jscomp.AbstractMessageFormatter#?#AbstractMessageFormatter#?,SourceExcerptProvider#33	6.41144377910845	0.0	3.205721889554225		_
com.google.javascript.jscomp.LightweightMessageFormatter#?#LightweightMessageFormatter#?,SourceExcerptProvider,SourceExcerpt#52	6.41144377910845	0.0	3.205721889554225		_
com.google.javascript.jscomp.LightweightMessageFormatter#?#LightweightMessageFormatter#?,SourceExcerptProvider,SourceExcerpt#50	6.41144377910845	0.0	3.205721889554225		_
com.google.javascript.jscomp.LightweightMessageFormatter#?#LightweightMessageFormatter#?,SourceExcerptProvider,SourceExcerpt#51	6.41144377910845	0.0	3.205721889554225		_
com.google.javascript.jscomp.Compiler#?#Compiler#?,PrintStream#207	6.41144377910845	0.0	3.205721889554225		_
com.google.javascript.jscomp.Compiler#?#Compiler#?,PrintStream#206	6.41144377910845	0.0	3.205721889554225		_
com.google.javascript.jscomp.Compiler#void#addChangeHandler#?,CodeChangeHandler#1928	6.41144377910845	0.0	3.205721889554225		_
com.google.javascript.jscomp.RhinoErrorReporter$OldRhinoErrorReporter#?#OldRhinoErrorReporter#?,AbstractCompiler#135	6.41144377910845	0.0	3.205721889554225		_
com.google.javascript.jscomp.PassFactory#?#PassFactory#?,String,boolean#43	6.4093147039254825	0.0	3.2046573519627413		_
com.google.javascript.jscomp.PassFactory#?#PassFactory#?,String,boolean#44	6.4093147039254825	0.0	3.2046573519627413		_
com.google.javascript.jscomp.ClosureCodingConvention#?#ClosureCodingConvention#?,CodingConvention#50	6.4081170991350636	0.0	3.2040585495675318		_
com.google.javascript.jscomp.ClosureCodingConvention#?#ClosureCodingConvention#?#46	6.4081170991350636	0.0	3.2040585495675318		_
com.google.javascript.jscomp.CodingConventions$Proxy#?#Proxy#?,CodingConvention#59	6.4081170991350636	0.0	3.2040585495675318		_
com.google.javascript.jscomp.CodingConventions#CodingConvention#getDefault#?#41	6.407717897538257	0.0	3.2038589487691285		_
com.google.javascript.jscomp.parsing.IRFactory#Node#transformNameAsString#?,Name#298	6.40705256154358	0.0	3.20352628077179		_
com.google.javascript.jscomp.parsing.IRFactory#Node#transformNameAsString#?,Name#299	6.40705256154358	0.0	3.20352628077179		_
com.google.javascript.jscomp.parsing.IRFactory#Node#transformNameAsString#?,Name#293	6.40705256154358	0.0	3.20352628077179		_
com.google.javascript.jscomp.parsing.IRFactory#Node#transformNameAsString#?,Name#294	6.40705256154358	0.0	3.20352628077179		_
com.google.javascript.jscomp.parsing.IRFactory$TransformDispatcher#Node#transformAsString#?,AstNode#412	6.40705256154358	0.0	3.20352628077179		_
com.google.javascript.jscomp.parsing.IRFactory$TransformDispatcher#Node#processName#?,Name,boolean#775	6.40705256154358	0.0	3.20352628077179		_
com.google.javascript.jscomp.parsing.IRFactory$TransformDispatcher#Node#transformAsString#?,AstNode#410	6.403459747172322	0.0	3.201729873586161		_
com.google.javascript.jscomp.parsing.IRFactory$TransformDispatcher#Node#transformAsString#?,AstNode#420	6.403459747172322	0.0	3.201729873586161		_
com.google.javascript.jscomp.parsing.IRFactory$TransformDispatcher#Node#transformAsString#?,AstNode#421	6.403459747172322	0.0	3.201729873586161		_
com.google.javascript.rhino.Node#boolean#isComma#?#2209	6.400266134397871	0.0	3.2001330671989354		_
com.google.javascript.rhino.jstype.NumberType#String#toStringHelper#?,boolean#97	6.396274118429807	0.0	3.1981370592149037		_
com.google.javascript.rhino.jstype.NumberType#String#getDisplayName#?#102	6.396274118429807	0.0	3.1981370592149037		_
com.google.javascript.rhino.ScriptRuntime#String#getMessage0#?,String#367	6.394278110445775	0.0	3.1971390552228875		_
com.google.javascript.rhino.ScriptRuntime#String#getMessage#?,String,Object[]#380	6.393346640053227	0.0	3.1966733200266133		_
com.google.javascript.rhino.ScriptRuntime#String#getMessage#?,String,Object[]#383	6.393346640053227	0.0	3.1966733200266133		_
com.google.javascript.rhino.ScriptRuntime#String#getMessage#?,String,Object[]#388	6.393346640053227	0.0	3.1966733200266133		_
com.google.javascript.rhino.ScriptRuntime#String#getMessage#?,String,Object[]#386	6.393346640053227	0.0	3.1966733200266133		_
com.google.javascript.rhino.ScriptRuntime#String#getMessage#?,String,Object[]#390	6.393346640053227	0.0	3.1966733200266133		_
com.google.javascript.rhino.ScriptRuntime#String#getMessage#?,String,Object[]#402	6.393346640053227	0.0	3.1966733200266133		_
com.google.javascript.rhino.ScriptRuntime#String#getMessage#?,String,Object[]#403	6.393346640053227	0.0	3.1966733200266133		_
com.google.javascript.jscomp.parsing.IRFactory$TransformDispatcher#Node#processVariableInitializer#?,VariableInitializer#1077	6.389620758483034	0.0	3.194810379241517		_
com.google.javascript.jscomp.parsing.IRFactory$TransformDispatcher#Node#processVariableInitializer#?,VariableInitializer#1082	6.389620758483034	0.0	3.194810379241517		_
com.google.javascript.jscomp.parsing.TypeSafeDispatcher#T#process#?,AstNode#270	6.389620758483034	0.0	3.194810379241517		_
com.google.javascript.jscomp.parsing.TypeSafeDispatcher#T#process#?,AstNode#272	6.389620758483034	0.0	3.194810379241517		_
com.google.javascript.jscomp.parsing.IRFactory$TransformDispatcher#Node#processVariableDeclaration#?,VariableDeclaration#1072	6.389620758483034	0.0	3.194810379241517		_
com.google.javascript.jscomp.parsing.IRFactory$TransformDispatcher#Node#processVariableDeclaration#?,VariableDeclaration#1070	6.389620758483034	0.0	3.194810379241517		_
com.google.javascript.jscomp.parsing.IRFactory$TransformDispatcher#Node#processVariableDeclaration#?,VariableDeclaration#1069	6.389620758483034	0.0	3.194810379241517		_
com.google.javascript.jscomp.parsing.IRFactory$TransformDispatcher#Node#processVariableDeclaration#?,VariableDeclaration#1068	6.389620758483034	0.0	3.194810379241517		_
com.google.javascript.jscomp.Scope#Var#getVar#?,String#542	6.372055888223553	0.0	3.1860279441117765		_
com.google.javascript.rhino.jstype.PrototypeObjectType#?#PrototypeObjectType#?,JSTypeRegistry,String,ObjectType#106	6.371390552228876	0.0	3.185695276114438		_
com.google.javascript.jscomp.NodeTraversal#Scope#getScope#?#598	6.370459081836327	0.0	3.1852295409181637		_
com.google.javascript.jscomp.Scope#Var#getVar#?,String#540	6.3619427811044575	0.0	3.1809713905522288		_
com.google.javascript.jscomp.Scope#boolean#isLocal#?#621	6.350365934797073	0.0	3.1751829673985363		_
com.google.javascript.jscomp.NodeTraversal#Scope#getScope#?#601	6.347704590818363	0.0	3.1738522954091817		_
com.google.javascript.jscomp.NodeTraversal#Scope#getScope#?#604	6.347704590818363	0.0	3.1738522954091817		_
com.google.javascript.jscomp.NodeTraversal#Scope#getScope#?#603	6.347704590818363	0.0	3.1738522954091817		_
com.google.javascript.jscomp.NodeTraversal#Scope#getScope#?#606	6.347704590818363	0.0	3.1738522954091817		_
com.google.javascript.jscomp.NodeTraversal#Scope#getScope#?#608	6.347704590818363	0.0	3.1738522954091817		_
com.google.javascript.jscomp.Scope#boolean#isDeclared#?,String,boolean#571	6.343313373253493	0.0	3.1716566866267466		_
com.google.javascript.jscomp.Scope#boolean#isDeclared#?,String,boolean#564	6.343180306054558	0.0	3.171590153027279		_
com.google.javascript.rhino.jstype.JSType#String#toString#?#1149	6.341583499667332	0.0	3.170791749833666		_
com.google.javascript.jscomp.NodeTraversal#Scope#getScope#?#596	6.3354624085163005	0.0	3.1677312042581502		_
com.google.javascript.jscomp.NodeTraversal#void#popScope#?#587	6.3354624085163005	0.0	3.1677312042581502		_
com.google.javascript.jscomp.Scope#boolean#isGlobal#?#614	6.33519627411843	0.0	3.167598137059215		_
com.google.javascript.jscomp.NodeUtil#JSDocInfo#getBestJSDocInfo#?,Node#3008	6.333200266134398	0.0	3.166600133067199		_
com.google.javascript.jscomp.NodeUtil#JSDocInfo#getBestJSDocInfo#?,Node#3006	6.332934131736527	0.0	3.1664670658682637		_
com.google.javascript.jscomp.NodeUtil#boolean#isGet#?,Node#1506	6.331869594145044	0.0	3.165934797072522		_
com.google.javascript.jscomp.Scope#Var#declare#?,String,Node,JSType,CompilerInput,boolean#512	6.3293413173652695	0.0	3.1646706586826348		_
com.google.javascript.jscomp.Scope#Var#declare#?,String,Node,JSType,CompilerInput,boolean#513	6.3293413173652695	0.0	3.1646706586826348		_
com.google.javascript.jscomp.Scope#Var#declare#?,String,Node,JSType,CompilerInput,boolean#509	6.3293413173652695	0.0	3.1646706586826348		_
com.google.javascript.jscomp.Scope#Var#declare#?,String,Node,JSType,CompilerInput,boolean#503	6.3293413173652695	0.0	3.1646706586826348		_
com.google.javascript.jscomp.Scope#Var#declare#?,String,Node,JSType,CompilerInput,boolean#506	6.3293413173652695	0.0	3.1646706586826348		_
com.google.javascript.jscomp.Scope#Var#declare#?,String,Node,JSType,CompilerInput,boolean#500	6.3293413173652695	0.0	3.1646706586826348		_
com.google.javascript.jscomp.Scope$Var#?#Var#?,boolean,String,Node,JSType,Scope,int,CompilerInput,boolean,JSDocInfo#136	6.3293413173652695	0.0	3.1646706586826348		_
com.google.javascript.jscomp.Scope$Var#?#Var#?,boolean,String,Node,JSType,Scope,int,CompilerInput,boolean,JSDocInfo#134	6.3293413173652695	0.0	3.1646706586826348		_
com.google.javascript.jscomp.Scope$Var#?#Var#?,boolean,String,Node,JSType,Scope,int,CompilerInput,boolean,JSDocInfo#135	6.3293413173652695	0.0	3.1646706586826348		_
com.google.javascript.jscomp.Scope$Var#?#Var#?,boolean,String,Node,JSType,Scope,int,CompilerInput,boolean,JSDocInfo#133	6.3293413173652695	0.0	3.1646706586826348		_
com.google.javascript.jscomp.Scope$Var#?#Var#?,boolean,String,Node,JSType,Scope,int,CompilerInput,boolean,JSDocInfo#139	6.3293413173652695	0.0	3.1646706586826348		_
com.google.javascript.jscomp.Scope$Var#?#Var#?,boolean,String,Node,JSType,Scope,int,CompilerInput,boolean,JSDocInfo#138	6.3293413173652695	0.0	3.1646706586826348		_
com.google.javascript.jscomp.Scope$Var#?#Var#?,boolean,String,Node,JSType,Scope,int,CompilerInput,boolean,JSDocInfo#141	6.3293413173652695	0.0	3.1646706586826348		_
com.google.javascript.jscomp.Scope$Var#?#Var#?,boolean,String,Node,JSType,Scope,int,CompilerInput,boolean,JSDocInfo#140	6.3293413173652695	0.0	3.1646706586826348		_
com.google.javascript.jscomp.Compiler#CompilerInput#getInput#?,InputId#1000	6.319627411842981	0.0	3.1598137059214904		_
com.google.javascript.jscomp.NodeUtil#boolean#isObjectLitKey#?,Node,Node#2052	6.31816367265469	0.0	3.159081836327345		_
com.google.javascript.jscomp.NodeUtil#boolean#isObjectLitKey#?,Node,Node#2046	6.317498336660013	0.0	3.1587491683300066		_
com.google.javascript.jscomp.Scope#?#Scope#?,Node,AbstractCompiler#415	6.316566866267465	0.0	3.1582834331337324		_
com.google.javascript.jscomp.Scope#?#Scope#?,Node,AbstractCompiler#414	6.316566866267465	0.0	3.1582834331337324		_
com.google.javascript.jscomp.Scope#?#Scope#?,Node,AbstractCompiler#416	6.316566866267465	0.0	3.1582834331337324		_
com.google.javascript.jscomp.Scope#?#Scope#?,Node,AbstractCompiler#413	6.316566866267465	0.0	3.1582834331337324		_
com.google.javascript.jscomp.Scope#?#Scope#?,Node,AbstractCompiler#412	6.316566866267465	0.0	3.1582834331337324		_
com.google.javascript.jscomp.NodeUtil#boolean#isControlStructure#?,Node#1621	6.314038589487692	0.0	3.157019294743846		_
com.google.javascript.jscomp.NodeUtil#boolean#isControlStructure#?,Node#1635	6.314038589487692	0.0	3.157019294743846		_
com.google.javascript.jscomp.NodeTraversal$AbstractPostOrderCallback#boolean#shouldTraverse#?,NodeTraversal,Node,Node#133	6.302727877578177	0.0	3.1513639387890886		_
com.google.javascript.jscomp.NodeUtil#boolean#isStatementBlock#?,Node#1699	6.299534264803726	0.0	3.149767132401863		_
com.google.javascript.rhino.Node#boolean#isString#?#2349	6.297538256819694	0.0	3.148769128409847		_
com.google.javascript.jscomp.parsing.IRFactory#Node#newNode#?,int,Node,Node#1340	6.28915502328676	0.0	3.14457751164338		_
com.google.javascript.rhino.Node#boolean#hasChildren#?#537	6.28769128409847	0.0	3.143845642049235		_
com.google.javascript.rhino.Node#?#Node#?,int,Node,Node#388	6.280904856952761	0.0	3.1404524284763804		_
com.google.javascript.rhino.Node#?#Node#?,int,Node,Node#386	6.280904856952761	0.0	3.1404524284763804		_
com.google.javascript.rhino.Node#?#Node#?,int,Node,Node#384	6.280904856952761	0.0	3.1404524284763804		_
com.google.javascript.rhino.Node#?#Node#?,int,Node,Node#382	6.280904856952761	0.0	3.1404524284763804		_
com.google.javascript.rhino.Node#?#Node#?,int,Node,Node#394	6.280904856952761	0.0	3.1404524284763804		_
com.google.javascript.rhino.Node#?#Node#?,int,Node,Node#395	6.280904856952761	0.0	3.1404524284763804		_
com.google.javascript.rhino.Node#?#Node#?,int,Node,Node#396	6.280904856952761	0.0	3.1404524284763804		_
com.google.javascript.rhino.Node#?#Node#?,int,Node,Node#397	6.280904856952761	0.0	3.1404524284763804		_
com.google.javascript.rhino.Node#?#Node#?,int,Node,Node#391	6.280904856952761	0.0	3.1404524284763804		_
com.google.javascript.rhino.Node#?#Node#?,int,Node,Node#392	6.280904856952761	0.0	3.1404524284763804		_
com.google.javascript.rhino.Node#?#Node#?,int,Node,Node#393	6.280904856952761	0.0	3.1404524284763804		_
com.google.javascript.rhino.Node#?#Node#?,int,Node#370	6.268662674650699	0.0	3.1343313373253494		_
com.google.javascript.rhino.Node#?#Node#?,int,Node#377	6.268662674650699	0.0	3.1343313373253494		_
com.google.javascript.rhino.Node#?#Node#?,int,Node#375	6.268662674650699	0.0	3.1343313373253494		_
com.google.javascript.rhino.Node#?#Node#?,int,Node#376	6.268662674650699	0.0	3.1343313373253494		_
com.google.javascript.rhino.Node#?#Node#?,int,Node#374	6.268662674650699	0.0	3.1343313373253494		_
com.google.javascript.rhino.Node#?#Node#?,int,Node#368	6.268662674650699	0.0	3.1343313373253494		_
com.google.javascript.jscomp.Compiler#JSError[]#getWarnings#?#945	6.261743180306055	0.0	3.1308715901530273		_
com.google.javascript.jscomp.BasicErrorManager#JSError[]#getWarnings#?#91	6.261743180306055	0.0	3.1308715901530273		_
com.google.javascript.jscomp.Compiler#Config#getParserConfig#?#1989	6.25894876912841	0.0	3.129474384564205		_
com.google.javascript.jscomp.Compiler#Config#getParserConfig#?#1988	6.25894876912841	0.0	3.129474384564205		_
com.google.javascript.jscomp.Compiler#void#init#?,List<T1>,List<T2>,CompilerOptions#325	6.258549567531603	0.0	3.1292747837658017		_
com.google.javascript.jscomp.Compiler#void#init#?,List<T1>,List<T2>,CompilerOptions#324	6.258549567531603	0.0	3.1292747837658017		_
com.google.javascript.jscomp.Compiler#void#init#?,List<T1>,List<T2>,CompilerOptions#328	6.258283433133733	0.0	3.1291417165668665		_
com.google.javascript.jscomp.Compiler#void#init#?,List<T1>,List<T2>,CompilerOptions#323	6.258283433133733	0.0	3.1291417165668665		_
com.google.javascript.jscomp.parsing.IRFactory#?#IRFactory#?,String,StaticSourceFile,Config,ErrorReporter#157	6.25748502994012	0.0	3.12874251497006		_
com.google.javascript.jscomp.parsing.IRFactory#?#IRFactory#?,String,StaticSourceFile,Config,ErrorReporter#156	6.25748502994012	0.0	3.12874251497006		_
com.google.javascript.jscomp.Compiler#List<CompilerInput>#makeCompilerInput#?,List<T>,boolean#392	6.256819693945443	0.0	3.1284098469727213		_
com.google.javascript.jscomp.Compiler#List<CompilerInput>#makeCompilerInput#?,List<T>,boolean#391	6.256819693945443	0.0	3.1284098469727213		_
com.google.javascript.jscomp.Compiler#void#initInputsByIdMap#?#486	6.256819693945443	0.0	3.1284098469727213		_
com.google.javascript.jscomp.Compiler#void#initInputsByIdMap#?#485	6.256819693945443	0.0	3.1284098469727213		_
com.google.javascript.jscomp.Compiler#void#initInputsByIdMap#?#484	6.256819693945443	0.0	3.1284098469727213		_
com.google.javascript.jscomp.Compiler#void#initModules#?,List<T>,List<JSModule>,CompilerOptions#368	6.255622089155024	0.0	3.127811044577512		_
com.google.javascript.jscomp.Compiler#List<CompilerInput>#getAllInputsFromModules#?,List<JSModule>#469	6.254424484364604	0.0	3.127212242182302		_
com.google.javascript.jscomp.Compiler#List<CompilerInput>#getAllInputsFromModules#?,List<JSModule>#460	6.254424484364604	0.0	3.127212242182302		_
com.google.javascript.jscomp.Compiler#List<CompilerInput>#getAllInputsFromModules#?,List<JSModule>#466	6.254424484364604	0.0	3.127212242182302		_
com.google.javascript.jscomp.Compiler#List<CompilerInput>#getAllInputsFromModules#?,List<JSModule>#465	6.254424484364604	0.0	3.127212242182302		_
com.google.javascript.jscomp.Compiler#List<CompilerInput>#getAllInputsFromModules#?,List<JSModule>#458	6.254424484364604	0.0	3.127212242182302		_
com.google.javascript.jscomp.Compiler#List<CompilerInput>#getAllInputsFromModules#?,List<JSModule>#457	6.254424484364604	0.0	3.127212242182302		_
com.google.javascript.jscomp.Compiler#List<CompilerInput>#getAllInputsFromModules#?,List<JSModule>#459	6.254424484364604	0.0	3.127212242182302		_
com.google.javascript.jscomp.Compiler#List<CompilerInput>#getAllInputsFromModules#?,List<JSModule>#456	6.254424484364604	0.0	3.127212242182302		_
com.google.javascript.jscomp.Compiler#void#initModules#?,List<T>,List<JSModule>,CompilerOptions#371	6.254424484364604	0.0	3.127212242182302		_
com.google.javascript.jscomp.Compiler#void#initModules#?,List<T>,List<JSModule>,CompilerOptions#374	6.254424484364604	0.0	3.127212242182302		_
com.google.javascript.jscomp.Compiler#void#initModules#?,List<T>,List<JSModule>,CompilerOptions#372	6.254424484364604	0.0	3.127212242182302		_
com.google.javascript.jscomp.Compiler#void#initModules#?,List<T>,List<JSModule>,CompilerOptions#347	6.254424484364604	0.0	3.127212242182302		_
com.google.javascript.jscomp.Compiler#void#initModules#?,List<T>,List<JSModule>,CompilerOptions#349	6.254424484364604	0.0	3.127212242182302		_
com.google.javascript.jscomp.Compiler#void#initModules#?,List<T>,List<JSModule>,CompilerOptions#352	6.254424484364604	0.0	3.127212242182302		_
com.google.javascript.jscomp.Compiler#void#initModules#?,List<T>,List<JSModule>,CompilerOptions#350	6.254424484364604	0.0	3.127212242182302		_
com.google.javascript.jscomp.Compiler#void#initModules#?,List<T>,List<JSModule>,CompilerOptions#356	6.254424484364604	0.0	3.127212242182302		_
com.google.javascript.jscomp.Compiler#List<CompilerInput>#makeCompilerInput#?,List<T>,boolean#394	6.254424484364604	0.0	3.127212242182302		_
com.google.javascript.jscomp.Compiler#List<CompilerInput>#makeCompilerInput#?,List<T>,boolean#390	6.254424484364604	0.0	3.127212242182302		_
com.google.javascript.jscomp.Compiler#void#initInputsByIdMap#?#493	6.254424484364604	0.0	3.127212242182302		_
com.google.javascript.jscomp.Compiler#void#initInputsByIdMap#?#492	6.254424484364604	0.0	3.127212242182302		_
com.google.javascript.jscomp.Compiler#void#initInputsByIdMap#?#491	6.254424484364604	0.0	3.127212242182302		_
com.google.javascript.jscomp.Compiler#void#initInputsByIdMap#?#483	6.254424484364604	0.0	3.127212242182302		_
com.google.javascript.jscomp.Compiler#void#fillEmptyModules#?,List<JSModule>#432	6.254424484364604	0.0	3.127212242182302		_
com.google.javascript.jscomp.JSModule#?#JSModule#?,String#64	6.2542914171656685	0.0	3.1271457085828342		_
com.google.javascript.jscomp.JSModule#?#JSModule#?,String#63	6.2542914171656685	0.0	3.1271457085828342		_
com.google.javascript.jscomp.JSModule#void#add#?,SourceFile#94	6.253892215568863	0.0	3.1269461077844314		_
com.google.javascript.jscomp.CompilerInput#void#setModule#?,JSModule#328	6.253626081170991	0.0	3.1268130405854957		_
com.google.javascript.jscomp.CompilerInput#void#setModule#?,JSModule#326	6.253626081170991	0.0	3.1268130405854957		_
com.google.javascript.jscomp.JSModule#void#add#?,CompilerInput#104	6.253626081170991	0.0	3.1268130405854957		_
com.google.javascript.jscomp.JSModule#void#add#?,CompilerInput#105	6.253626081170991	0.0	3.1268130405854957		_
com.google.javascript.jscomp.JSModule#List<CompilerInput>#getInputs#?#205	6.253493013972056	0.0	3.126746506986028		_
com.google.javascript.jscomp.CompilerInput#String#getName#?#100	6.252561543579508	0.0	3.126280771789754		_
com.google.javascript.rhino.jstype.FunctionParamBuilder#boolean#addOptionalParams#?,JSType#87	6.251630073186959	0.0	3.1258150365934796		_
com.google.javascript.rhino.jstype.FunctionParamBuilder#boolean#addOptionalParams#?,JSType#85	6.251630073186959	0.0	3.1258150365934796		_
com.google.javascript.rhino.jstype.FunctionParamBuilder#boolean#addOptionalParams#?,JSType#84	6.251630073186959	0.0	3.1258150365934796		_
com.google.javascript.rhino.Node#void#setOptionalArg#?,boolean#1905	6.251363938789089	0.0	3.1256819693945443		_
com.google.javascript.rhino.InputId#String#getIdName#?#56	6.249900199600798	0.0	3.124950099800399		_
com.google.javascript.rhino.jstype.JSTypeRegistry#JSType#createOptionalType#?,JSType#957	6.249101796407186	0.0	3.124550898203593		_
com.google.javascript.rhino.Node#boolean#isGetProp#?#2265	6.248037258815702	0.0	3.124018629407851		_
com.google.javascript.rhino.jstype.FunctionParamBuilder#boolean#addVarArgs#?,JSType#105	6.247904191616766	0.0	3.123952095808383		_
com.google.javascript.rhino.jstype.FunctionParamBuilder#boolean#addVarArgs#?,JSType#108	6.247904191616766	0.0	3.123952095808383		_
com.google.javascript.rhino.jstype.FunctionParamBuilder#boolean#addVarArgs#?,JSType#107	6.247904191616766	0.0	3.123952095808383		_
com.google.javascript.rhino.Node#void#setVarArgs#?,boolean#1887	6.247638057218896	0.0	3.123819028609448		_
com.google.javascript.rhino.jstype.FunctionParamBuilder#boolean#hasVarArgs#?#153	6.24750499001996	0.0	3.12375249500998		_
com.google.javascript.rhino.jstype.FunctionParamBuilder#boolean#hasVarArgs#?#152	6.24750499001996	0.0	3.12375249500998		_
com.google.javascript.rhino.jstype.JSTypeRegistry#void#register#?,JSType,String#592	6.245642049234863	0.0	3.1228210246174317		_
com.google.javascript.rhino.jstype.JSTypeRegistry#ArrowType#createArrowType#?,Node,JSType#1030	6.245508982035928	0.0	3.122754491017964		_
com.google.javascript.rhino.jstype.FunctionType#?#FunctionType#?,JSTypeRegistry,String,Node,ArrowType,ObjectType,String,boolean,boolean#144	6.245242847638057	0.0	3.1226214238190284		_
com.google.javascript.rhino.Node#boolean#isAssign#?#2181	6.24457751164338	0.0	3.12228875582169		_
com.google.javascript.rhino.jstype.ArrowType#?#ArrowType#?,JSTypeRegistry,Node,JSType#64	6.244178310046573	0.0	3.1220891550232865		_
com.google.javascript.rhino.jstype.InstanceObjectType#?#InstanceObjectType#?,JSTypeRegistry,FunctionType,boolean#60	6.244045242847638	0.0	3.122022621423819		_
com.google.javascript.rhino.jstype.InstanceObjectType#?#InstanceObjectType#?,JSTypeRegistry,FunctionType,boolean#61	6.244045242847638	0.0	3.122022621423819		_
com.google.javascript.rhino.jstype.InstanceObjectType#?#InstanceObjectType#?,JSTypeRegistry,FunctionType,boolean#62	6.244045242847638	0.0	3.122022621423819		_
com.google.javascript.rhino.jstype.AllType#boolean#isAllType#?#58	6.243779108449767	0.0	3.1218895542248837		_
com.google.javascript.rhino.jstype.FunctionType#FunctionType#getSuperClassConstructor#?#768	6.243646041250832	0.0	3.121823020625416		_
com.google.javascript.rhino.jstype.UnionTypeBuilder#UnionTypeBuilder#addAlternate#?,JSType#201	6.241250831669993	0.0	3.1206254158349966		_
com.google.javascript.rhino.Node#boolean#hasOneChild#?#1392	6.2401862940785096	0.0	3.1200931470392548		_
com.google.javascript.rhino.jstype.FunctionParamBuilder#boolean#addRequiredParams#?,JSType#70	6.239254823685961	0.0	3.1196274118429805		_
com.google.javascript.rhino.jstype.FunctionParamBuilder#boolean#addRequiredParams#?,JSType#68	6.239254823685961	0.0	3.1196274118429805		_
com.google.javascript.rhino.jstype.FunctionParamBuilder#boolean#addRequiredParams#?,JSType#67	6.239254823685961	0.0	3.1196274118429805		_
com.google.javascript.rhino.jstype.FunctionParamBuilder#boolean#hasOptionalOrVarArgs#?#147	6.239254823685961	0.0	3.1196274118429805		_
com.google.javascript.rhino.jstype.FunctionParamBuilder#boolean#hasOptionalOrVarArgs#?#146	6.239254823685961	0.0	3.1196274118429805		_
com.google.javascript.rhino.jstype.FunctionParamBuilder#Node#newParameter#?,JSType#138	6.236194278110446	0.0	3.118097139055223		_
com.google.javascript.rhino.jstype.FunctionParamBuilder#Node#newParameter#?,JSType#137	6.236194278110446	0.0	3.118097139055223		_
com.google.javascript.rhino.jstype.FunctionParamBuilder#Node#newParameter#?,JSType#136	6.236194278110446	0.0	3.118097139055223		_
com.google.javascript.rhino.jstype.FunctionParamBuilder#Node#newParameter#?,JSType#135	6.236194278110446	0.0	3.118097139055223		_
com.google.javascript.rhino.jstype.JSTypeRegistry#void#addReferenceTypeIndexedByProperty#?,String,JSType#637	6.235129740518962	0.0	3.117564870259481		_
com.google.javascript.rhino.jstype.JSTypeRegistry#void#addReferenceTypeIndexedByProperty#?,String,JSType#638	6.235129740518962	0.0	3.117564870259481		_
com.google.javascript.rhino.jstype.JSTypeRegistry#void#addReferenceTypeIndexedByProperty#?,String,JSType#634	6.234996673320026	0.0	3.117498336660013		_
com.google.javascript.rhino.jstype.JSTypeRegistry#void#addReferenceTypeIndexedByProperty#?,String,JSType#640	6.234996673320026	0.0	3.117498336660013		_
com.google.javascript.rhino.jstype.JSTypeRegistry#void#addReferenceTypeIndexedByProperty#?,String,JSType#641	6.234996673320026	0.0	3.117498336660013		_
com.google.javascript.jscomp.parsing.TypeSafeDispatcher#T#process#?,AstNode#205	6.233666001330672	0.0	3.116833000665336		_
com.google.javascript.jscomp.parsing.IRFactory$TransformDispatcher#Node#processExpressionStatement#?,ExpressionStatement#580	6.233666001330672	0.0	3.116833000665336		_
com.google.javascript.jscomp.parsing.IRFactory$TransformDispatcher#Node#processExpressionStatement#?,ExpressionStatement#578	6.233666001330672	0.0	3.116833000665336		_
com.google.javascript.jscomp.parsing.IRFactory$TransformDispatcher#Node#processExpressionStatement#?,ExpressionStatement#579	6.233666001330672	0.0	3.116833000665336		_
com.google.javascript.rhino.jstype.JSTypeRegistry#void#registerPropertyOnType#?,String,JSType#620	6.232335329341318	0.0	3.116167664670659		_
com.google.javascript.rhino.jstype.JSTypeRegistry#void#registerPropertyOnType#?,String,JSType#621	6.232335329341318	0.0	3.116167664670659		_
com.google.javascript.rhino.jstype.JSTypeRegistry#void#registerPropertyOnType#?,String,JSType#624	6.231137724550898	0.0	3.115568862275449		_
com.google.javascript.rhino.jstype.JSTypeRegistry#void#registerPropertyOnType#?,String,JSType#625	6.231137724550898	0.0	3.115568862275449		_
com.google.javascript.rhino.jstype.JSTypeRegistry#void#registerPropertyOnType#?,String,JSType#628	6.231137724550898	0.0	3.115568862275449		_
com.google.javascript.rhino.jstype.JSTypeRegistry#void#registerPropertyOnType#?,String,JSType#618	6.231137724550898	0.0	3.115568862275449		_
com.google.javascript.rhino.jstype.PrototypeObjectType#?#PrototypeObjectType#?,JSTypeRegistry,String,ObjectType,boolean#122	6.2303393213572855	0.0	3.1151696606786428		_
com.google.javascript.rhino.jstype.JSType#boolean#isEmptyType#?#157	6.226746506986028	0.0	3.113373253493014		_
com.google.javascript.rhino.jstype.FunctionBuilder#FunctionBuilder#withParamsNode#?,Node#90	6.225548902195609	0.0	3.1127744510978044		_
com.google.javascript.rhino.jstype.FunctionBuilder#FunctionBuilder#withParamsNode#?,Node#91	6.225548902195609	0.0	3.1127744510978044		_
com.google.javascript.rhino.jstype.NoType#boolean#isNoType#?#75	6.223020625415835	0.0	3.1115103127079173		_
com.google.javascript.rhino.jstype.JSType#JSType#getNativeType#?,JSTypeNative#111	6.221956087824351	0.0	3.1109780439121755		_
com.google.javascript.rhino.jstype.FunctionType#?#FunctionType#?,JSTypeRegistry,String,Node,ArrowType,ObjectType,String,boolean,boolean#147	6.221423819028609	0.0	3.1107119095143045		_
com.google.javascript.rhino.jstype.FunctionBuilder#?#FunctionBuilder#?,JSTypeRegistry#65	6.221157684630739	0.0	3.1105788423153693		_
com.google.javascript.rhino.jstype.FunctionBuilder#FunctionType#build#?#159	6.221157684630739	0.0	3.1105788423153693		_
com.google.javascript.jscomp.NodeUtil#InputId#getInputId#?,Node#2863	6.220758483033932	0.0	3.110379241516966		_
com.google.javascript.jscomp.Compiler#JSError[]#getErrors#?#938	6.220359281437126	0.0	3.110179640718563		_
com.google.javascript.jscomp.BasicErrorManager#JSError[]#getErrors#?#86	6.22022621423819	0.0	3.110113107119095		_
com.google.javascript.jscomp.BasicErrorManager#JSError[]#toArray#?,CheckLevel#111	6.218496340652029	0.0	3.1092481703260146		_
com.google.javascript.jscomp.BasicErrorManager#JSError[]#toArray#?,CheckLevel#105	6.218496340652029	0.0	3.1092481703260146		_
com.google.javascript.jscomp.Compiler#JSTypeRegistry#getTypeRegistry#?#1143	6.217964071856287	0.0	3.1089820359281437		_
com.google.javascript.rhino.jstype.FunctionParamBuilder#Node#build#?#142	6.21729873586161	0.0	3.108649367930805		_
com.google.javascript.rhino.jstype.FunctionParamBuilder#?#FunctionParamBuilder#?,JSTypeRegistry#55	6.21729873586161	0.0	3.108649367930805		_
com.google.javascript.rhino.jstype.FunctionType#?#FunctionType#?,JSTypeRegistry,String,Node,ArrowType,ObjectType,String,boolean,boolean#151	6.217032601463739	0.0	3.1085163007318695		_
com.google.javascript.rhino.jstype.FunctionType#?#FunctionType#?,JSTypeRegistry,String,Node,ArrowType,ObjectType,String,boolean,boolean#152	6.217032601463739	0.0	3.1085163007318695		_
com.google.javascript.rhino.jstype.FunctionType#?#FunctionType#?,JSTypeRegistry,String,Node,ArrowType,ObjectType,String,boolean,boolean#142	6.217032601463739	0.0	3.1085163007318695		_
com.google.javascript.rhino.jstype.FunctionType#?#FunctionType#?,JSTypeRegistry,String,Node,ArrowType,ObjectType,String,boolean,boolean#141	6.217032601463739	0.0	3.1085163007318695		_
com.google.javascript.rhino.jstype.FunctionType#?#FunctionType#?,JSTypeRegistry,String,Node,ArrowType,ObjectType,String,boolean,boolean#140	6.217032601463739	0.0	3.1085163007318695		_
com.google.javascript.rhino.jstype.FunctionType#?#FunctionType#?,JSTypeRegistry,String,Node,ArrowType,ObjectType,String,boolean,boolean#138	6.217032601463739	0.0	3.1085163007318695		_
com.google.javascript.rhino.jstype.FunctionType#?#FunctionType#?,JSTypeRegistry,String,Node,ArrowType,ObjectType,String,boolean,boolean#133	6.217032601463739	0.0	3.1085163007318695		_
com.google.javascript.rhino.jstype.FunctionType#?#FunctionType#?,JSTypeRegistry,String,Node,ArrowType,ObjectType,String,boolean,boolean#136	6.217032601463739	0.0	3.1085163007318695		_
com.google.javascript.rhino.jstype.FunctionType#boolean#hasCachedValues#?#1089	6.216234198270127	0.0	3.1081170991350633		_
com.google.javascript.rhino.jstype.ArrowType#?#ArrowType#?,JSTypeRegistry,Node,JSType,boolean#71	6.216234198270127	0.0	3.1081170991350633		_
com.google.javascript.rhino.jstype.ArrowType#?#ArrowType#?,JSTypeRegistry,Node,JSType,boolean#69	6.216234198270127	0.0	3.1081170991350633		_
com.google.javascript.rhino.jstype.ArrowType#?#ArrowType#?,JSTypeRegistry,Node,JSType,boolean#74	6.216234198270127	0.0	3.1081170991350633		_
com.google.javascript.rhino.jstype.ArrowType#?#ArrowType#?,JSTypeRegistry,Node,JSType,boolean#76	6.216234198270127	0.0	3.1081170991350633		_
com.google.javascript.rhino.jstype.JSType#boolean#isNoObjectType#?#153	6.21583499667332	0.0	3.10791749833666		_
com.google.javascript.rhino.jstype.ObjectType#boolean#isImplicitPrototype#?,ObjectType#477	6.215701929474385	0.0	3.1078509647371924		_
com.google.javascript.rhino.jstype.PrototypeObjectType#boolean#isSubtype#?,JSType#490	6.215169660678643	0.0	3.1075848303393214		_
com.google.javascript.rhino.jstype.PrototypeObjectType#boolean#isSubtype#?,JSType#465	6.215169660678643	0.0	3.1075848303393214		_
com.google.javascript.rhino.jstype.PrototypeObjectType#boolean#isSubtype#?,JSType#464	6.215169660678643	0.0	3.1075848303393214		_
com.google.javascript.rhino.jstype.PrototypeObjectType#boolean#implicitPrototypeChainIsUnknown#?#501	6.215169660678643	0.0	3.1075848303393214		_
com.google.javascript.rhino.jstype.PrototypeObjectType#boolean#implicitPrototypeChainIsUnknown#?#499	6.215169660678643	0.0	3.1075848303393214		_
com.google.javascript.rhino.jstype.PrototypeObjectType#boolean#implicitPrototypeChainIsUnknown#?#494	6.215169660678643	0.0	3.1075848303393214		_
com.google.javascript.rhino.jstype.PrototypeObjectType#FunctionType#getOwnerFunction#?#523	6.214637391882901	0.0	3.1073186959414505		_
com.google.javascript.rhino.jstype.PrototypeObjectType#Iterable<ObjectType>#getCtorExtendedInterfaces#?#535	6.214637391882901	0.0	3.1073186959414505		_
com.google.javascript.rhino.jstype.FunctionType#ObjectType#getPrototype#?#311	6.214637391882901	0.0	3.1073186959414505		_
com.google.javascript.rhino.jstype.FunctionType#ObjectType#getPrototype#?#320	6.214637391882901	0.0	3.1073186959414505		_
com.google.javascript.rhino.jstype.FunctionType#void#addSubType#?,FunctionType#1054	6.214504324683966	0.0	3.107252162341983		_
com.google.javascript.rhino.jstype.ObjectType#boolean#isFunctionPrototypeType#?#547	6.214504324683966	0.0	3.107252162341983		_
com.google.javascript.rhino.jstype.FunctionType#boolean#setPrototype#?,ObjectType,Node#400	6.214504324683966	0.0	3.107252162341983		_
com.google.javascript.rhino.jstype.JSType#RecordType#toMaybeRecordType#?#326	6.21437125748503	0.0	3.107185628742515		_
com.google.javascript.rhino.jstype.FunctionType#FunctionType#getSuperClassConstructor#?#770	6.214238190286094	0.0	3.107119095143047		_
com.google.javascript.rhino.jstype.FunctionType#FunctionType#getSuperClassConstructor#?#765	6.214238190286094	0.0	3.107119095143047		_
com.google.javascript.rhino.jstype.FunctionType#FunctionType#getSuperClassConstructor#?#766	6.214238190286094	0.0	3.107119095143047		_
com.google.javascript.rhino.jstype.PrototypeObjectType#void#setOwnerFunction#?,FunctionType#518	6.214238190286094	0.0	3.107119095143047		_
com.google.javascript.rhino.jstype.PrototypeObjectType#void#setOwnerFunction#?,FunctionType#517	6.214238190286094	0.0	3.107119095143047		_
com.google.javascript.rhino.jstype.FunctionType#boolean#setPrototype#?,ObjectType,Node#385	6.214238190286094	0.0	3.107119095143047		_
com.google.javascript.rhino.jstype.FunctionType#boolean#setPrototype#?,ObjectType,Node#387	6.214238190286094	0.0	3.107119095143047		_
com.google.javascript.rhino.jstype.FunctionType#boolean#setPrototype#?,ObjectType,Node#383	6.214238190286094	0.0	3.107119095143047		_
com.google.javascript.rhino.jstype.FunctionType#boolean#setPrototype#?,ObjectType,Node#389	6.214238190286094	0.0	3.107119095143047		_
com.google.javascript.rhino.jstype.FunctionType#boolean#setPrototype#?,ObjectType,Node#398	6.214238190286094	0.0	3.107119095143047		_
com.google.javascript.rhino.jstype.FunctionType#boolean#setPrototype#?,ObjectType,Node#416	6.214238190286094	0.0	3.107119095143047		_
com.google.javascript.rhino.jstype.InstanceObjectType#boolean#isEquivalentTo#?,JSType#166	6.214105123087159	0.0	3.1070525615435796		_
com.google.javascript.rhino.jstype.JSType#boolean#isRecordType#?#318	6.213040585495675	0.0	3.1065202927478377		_
com.google.javascript.rhino.jstype.InstanceObjectType#boolean#isEquivalentTo#?,JSType#161	6.212242182302062	0.0	3.106121091151031		_
com.google.javascript.rhino.jstype.InstanceObjectType#boolean#isNominalType#?#153	6.212109115103127	0.0	3.1060545575515635		_
com.google.javascript.rhino.jstype.FunctionType#ObjectType#getInstanceType#?#997	6.211044577511643	0.0	3.1055222887558216		_
com.google.javascript.rhino.jstype.FunctionType#ObjectType#getInstanceType#?#996	6.211044577511643	0.0	3.1055222887558216		_
com.google.javascript.rhino.jstype.FunctionType#boolean#hasInstanceType#?#1012	6.211044577511643	0.0	3.1055222887558216		_
com.google.javascript.rhino.jstype.JSTypeRegistry#FunctionType#getNativeFunctionType#?,JSTypeNative#883	6.210778443113773	0.0	3.1053892215568863		_
com.google.javascript.rhino.jstype.FunctionType#FunctionType#toMaybeFunctionType#?#199	6.209846972721224	0.0	3.104923486360612		_
com.google.javascript.rhino.jstype.ObjectType$Property#?#Property#?,String,JSType,boolean,Node#606	6.209314703925482	0.0	3.104657351962741		_
com.google.javascript.rhino.jstype.ObjectType$Property#?#Property#?,String,JSType,boolean,Node#605	6.209314703925482	0.0	3.104657351962741		_
com.google.javascript.rhino.jstype.ObjectType$Property#?#Property#?,String,JSType,boolean,Node#604	6.209314703925482	0.0	3.104657351962741		_
com.google.javascript.rhino.jstype.ObjectType$Property#?#Property#?,String,JSType,boolean,Node#607	6.209314703925482	0.0	3.104657351962741		_
com.google.javascript.rhino.jstype.PrototypeObjectType#void#setPrettyPrint#?,boolean#399	6.2087824351297405	0.0	3.1043912175648702		_
com.google.javascript.rhino.jstype.InstanceObjectType#Iterable<ObjectType>#getCtorExtendedInterfaces#?#189	6.207850964737192	0.0	3.103925482368596		_
com.google.javascript.rhino.jstype.InstanceObjectType#boolean#hasReferenceName#?#72	6.206786427145708	0.0	3.103393213572854		_
com.google.javascript.rhino.jstype.PrototypeObjectType#?#PrototypeObjectType#?,JSTypeRegistry,String,ObjectType,boolean#120	6.2057218895542245	0.0	3.1028609447771123		_
com.google.javascript.rhino.jstype.FunctionType#Iterable<ObjectType>#getExtendedInterfaces#?#505	6.205322687957419	0.0	3.1026613439787094		_
com.google.javascript.rhino.jstype.FunctionType#boolean#isConstructor#?#184	6.205322687957419	0.0	3.1026613439787094		_
com.google.javascript.rhino.Node#boolean#isBlock#?#2189	6.204657351962741	0.0	3.1023286759813704		_
com.google.javascript.rhino.jstype.PrototypeObjectType#boolean#hasReferenceName#?#440	6.203326679973387	0.0	3.1016633399866933		_
com.google.javascript.rhino.jstype.ObjectType#ObjectType#cast#?,JSType#542	6.2026613439787095	0.0	3.1013306719893547		_
com.google.javascript.rhino.jstype.ObjectType#boolean#isUnknownType#?#497	6.202528276779773	0.0	3.1012641383898867		_
com.google.javascript.rhino.jstype.JSType#ObjectType#toObjectType#?#555	6.202262142381903	0.0	3.1011310711909514		_
com.google.javascript.rhino.jstype.InstanceObjectType#String#getReferenceName#?#67	6.201996007984032	0.0	3.100998003992016		_
com.google.javascript.rhino.jstype.ObjectType#boolean#isUnknownType#?#494	6.201862940785096	0.0	3.100931470392548		_
com.google.javascript.rhino.jstype.ObjectType#boolean#hasCachedValues#?#522	6.201596806387226	0.0	3.100798403193613		_
com.google.javascript.rhino.jstype.PrototypeObjectType#boolean#hasCachedValues#?#506	6.201596806387226	0.0	3.100798403193613		_
com.google.javascript.rhino.jstype.PrototypeObjectType#?#PrototypeObjectType#?,JSTypeRegistry,String,ObjectType,boolean#116	6.201596806387226	0.0	3.100798403193613		_
com.google.javascript.rhino.jstype.PrototypeObjectType#?#PrototypeObjectType#?,JSTypeRegistry,String,ObjectType,boolean#115	6.201596806387226	0.0	3.100798403193613		_
com.google.javascript.rhino.jstype.PrototypeObjectType#?#PrototypeObjectType#?,JSTypeRegistry,String,ObjectType,boolean#118	6.201596806387226	0.0	3.100798403193613		_
com.google.javascript.rhino.jstype.PrototypeObjectType#?#PrototypeObjectType#?,JSTypeRegistry,String,ObjectType,boolean#117	6.201596806387226	0.0	3.100798403193613		_
com.google.javascript.rhino.jstype.PrototypeObjectType#void#setImplicitPrototype#?,ObjectType#423	6.201596806387226	0.0	3.100798403193613		_
com.google.javascript.rhino.jstype.PrototypeObjectType#void#setImplicitPrototype#?,ObjectType#424	6.201596806387226	0.0	3.100798403193613		_
com.google.javascript.rhino.jstype.PrototypeObjectType#boolean#isNativeObjectType#?#512	6.201330671989354	0.0	3.100665335994677		_
com.google.javascript.rhino.Node#boolean#isVar#?#2381	6.199201596806387	0.0	3.0996007984031935		_
com.google.javascript.rhino.Node#boolean#getBooleanProp#?,int#822	6.199201596806387	0.0	3.0996007984031935		_
com.google.javascript.rhino.jstype.JSTypeRegistry#JSType#createUnionType#?,JSType#994	6.198669328010645	0.0	3.0993346640053225		_
com.google.javascript.rhino.jstype.JSTypeRegistry#JSType#createUnionType#?,JSType#996	6.198669328010645	0.0	3.0993346640053225		_
com.google.javascript.rhino.jstype.JSTypeRegistry#JSType#createUnionType#?,JSType#995	6.198669328010645	0.0	3.0993346640053225		_
com.google.javascript.rhino.jstype.JSTypeRegistry#JSType#createUnionType#?,JSType#998	6.198669328010645	0.0	3.0993346640053225		_
com.google.javascript.rhino.jstype.PrototypeObjectType#String#getReferenceName#?#430	6.1977378576180975	0.0	3.0988689288090487		_
com.google.javascript.rhino.jstype.FunctionType#boolean#isInterface#?#189	6.197471723220226	0.0	3.098735861610113		_
com.google.javascript.rhino.jstype.InstanceObjectType#ObjectType#getImplicitPrototype#?#77	6.196673320026614	0.0	3.098336660013307		_
com.google.javascript.rhino.jstype.FunctionType#ObjectType#getPrototype#?#329	6.196274118429807	0.0	3.0981370592149036		_
com.google.javascript.rhino.jstype.ObjectType$Property#JSType#getType#?#637	6.195342648037259	0.0	3.0976713240186293		_
com.google.javascript.rhino.jstype.PrototypeObjectType#ObjectType#getImplicitPrototype#?#413	6.194943446440453	0.0	3.0974717232202265		_
com.google.javascript.rhino.jstype.InstanceObjectType#FunctionType#getConstructor#?#82	6.194810379241517	0.0	3.0974051896207584		_
com.google.javascript.rhino.jstype.ObjectType#?#ObjectType#?,JSTypeRegistry#89	6.1946773120425815	0.0	3.0973386560212908		_
com.google.javascript.rhino.jstype.ObjectType#boolean#isUnknownType#?#508	6.193479707252163	0.0	3.0967398536260813		_
com.google.javascript.rhino.jstype.UnionTypeBuilder#JSType#reduceAlternatesWithoutUnion#?#233	6.193346640053226	0.0	3.096673320026613		_
com.google.javascript.rhino.jstype.UnionType#?#UnionType#?,JSTypeRegistry,Collection<JSType>#84	6.193346640053226	0.0	3.096673320026613		_
com.google.javascript.rhino.jstype.UnionType#?#UnionType#?,JSTypeRegistry,Collection<JSType>#83	6.193346640053226	0.0	3.096673320026613		_
com.google.javascript.rhino.jstype.UnionType#?#UnionType#?,JSTypeRegistry,Collection<JSType>#82	6.193346640053226	0.0	3.096673320026613		_
com.google.javascript.rhino.jstype.UnionTypeBuilder#JSType#build#?#251	6.193346640053226	0.0	3.096673320026613		_
com.google.javascript.rhino.jstype.UnionTypeBuilder#Collection<JSType>#getAlternateListCopy#?#258	6.193346640053226	0.0	3.096673320026613		_
com.google.javascript.rhino.jstype.JSType#boolean#isSubtype#?,JSType#990	6.193080505655356	0.0	3.096540252827678		_
com.google.javascript.rhino.Node#int#getIntProp#?,int#830	6.192415169660679	0.0	3.0962075848303394		_
com.google.javascript.rhino.jstype.JSTypeRegistry#ObjectType#getNativeObjectType#?,JSTypeNative#879	6.191616766467066	0.0	3.095808383233533		_
com.google.javascript.rhino.jstype.UnionTypeBuilder#JSType#reduceAlternatesWithoutUnion#?#229	6.190685296074518	0.0	3.095342648037259		_
com.google.javascript.rhino.jstype.UnionTypeBuilder#UnionTypeBuilder#addAlternate#?,JSType#196	6.19001996007984	0.0	3.09500998003992		_
com.google.javascript.rhino.jstype.UnionTypeBuilder#UnionTypeBuilder#addAlternate#?,JSType#167	6.19001996007984	0.0	3.09500998003992		_
com.google.javascript.rhino.Node#boolean#isName#?#2297	6.19001996007984	0.0	3.09500998003992		_
com.google.javascript.jscomp.ComposeWarningsGuard#boolean#enables#?,DiagnosticGroup#150	6.189088489687292	0.0	3.094544244843646		_
com.google.javascript.rhino.jstype.UnionTypeBuilder#?#UnionTypeBuilder#?,JSTypeRegistry#101	6.188822355289421	0.0	3.0944111776447105		_
com.google.javascript.rhino.Node#void#setJSType#?,JSType#1833	6.188689288090486	0.0	3.094344644045243		_
com.google.javascript.rhino.jstype.UnionTypeBuilder#JSType#build#?#249	6.1885562208915506	0.0	3.0942781104457753		_
com.google.javascript.rhino.jstype.UnionTypeBuilder#JSType#build#?#254	6.1885562208915506	0.0	3.0942781104457753		_
com.google.javascript.rhino.jstype.JSType#boolean#isUnknownType#?#238	6.188290086493679	0.0	3.0941450432468396		_
com.google.javascript.rhino.jstype.JSType#boolean#isSubtypeHelper#?,JSType,JSType#1041	6.187890884896873	0.0	3.0939454424484363		_
com.google.javascript.rhino.jstype.UnionTypeBuilder#UnionTypeBuilder#addAlternate#?,JSType#205	6.18682634730539	0.0	3.093413173652695		_
com.google.javascript.rhino.jstype.UnionTypeBuilder#UnionTypeBuilder#addAlternate#?,JSType#206	6.18682634730539	0.0	3.093413173652695		_
com.google.javascript.rhino.jstype.UnionTypeBuilder#UnionTypeBuilder#addAlternate#?,JSType#165	6.18682634730539	0.0	3.093413173652695		_
com.google.javascript.rhino.jstype.UnionTypeBuilder#UnionTypeBuilder#addAlternate#?,JSType#164	6.18682634730539	0.0	3.093413173652695		_
com.google.javascript.rhino.jstype.JSType#boolean#isNoResolvedType#?#149	6.186294078509647	0.0	3.0931470392548235		_
com.google.javascript.rhino.jstype.UnionTypeBuilder#?#UnionTypeBuilder#?,JSTypeRegistry,int#105	6.186294078509647	0.0	3.0931470392548235		_
com.google.javascript.jscomp.CompilerOptions#WarningsGuard#getWarningsGuard#?#1071	6.1860279441117765	0.0	3.0930139720558882		_
com.google.javascript.jscomp.SuppressDocWarningsGuard#?#SuppressDocWarningsGuard#?,Map<String,DiagnosticGroup>#42	6.1860279441117765	0.0	3.0930139720558882		_
com.google.javascript.jscomp.SuppressDocWarningsGuard#?#SuppressDocWarningsGuard#?,Map<String,DiagnosticGroup>#43	6.1860279441117765	0.0	3.0930139720558882		_
com.google.javascript.jscomp.ComposeWarningsGuard#void#addGuards#?,Iterable<WarningsGuard>#105	6.1860279441117765	0.0	3.0930139720558882		_
com.google.javascript.jscomp.ComposeWarningsGuard#void#addGuards#?,Iterable<WarningsGuard>#106	6.1860279441117765	0.0	3.0930139720558882		_
com.google.javascript.jscomp.CompilerOptions#boolean#enables#?,DiagnosticGroup#1052	6.1860279441117765	0.0	3.0930139720558882		_
com.google.javascript.jscomp.DiagnosticGroups#Map<String,DiagnosticGroup>#getRegisteredGroups#?#64	6.1860279441117765	0.0	3.0930139720558882		_
com.google.javascript.jscomp.Compiler#void#initOptions#?,CompilerOptions#304	6.1860279441117765	0.0	3.0930139720558882		_
com.google.javascript.jscomp.ComposeWarningsGuard#void#addGuard#?,WarningsGuard#95	6.1860279441117765	0.0	3.0930139720558882		_
com.google.javascript.jscomp.ComposeWarningsGuard#void#addGuard#?,WarningsGuard#89	6.1860279441117765	0.0	3.0930139720558882		_
com.google.javascript.jscomp.Compiler#void#initOptions#?,CompilerOptions#243	6.1860279441117765	0.0	3.0930139720558882		_
com.google.javascript.jscomp.Compiler#void#initOptions#?,CompilerOptions#286	6.1860279441117765	0.0	3.0930139720558882		_
com.google.javascript.jscomp.Compiler#void#initOptions#?,CompilerOptions#285	6.1860279441117765	0.0	3.0930139720558882		_
com.google.javascript.jscomp.Compiler#void#initOptions#?,CompilerOptions#289	6.1860279441117765	0.0	3.0930139720558882		_
com.google.javascript.jscomp.Compiler#void#initOptions#?,CompilerOptions#291	6.1860279441117765	0.0	3.0930139720558882		_
com.google.javascript.jscomp.DiagnosticGroup#Iterable<DiagnosticType>#getTypes#?#129	6.1860279441117765	0.0	3.0930139720558882		_
com.google.javascript.rhino.jstype.UnionTypeBuilder#UnionTypeBuilder#addAlternate#?,JSType#211	6.185894876912841	0.0	3.0929474384564206		_
com.google.javascript.jscomp.ComposeWarningsGuard#void#addGuard#?,WarningsGuard#100	6.185761809713906	0.0	3.092880904856953		_
com.google.javascript.jscomp.DiagnosticGroupWarningsGuard#?#DiagnosticGroupWarningsGuard#?,DiagnosticGroup,CheckLevel#35	6.185761809713906	0.0	3.092880904856953		_
com.google.javascript.jscomp.DiagnosticGroupWarningsGuard#?#DiagnosticGroupWarningsGuard#?,DiagnosticGroup,CheckLevel#34	6.185761809713906	0.0	3.092880904856953		_
com.google.javascript.jscomp.ComposeWarningsGuard#void#addGuard#?,WarningsGuard#99	6.185761809713906	0.0	3.092880904856953		_
com.google.javascript.jscomp.ComposeWarningsGuard#void#addGuard#?,WarningsGuard#98	6.185761809713906	0.0	3.092880904856953		_
com.google.javascript.jscomp.ComposeWarningsGuard#void#addGuard#?,WarningsGuard#97	6.185761809713906	0.0	3.092880904856953		_
com.google.javascript.jscomp.Compiler#DiagnosticGroups#getDiagnosticGroups#?#2021	6.185761809713906	0.0	3.092880904856953		_
com.google.javascript.jscomp.ComposeWarningsGuard$GuardComparator#int#compare#?,WarningsGuard,WarningsGuard#63	6.185761809713906	0.0	3.092880904856953		_
com.google.javascript.rhino.jstype.UnionTypeBuilder#UnionTypeBuilder#addAlternate#?,JSType#128	6.18562874251497	0.0	3.092814371257485		_
com.google.javascript.rhino.jstype.UnionTypeBuilder#UnionTypeBuilder#addAlternate#?,JSType#130	6.18562874251497	0.0	3.092814371257485		_
com.google.javascript.rhino.jstype.UnionTypeBuilder#UnionTypeBuilder#addAlternate#?,JSType#131	6.18562874251497	0.0	3.092814371257485		_
com.google.javascript.jscomp.ComposeWarningsGuard#?#ComposeWarningsGuard#?,List<WarningsGuard>#80	6.185495675316035	0.0	3.0927478376580173		_
com.google.javascript.jscomp.ComposeWarningsGuard$GuardComparator#?#GuardComparator#?,Map<WarningsGuard,Integer>#58	6.185495675316035	0.0	3.0927478376580173		_
com.google.javascript.rhino.jstype.JSType#FunctionType#toMaybeFunctionType#?#281	6.184697272122422	0.0	3.092348636061211		_
com.google.javascript.rhino.jstype.JSType#boolean#isFunctionType#?#265	6.182568196939455	0.0	3.0912840984697274		_
com.google.javascript.jscomp.DiagnosticType#boolean#equals#?,Object#115	6.182302062541583	0.0	3.0911510312707917		_
com.google.javascript.jscomp.DiagnosticGroup#boolean#matches#?,DiagnosticType#110	6.182168995342648	0.0	3.091084497671324		_
com.google.javascript.rhino.jstype.JSType#boolean#isAllType#?#234	6.181636726546906	0.0	3.090818363273453		_
com.google.javascript.rhino.jstype.JSType#boolean#isNoType#?#145	6.181503659347971	0.0	3.0907518296739855		_
com.google.javascript.rhino.jstype.JSType#boolean#isUnionType#?#246	6.1811044577511645	0.0	3.0905522288755822		_
com.google.javascript.rhino.jstype.JSType#UnionType#toMaybeUnionType#?#255	6.1811044577511645	0.0	3.0905522288755822		_
com.google.javascript.rhino.jstype.JSType#?#JSType#?,JSTypeRegistry#104	6.179640718562874	0.0	3.089820359281437		_
com.google.javascript.rhino.jstype.JSType#boolean#isEquivalentTo#?,JSType#416	6.176979374584165	0.0	3.0884896872920824		_
com.google.javascript.rhino.jstype.JSTypeRegistry#JSType#getNativeType#?,JSTypeNative#875	6.176047904191616	0.0	3.088023952095808		_
com.google.javascript.rhino.Node#boolean#isFunction#?#2253	6.175116433799069	0.0	3.0875582168995344		_
com.google.javascript.rhino.Node#int#getChildCount#?#1408	6.1669993346640055	0.0	3.0834996673320028		_
com.google.javascript.jscomp.CompilerInput#Node#getAstRoot#?,AbstractCompiler#120	6.166067864271457	0.0	3.0830339321357285		_
com.google.javascript.jscomp.CompilerInput#Node#getAstRoot#?,AbstractCompiler#122	6.166067864271457	0.0	3.0830339321357285		_
com.google.javascript.jscomp.CompilerInput#Node#getAstRoot#?,AbstractCompiler#116	6.166067864271457	0.0	3.0830339321357285		_
com.google.javascript.jscomp.CompilerInput#Node#getAstRoot#?,AbstractCompiler#119	6.166067864271457	0.0	3.0830339321357285		_
com.google.javascript.rhino.Node#Node#getParent#?#1324	6.165535595475715	0.0	3.0827677977378576		_
com.google.javascript.jscomp.Compiler#CompilerInput#putCompilerInput#?,InputId,CompilerInput#1035	6.164737192282103	0.0	3.0823685961410514		_
com.google.javascript.jscomp.Compiler#CompilerInput#putCompilerInput#?,InputId,CompilerInput#1036	6.164737192282103	0.0	3.0823685961410514		_
com.google.javascript.jscomp.CompilerInput#InputId#getInputId#?#94	6.164471057884231	0.0	3.0822355289421157		_
com.google.javascript.jscomp.CompilerInput#?#CompilerInput#?,SourceFile#84	6.164071856287425	0.0	3.0820359281437124		_
com.google.javascript.jscomp.CompilerInput#?#CompilerInput#?,SourceAst,boolean#65	6.164071856287425	0.0	3.0820359281437124		_
com.google.javascript.jscomp.CompilerInput#void#setCompiler#?,AbstractCompiler#147	6.164071856287425	0.0	3.0820359281437124		_
com.google.javascript.jscomp.CompilerInput#?#CompilerInput#?,SourceAst,InputId,boolean#79	6.164071856287425	0.0	3.0820359281437124		_
com.google.javascript.jscomp.SourceFile#void#setIsExtern#?,boolean#186	6.164071856287425	0.0	3.0820359281437124		_
com.google.javascript.jscomp.CompilerInput#?#CompilerInput#?,SourceFile,boolean#88	6.164071856287425	0.0	3.0820359281437124		_
com.google.javascript.jscomp.JsAst#InputId#getInputId#?#69	6.164071856287425	0.0	3.0820359281437124		_
com.google.javascript.jscomp.CompilerInput#?#CompilerInput#?,SourceAst,InputId,boolean#73	6.16393878908849	0.0	3.081969394544245		_
com.google.javascript.jscomp.CompilerInput#?#CompilerInput#?,SourceAst,InputId,boolean#74	6.16393878908849	0.0	3.081969394544245		_
com.google.javascript.jscomp.JsAst#SourceFile#getSourceFile#?#74	6.163406520292748	0.0	3.081703260146374		_
com.google.javascript.rhino.Node#int#getChildCount#?#1406	6.1632734530938125	0.0	3.0816367265469062		_
com.google.javascript.jscomp.parsing.IRFactory#int#transformTokenType#?,int#1149	6.163007318695941	0.0	3.0815036593479705		_
com.google.javascript.jscomp.PrepareAst#?#PrepareAst#?,AbstractCompiler,boolean#46	6.16101131071191	0.0	3.080505655355955		_
com.google.javascript.jscomp.PrepareAst#?#PrepareAst#?,AbstractCompiler,boolean#47	6.16101131071191	0.0	3.080505655355955		_
com.google.javascript.jscomp.Compiler#void#prepareAst#?,Node#1901	6.16101131071191	0.0	3.080505655355955		_
com.google.javascript.jscomp.Compiler#void#prepareAst#?,Node#1902	6.16101131071191	0.0	3.080505655355955		_
com.google.javascript.jscomp.PrepareAst$PrepareAnnotations#void#visit#?,NodeTraversal,Node,Node#139	6.16101131071191	0.0	3.080505655355955		_
com.google.javascript.jscomp.PrepareAst$PrepareAnnotations#boolean#shouldTraverse#?,NodeTraversal,Node,Node#134	6.16101131071191	0.0	3.080505655355955		_
com.google.javascript.jscomp.PrepareAst#void#process#?,Node,Node#70	6.16101131071191	0.0	3.080505655355955		_
com.google.javascript.jscomp.PrepareAst#?#PrepareAst#?,AbstractCompiler#42	6.16101131071191	0.0	3.080505655355955		_
com.google.javascript.rhino.Node#boolean#isObjectLit#?#2321	6.16101131071191	0.0	3.080505655355955		_
com.google.javascript.jscomp.JsAst#void#parse#?,AbstractCompiler#99	6.16101131071191	0.0	3.080505655355955		_
com.google.javascript.jscomp.PrepareAst$PrepareAnnotations#?#PrepareAnnotations#?,AbstractCompiler#126	6.16101131071191	0.0	3.080505655355955		_
com.google.javascript.rhino.Node$IntPropListItem#PropListItem#chain#?,PropListItem#357	6.160878243512974	0.0	3.080439121756487		_
com.google.javascript.rhino.Node#PropListItem#removeProp#?,PropListItem,int#802	6.160878243512974	0.0	3.080439121756487		_
com.google.javascript.rhino.Node#void#removeProp#?,int#784	6.159946773120426	0.0	3.079973386560213		_
com.google.javascript.rhino.Node#PropListItem#removeProp#?,PropListItem,int#798	6.159946773120426	0.0	3.079973386560213		_
com.google.javascript.jscomp.Compiler#ErrorReporter#getDefaultErrorReporter#?#1548	6.159414504324684	0.0	3.079707252162342		_
com.google.javascript.jscomp.Compiler#boolean#acceptConstKeyword#?#1976	6.159414504324684	0.0	3.079707252162342		_
com.google.javascript.jscomp.JsAst#void#parse#?,AbstractCompiler#104	6.159414504324684	0.0	3.079707252162342		_
com.google.javascript.jscomp.Compiler#Config#getParserConfig#?#1983	6.159414504324684	0.0	3.079707252162342		_
com.google.javascript.jscomp.Compiler#Config#getParserConfig#?#1982	6.159414504324684	0.0	3.079707252162342		_
com.google.javascript.jscomp.Compiler#Config#getParserConfig#?#1997	6.159414504324684	0.0	3.079707252162342		_
com.google.javascript.jscomp.JsAst#void#parse#?,AbstractCompiler#85	6.159414504324684	0.0	3.079707252162342		_
com.google.javascript.jscomp.JsAst#void#parse#?,AbstractCompiler#86	6.159414504324684	0.0	3.079707252162342		_
com.google.javascript.jscomp.JsAst#Node#getAstRoot#?,AbstractCompiler#55	6.159414504324684	0.0	3.079707252162342		_
com.google.javascript.jscomp.JsAst#Node#getAstRoot#?,AbstractCompiler#52	6.159414504324684	0.0	3.079707252162342		_
com.google.javascript.jscomp.JsAst#Node#getAstRoot#?,AbstractCompiler#53	6.159414504324684	0.0	3.079707252162342		_
com.google.javascript.jscomp.Compiler#Config#getParserConfig#?#2003	6.159414504324684	0.0	3.079707252162342		_
com.google.javascript.jscomp.NodeTraversal#void#traverseBranch#?,Node,Node#481	6.159148369926813	0.0	3.0795741849634064		_
com.google.javascript.jscomp.NodeTraversal#void#traverseBranch#?,Node,Node#480	6.159148369926813	0.0	3.0795741849634064		_
com.google.javascript.jscomp.NodeTraversal#String#getSourceName#?,Node#655	6.159148369926813	0.0	3.0795741849634064		_
com.google.javascript.jscomp.NodeTraversal#String#getSourceName#?,Node#654	6.159148369926813	0.0	3.0795741849634064		_
com.google.javascript.jscomp.Compiler#boolean#hasHaltingErrors#?#2081	6.158882235528942	0.0	3.079441117764471		_
com.google.javascript.jscomp.JsAst#?#JsAst#?,SourceFile#44	6.158616101131071	0.0	3.0793080505655355		_
com.google.javascript.jscomp.JsAst#?#JsAst#?,SourceFile#46	6.158616101131071	0.0	3.0793080505655355		_
com.google.javascript.jscomp.JsAst#?#JsAst#?,SourceFile#45	6.158616101131071	0.0	3.0793080505655355		_
com.google.javascript.jscomp.CompilerOptions#CodingConvention#getCodingConvention#?#1302	6.158083832335329	0.0	3.0790419161676645		_
com.google.javascript.jscomp.Compiler#CodingConvention#getCodingConvention#?#1951	6.158083832335329	0.0	3.0790419161676645		_
com.google.javascript.jscomp.Compiler#CodingConvention#getCodingConvention#?#1950	6.158083832335329	0.0	3.0790419161676645		_
com.google.javascript.jscomp.Compiler#CodingConvention#getCodingConvention#?#1952	6.158083832335329	0.0	3.0790419161676645		_
com.google.javascript.jscomp.SourceFile#String#getCode#?#132	6.158083832335329	0.0	3.0790419161676645		_
com.google.javascript.rhino.Node#String#getSourceFileName#?#1105	6.157950765136394	0.0	3.078975382568197		_
com.google.javascript.rhino.Node#String#getSourceFileName#?#1104	6.157950765136394	0.0	3.078975382568197		_
com.google.javascript.jscomp.NodeTraversal#void#traverseBranch#?,Node,Node#496	6.157950765136394	0.0	3.078975382568197		_
com.google.javascript.jscomp.NodeTraversal#void#traverseBranch#?,Node,Node#497	6.157950765136394	0.0	3.078975382568197		_
com.google.javascript.jscomp.NodeTraversal#void#traverseBranch#?,Node,Node#498	6.157950765136394	0.0	3.078975382568197		_
com.google.javascript.jscomp.CompilerOptions#LanguageMode#getLanguageIn#?#1396	6.1576846307385225	0.0	3.0788423153692612		_
com.google.javascript.jscomp.Compiler#boolean#isIdeMode#?#1957	6.157418496340652	0.0	3.078709248170326		_
com.google.javascript.jscomp.NodeTraversal#void#traverseBranch#?,Node,Node#503	6.157019294743845	0.0	3.0785096473719227		_
com.google.javascript.jscomp.NodeTraversal#void#traverseBranch#?,Node,Node#500	6.157019294743845	0.0	3.0785096473719227		_
com.google.javascript.jscomp.NodeTraversal#void#traverseBranch#?,Node,Node#504	6.157019294743845	0.0	3.0785096473719227		_
com.google.javascript.jscomp.NodeTraversal#void#traverseBranch#?,Node,Node#487	6.157019294743845	0.0	3.0785096473719227		_
com.google.javascript.rhino.Node#InputId#getInputId#?#1124	6.15688622754491	0.0	3.078443113772455		_
com.google.javascript.jscomp.NodeTraversal#void#traverse#?,Node#273	6.156753160345975	0.0	3.0783765801729874		_
com.google.javascript.jscomp.NodeTraversal#void#traverse#?,Node#278	6.156753160345975	0.0	3.0783765801729874		_
com.google.javascript.jscomp.NodeTraversal#void#traverse#?,Node#275	6.156753160345975	0.0	3.0783765801729874		_
com.google.javascript.jscomp.NodeTraversal#void#traverse#?,Node#274	6.156753160345975	0.0	3.0783765801729874		_
com.google.javascript.jscomp.NodeTraversal#void#traverse#?,Node#277	6.156753160345975	0.0	3.0783765801729874		_
com.google.javascript.jscomp.NodeTraversal#void#traverse#?,Node#276	6.156753160345975	0.0	3.0783765801729874		_
com.google.javascript.jscomp.NodeTraversal#void#traverse#?,AbstractCompiler,Node,Callback#455	6.156753160345975	0.0	3.0783765801729874		_
com.google.javascript.jscomp.NodeTraversal#void#traverse#?,AbstractCompiler,Node,Callback#454	6.156753160345975	0.0	3.0783765801729874		_
com.google.javascript.jscomp.NodeUtil#InputId#getInputId#?,Node#2866	6.156753160345975	0.0	3.0783765801729874		_
com.google.javascript.jscomp.NodeTraversal#void#pushScope#?,Node#563	6.156753160345975	0.0	3.0783765801729874		_
com.google.javascript.jscomp.NodeTraversal#void#pushScope#?,Node#564	6.156753160345975	0.0	3.0783765801729874		_
com.google.javascript.jscomp.NodeTraversal#void#pushScope#?,Node#565	6.156753160345975	0.0	3.0783765801729874		_
com.google.javascript.jscomp.NodeTraversal#void#popScope#?#591	6.156753160345975	0.0	3.0783765801729874		_
com.google.javascript.jscomp.NodeTraversal#void#popScope#?#589	6.156753160345975	0.0	3.0783765801729874		_
com.google.javascript.jscomp.NodeTraversal#void#traverseBranch#?,Node,Node#484	6.156753160345975	0.0	3.0783765801729874		_
com.google.javascript.jscomp.NodeTraversal#void#traverseBranch#?,Node,Node#478	6.156753160345975	0.0	3.0783765801729874		_
com.google.javascript.jscomp.NodeTraversal#?#NodeTraversal#?,AbstractCompiler,Callback#222	6.15662009314704	0.0	3.07831004657352		_
com.google.javascript.jscomp.NodeTraversal#?#NodeTraversal#?,AbstractCompiler,Callback,ScopeCreator#237	6.15662009314704	0.0	3.07831004657352		_
com.google.javascript.jscomp.NodeTraversal#?#NodeTraversal#?,AbstractCompiler,Callback,ScopeCreator#238	6.15662009314704	0.0	3.07831004657352		_
com.google.javascript.jscomp.NodeTraversal#?#NodeTraversal#?,AbstractCompiler,Callback,ScopeCreator#235	6.15662009314704	0.0	3.07831004657352		_
com.google.javascript.jscomp.NodeTraversal#?#NodeTraversal#?,AbstractCompiler,Callback,ScopeCreator#236	6.15662009314704	0.0	3.07831004657352		_
com.google.javascript.jscomp.NodeTraversal#?#NodeTraversal#?,AbstractCompiler,Callback,ScopeCreator#231	6.15662009314704	0.0	3.07831004657352		_
com.google.javascript.jscomp.SyntacticScopeCreator#?#SyntacticScopeCreator#?,AbstractCompiler#57	6.156353958749168	0.0	3.078176979374584		_
com.google.javascript.jscomp.SyntacticScopeCreator#?#SyntacticScopeCreator#?,AbstractCompiler#58	6.156353958749168	0.0	3.078176979374584		_
com.google.javascript.rhino.Node#boolean#isScript#?#2341	6.154624085163007	0.0	3.0773120425815037		_
com.google.javascript.rhino.Node#Node#getLastChild#?#545	6.153160345974717	0.0	3.0765801729873585		_
com.google.javascript.jscomp.SourceFile#String#getName#?#175	6.1515635395874915	0.0	3.0757817697937457		_
com.google.javascript.jscomp.SourceFile#SourceFile#fromCode#?,String,String#323	6.151430472388556	0.0	3.075715236194278		_
com.google.javascript.jscomp.SourceFile#Builder#builder#?#355	6.151430472388556	0.0	3.075715236194278		_
com.google.javascript.jscomp.SourceFile$Builder#SourceFile#buildFromCode#?,String,String#391	6.151430472388556	0.0	3.075715236194278		_
com.google.javascript.jscomp.SourceFile$Preloaded#?#Preloaded#?,String,String,String#422	6.151430472388556	0.0	3.075715236194278		_
com.google.javascript.jscomp.SourceFile$Preloaded#?#Preloaded#?,String,String,String#423	6.151430472388556	0.0	3.075715236194278		_
com.google.javascript.jscomp.SourceFile$Preloaded#?#Preloaded#?,String,String,String#424	6.151430472388556	0.0	3.075715236194278		_
com.google.javascript.jscomp.SourceFile#void#setOriginalPath#?,String#156	6.151430472388556	0.0	3.075715236194278		_
com.google.javascript.jscomp.SourceFile#void#setCode#?,String#148	6.151430472388556	0.0	3.075715236194278		_
com.google.javascript.jscomp.SourceFile#?#SourceFile#?,String#85	6.151297405189621	0.0	3.0756487025948105		_
com.google.javascript.jscomp.parsing.IRFactory$TransformDispatcher#boolean#isReservedKeyword#?,String#791	6.15103127079175	0.0	3.075515635395875		_
com.google.javascript.jscomp.parsing.TypeSafeDispatcher#T#process#?,AstNode#246	6.15103127079175	0.0	3.075515635395875		_
com.google.javascript.jscomp.parsing.IRFactory$TransformDispatcher#Node#processName#?,Name#770	6.15103127079175	0.0	3.075515635395875		_
com.google.javascript.jscomp.parsing.IRFactory$TransformDispatcher#Node#processName#?,Name,boolean#783	6.15103127079175	0.0	3.075515635395875		_
com.google.javascript.jscomp.parsing.IRFactory#Node#newStringNode#?,int,String#1352	6.150232867598137	0.0	3.0751164337990686		_
com.google.javascript.jscomp.parsing.ParserRunner#Node#parse#?,StaticSourceFile,String,Config,ErrorReporter,Logger#142	6.149567531603459	0.0	3.0747837658017296		_
com.google.javascript.jscomp.parsing.ParserRunner#Node#parse#?,StaticSourceFile,String,Config,ErrorReporter,Logger#144	6.149567531603459	0.0	3.0747837658017296		_
com.google.javascript.rhino.Node#PropListItem#lookupProperty#?,int#762	6.14810379241517	0.0	3.074051896207585		_
com.google.javascript.jscomp.parsing.ParserRunner#Node#parse#?,StaticSourceFile,String,Config,ErrorReporter,Logger#130	6.1466400532268795	0.0	3.0733200266134397		_
com.google.javascript.jscomp.parsing.ParserRunner#Node#parse#?,StaticSourceFile,String,Config,ErrorReporter,Logger#131	6.1466400532268795	0.0	3.0733200266134397		_
com.google.javascript.jscomp.parsing.ParserRunner#Node#parse#?,StaticSourceFile,String,Config,ErrorReporter,Logger#133	6.1466400532268795	0.0	3.0733200266134397		_
com.google.javascript.jscomp.parsing.ParserRunner#Node#parse#?,StaticSourceFile,String,Config,ErrorReporter,Logger#138	6.1466400532268795	0.0	3.0733200266134397		_
com.google.javascript.jscomp.parsing.ParserRunner#Node#parse#?,StaticSourceFile,String,Config,ErrorReporter,Logger#124	6.1466400532268795	0.0	3.0733200266134397		_
com.google.javascript.jscomp.parsing.ParserRunner#Node#parse#?,StaticSourceFile,String,Config,ErrorReporter,Logger#122	6.1466400532268795	0.0	3.0733200266134397		_
com.google.javascript.jscomp.parsing.ParserRunner#Node#parse#?,StaticSourceFile,String,Config,ErrorReporter,Logger#128	6.1466400532268795	0.0	3.0733200266134397		_
com.google.javascript.jscomp.parsing.ParserRunner#Node#parse#?,StaticSourceFile,String,Config,ErrorReporter,Logger#126	6.1466400532268795	0.0	3.0733200266134397		_
com.google.javascript.jscomp.parsing.ParserRunner#Node#parse#?,StaticSourceFile,String,Config,ErrorReporter,Logger#127	6.1466400532268795	0.0	3.0733200266134397		_
com.google.javascript.jscomp.parsing.ParserRunner#Node#parse#?,StaticSourceFile,String,Config,ErrorReporter,Logger#110	6.1466400532268795	0.0	3.0733200266134397		_
com.google.javascript.jscomp.parsing.ParserRunner#Node#parse#?,StaticSourceFile,String,Config,ErrorReporter,Logger#115	6.1466400532268795	0.0	3.0733200266134397		_
com.google.javascript.jscomp.parsing.ParserRunner#Node#parse#?,StaticSourceFile,String,Config,ErrorReporter,Logger#118	6.1466400532268795	0.0	3.0733200266134397		_
com.google.javascript.jscomp.parsing.ParserRunner#Node#parse#?,StaticSourceFile,String,Config,ErrorReporter,Logger#111	6.1466400532268795	0.0	3.0733200266134397		_
com.google.javascript.jscomp.parsing.ParserRunner#Node#parse#?,StaticSourceFile,String,Config,ErrorReporter,Logger#112	6.1466400532268795	0.0	3.0733200266134397		_
com.google.javascript.jscomp.parsing.ParserRunner#Node#parse#?,StaticSourceFile,String,Config,ErrorReporter,Logger#113	6.1466400532268795	0.0	3.0733200266134397		_
com.google.javascript.jscomp.parsing.ParserRunner#Node#parse#?,StaticSourceFile,String,Config,ErrorReporter,Logger#114	6.1466400532268795	0.0	3.0733200266134397		_
com.google.javascript.jscomp.parsing.ParserRunner#Node#parse#?,StaticSourceFile,String,Config,ErrorReporter,Logger#109	6.1466400532268795	0.0	3.0733200266134397		_
com.google.javascript.jscomp.parsing.ParserRunner#Node#parse#?,StaticSourceFile,String,Config,ErrorReporter,Logger#140	6.1466400532268795	0.0	3.0733200266134397		_
com.google.javascript.jscomp.parsing.ParserRunner#Node#parse#?,StaticSourceFile,String,Config,ErrorReporter,Logger#146	6.1466400532268795	0.0	3.0733200266134397		_
com.google.javascript.rhino.Node#void#setIsSyntheticBlock#?,boolean#1922	6.146240851630073	0.0	3.0731204258150364		_
com.google.javascript.jscomp.parsing.ParserRunner#void#initResourceConfig#?#78	6.144111776447106	0.0	3.072055888223553		_
com.google.javascript.jscomp.parsing.IRFactory$TransformDispatcher#Node#processAstRoot#?,AstRoot#455	6.14397870924817	0.0	3.071989354624085		_
com.google.javascript.jscomp.parsing.IRFactory$TransformDispatcher#Node#processAstRoot#?,AstRoot#454	6.14397870924817	0.0	3.071989354624085		_
com.google.javascript.jscomp.parsing.IRFactory$TransformDispatcher#boolean#isDirective#?,Node#490	6.14397870924817	0.0	3.071989354624085		_
com.google.javascript.jscomp.parsing.IRFactory$TransformDispatcher#boolean#isDirective#?,Node#491	6.14397870924817	0.0	3.071989354624085		_
com.google.javascript.jscomp.parsing.IRFactory#?#IRFactory#?,String,StaticSourceFile,Config,ErrorReporter#150	6.142648037258816	0.0	3.071324018629408		_
com.google.javascript.jscomp.parsing.IRFactory#?#IRFactory#?,String,StaticSourceFile,Config,ErrorReporter#142	6.142648037258816	0.0	3.071324018629408		_
com.google.javascript.jscomp.parsing.IRFactory#?#IRFactory#?,String,StaticSourceFile,Config,ErrorReporter#146	6.142648037258816	0.0	3.071324018629408		_
com.google.javascript.jscomp.parsing.IRFactory#?#IRFactory#?,String,StaticSourceFile,Config,ErrorReporter#145	6.142648037258816	0.0	3.071324018629408		_
com.google.javascript.jscomp.parsing.IRFactory#?#IRFactory#?,String,StaticSourceFile,Config,ErrorReporter#144	6.142648037258816	0.0	3.071324018629408		_
com.google.javascript.jscomp.parsing.IRFactory#?#IRFactory#?,String,StaticSourceFile,Config,ErrorReporter#148	6.142648037258816	0.0	3.071324018629408		_
com.google.javascript.jscomp.parsing.IRFactory#?#IRFactory#?,String,StaticSourceFile,Config,ErrorReporter#138	6.142648037258816	0.0	3.071324018629408		_
com.google.javascript.jscomp.parsing.IRFactory#?#IRFactory#?,String,StaticSourceFile,Config,ErrorReporter#139	6.142648037258816	0.0	3.071324018629408		_
com.google.javascript.jscomp.parsing.IRFactory#Node#transformTree#?,AstRoot,StaticSourceFile,String,Config,ErrorReporter#198	6.142648037258816	0.0	3.071324018629408		_
com.google.javascript.jscomp.parsing.IRFactory#Node#transformTree#?,AstRoot,StaticSourceFile,String,Config,ErrorReporter#196	6.142648037258816	0.0	3.071324018629408		_
com.google.javascript.jscomp.parsing.IRFactory#Node#transformTree#?,AstRoot,StaticSourceFile,String,Config,ErrorReporter#181	6.142648037258816	0.0	3.071324018629408		_
com.google.javascript.jscomp.parsing.IRFactory#Node#transformTree#?,AstRoot,StaticSourceFile,String,Config,ErrorReporter#183	6.142648037258816	0.0	3.071324018629408		_
com.google.javascript.jscomp.parsing.IRFactory#Node#justTransform#?,AstNode#387	6.142648037258816	0.0	3.071324018629408		_
com.google.javascript.jscomp.parsing.IRFactory#JSDocInfo#handleJsDoc#?,AstNode,Node#271	6.142648037258816	0.0	3.071324018629408		_
com.google.javascript.jscomp.parsing.IRFactory#JSDocInfo#handleJsDoc#?,AstNode,Node#279	6.142648037258816	0.0	3.071324018629408		_
com.google.javascript.jscomp.parsing.IRFactory$TransformDispatcher#Node#processAstRoot#?,AstRoot#457	6.142648037258816	0.0	3.071324018629408		_
com.google.javascript.jscomp.parsing.IRFactory$TransformDispatcher#Node#processAstRoot#?,AstRoot#458	6.142648037258816	0.0	3.071324018629408		_
com.google.javascript.jscomp.parsing.IRFactory$TransformDispatcher#Node#processAstRoot#?,AstRoot#453	6.142648037258816	0.0	3.071324018629408		_
com.google.javascript.jscomp.parsing.IRFactory#void#setSourceInfo#?,Node,AstNode#332	6.142648037258816	0.0	3.071324018629408		_
com.google.javascript.jscomp.parsing.IRFactory#void#setSourceInfo#?,Node,AstNode#330	6.142648037258816	0.0	3.071324018629408		_
com.google.javascript.jscomp.parsing.IRFactory#void#setSourceInfo#?,Node,AstNode#331	6.142648037258816	0.0	3.071324018629408		_
com.google.javascript.jscomp.parsing.IRFactory#void#setSourceInfo#?,Node,AstNode#328	6.142648037258816	0.0	3.071324018629408		_
com.google.javascript.jscomp.parsing.IRFactory#void#setSourceInfo#?,Node,AstNode#329	6.142648037258816	0.0	3.071324018629408		_
com.google.javascript.jscomp.parsing.TypeSafeDispatcher#T#process#?,AstNode#258	6.142648037258816	0.0	3.071324018629408		_
com.google.javascript.jscomp.parsing.TypeSafeDispatcher#T#process#?,AstNode#121	6.142648037258816	0.0	3.071324018629408		_
com.google.javascript.jscomp.parsing.IRFactory#Node#createTemplateNode#?#173	6.142648037258816	0.0	3.071324018629408		_
com.google.javascript.jscomp.parsing.IRFactory#Node#createTemplateNode#?#172	6.142648037258816	0.0	3.071324018629408		_
com.google.javascript.jscomp.parsing.IRFactory#Node#createTemplateNode#?#171	6.142648037258816	0.0	3.071324018629408		_
com.google.javascript.jscomp.parsing.IRFactory#Node#newNode#?,int#1332	6.142648037258816	0.0	3.071324018629408		_
com.google.javascript.jscomp.parsing.IRFactory$TransformDispatcher#void#parseDirectives#?,Node#472	6.142648037258816	0.0	3.071324018629408		_
com.google.javascript.jscomp.parsing.IRFactory#Node#transform#?,AstNode#289	6.142648037258816	0.0	3.071324018629408		_
com.google.javascript.jscomp.parsing.IRFactory#Node#transform#?,AstNode#288	6.142648037258816	0.0	3.071324018629408		_
com.google.javascript.jscomp.parsing.IRFactory#Node#transform#?,AstNode#284	6.142648037258816	0.0	3.071324018629408		_
com.google.javascript.jscomp.parsing.IRFactory#Node#transform#?,AstNode#283	6.142648037258816	0.0	3.071324018629408		_
com.google.javascript.jscomp.parsing.IRFactory#int#position2charno#?,int#377	6.142648037258816	0.0	3.071324018629408		_
com.google.javascript.jscomp.parsing.IRFactory#void#setFileOverviewJsDoc#?,Node#205	6.142648037258816	0.0	3.071324018629408		_
com.google.javascript.rhino.Node#void#setLineno#?,int#1165	6.14251497005988	0.0	3.07125748502994		_
com.google.javascript.rhino.Node#FileLevelJsDocBuilder#getJsDocBuilderForNode#?#1837	6.141982701264139	0.0	3.0709913506320694		_
com.google.javascript.jscomp.parsing.ParserRunner#Config#createConfig#?,boolean,LanguageMode,boolean,Set<String>#67	6.139853626081171	0.0	3.0699268130405857		_
com.google.javascript.jscomp.parsing.ParserRunner#Config#createConfig#?,boolean,LanguageMode,boolean,Set<String>#72	6.139720558882235	0.0	3.0698602794411176		_
com.google.javascript.jscomp.parsing.ParserRunner#Config#createConfig#?,boolean,LanguageMode,boolean,Set<String>#65	6.139720558882235	0.0	3.0698602794411176		_
com.google.javascript.jscomp.parsing.ParserRunner#Config#createConfig#?,boolean,LanguageMode,boolean,Set<String>#64	6.139720558882235	0.0	3.0698602794411176		_
com.google.javascript.rhino.Node$StringNode#String#getString#?#218	6.138522954091816	0.0	3.069261477045908		_
com.google.javascript.rhino.Node#void#addChildToBack#?,Node#617	6.1354624085163	0.0	3.06773120425815		_
com.google.javascript.rhino.Node#void#addChildToBack#?,Node#618	6.1354624085163	0.0	3.06773120425815		_
com.google.javascript.rhino.Node#JSDocInfo#getJSDocInfo#?#1871	6.134664005322688	0.0	3.067332002661344		_
com.google.javascript.rhino.Node#void#putBooleanProp#?,int,boolean#859	6.134397870924817	0.0	3.0671989354624083		_
com.google.javascript.rhino.Node#Node#getNext#?#549	6.133599467731204	0.0	3.066799733865602		_
com.google.javascript.rhino.Node#Object#getProp#?,int#816	6.132667997338656	0.0	3.066333998669328		_
com.google.javascript.rhino.Node#Node#newString#?,int,String#517	6.12667997338656	0.0	3.06333998669328		_
com.google.javascript.rhino.Node$StringNode#?#StringNode#?,int,String#197	6.12375249500998	0.0	3.06187624750499		_
com.google.javascript.rhino.Node$StringNode#?#StringNode#?,int,String#201	6.12375249500998	0.0	3.06187624750499		_
com.google.javascript.rhino.Node#void#addChildToBack#?,Node#615	6.1159015302727875	0.0	3.0579507651363937		_
com.google.javascript.rhino.Node#void#addChildToBack#?,Node#614	6.1159015302727875	0.0	3.0579507651363937		_
com.google.javascript.rhino.Node#void#addChildToBack#?,Node#611	6.11497005988024	0.0	3.05748502994012		_
com.google.javascript.rhino.Node#void#addChildToBack#?,Node#610	6.11497005988024	0.0	3.05748502994012		_
com.google.javascript.rhino.Node#void#addChildToBack#?,Node#612	6.11497005988024	0.0	3.05748502994012		_
com.google.javascript.rhino.Node#void#addChildToBack#?,Node#609	6.11497005988024	0.0	3.05748502994012		_
com.google.javascript.rhino.Node#void#setInputId#?,InputId#1117	6.111377245508982	0.0	3.055688622754491		_
com.google.javascript.rhino.InputId#?#InputId#?,String#52	6.109647371922821	0.0	3.0548236859614106		_
com.google.javascript.rhino.Node#Node#getFirstChild#?#541	6.107252162341982	0.0	3.053626081170991		_
com.google.javascript.rhino.Node#Node#clonePropsFrom#?,Node#775	6.106852960745177	0.0	3.0534264803725883		_
com.google.javascript.rhino.Node#Node#clonePropsFrom#?,Node#777	6.106852960745177	0.0	3.0534264803725883		_
com.google.javascript.rhino.Node#Node#clonePropsFrom#?,Node#778	6.106852960745177	0.0	3.0534264803725883		_
com.google.javascript.rhino.Node#StaticSourceFile#getStaticSourceFile#?#1110	6.106719893546241	0.0	3.0533599467731203		_
com.google.javascript.rhino.Node#Object#getProp#?,int#818	6.105522288755822	0.0	3.052761144377911		_
com.google.javascript.rhino.Node$ObjectPropListItem#Object#getObjectValue#?#315	6.105522288755822	0.0	3.052761144377911		_
com.google.javascript.rhino.Node#PropListItem#createProp#?,int,int,PropListItem#874	6.099001996007984	0.0	3.049500998003992		_
com.google.javascript.rhino.Node$IntPropListItem#?#IntPropListItem#?,int,int,PropListItem#336	6.099001996007984	0.0	3.049500998003992		_
com.google.javascript.rhino.Node#void#putIntProp#?,int,int#865	6.099001996007984	0.0	3.049500998003992		_
com.google.javascript.rhino.Node#void#putIntProp#?,int,int#863	6.098868928809049	0.0	3.0494344644045244		_
com.google.javascript.rhino.Node$ObjectPropListItem#?#ObjectPropListItem#?,int,Object,PropListItem#305	6.092215568862276	0.0	3.046107784431138		_
com.google.javascript.rhino.Node$ObjectPropListItem#?#ObjectPropListItem#?,int,Object,PropListItem#304	6.092215568862276	0.0	3.046107784431138		_
com.google.javascript.rhino.Node#void#putProp#?,int,Object#854	6.092215568862276	0.0	3.046107784431138		_
com.google.javascript.rhino.Node#PropListItem#createProp#?,int,Object,PropListItem#870	6.092215568862276	0.0	3.046107784431138		_
com.google.javascript.rhino.Node#PropListItem#removeProp#?,PropListItem,int#800	6.090884896872921	0.0	3.0454424484364604		_
com.google.javascript.rhino.Node#PropListItem#removeProp#?,PropListItem,int#804	6.090884896872921	0.0	3.0454424484364604		_
com.google.javascript.rhino.Node#void#setStaticSourceFile#?,StaticSourceFile#1095	6.089820359281437	0.0	3.0449101796407185		_
com.google.javascript.jscomp.parsing.Config#Map<String,Annotation>#buildAnnotationNames#?,Set<String>#96	6.089288090485695	0.0	3.0446440452428476		_
com.google.javascript.jscomp.parsing.Config#Map<String,Annotation>#buildAnnotationNames#?,Set<String>#93	6.089288090485695	0.0	3.0446440452428476		_
com.google.javascript.jscomp.parsing.Config#Map<String,Annotation>#buildAnnotationNames#?,Set<String>#100	6.088489687292083	0.0	3.0442448436460414		_
com.google.javascript.jscomp.parsing.Config#?#Config#?,Set<String>,Set<String>,boolean,LanguageMode,boolean#80	6.088489687292083	0.0	3.0442448436460414		_
com.google.javascript.jscomp.parsing.Config#?#Config#?,Set<String>,Set<String>,boolean,LanguageMode,boolean#81	6.088489687292083	0.0	3.0442448436460414		_
com.google.javascript.jscomp.parsing.Config#?#Config#?,Set<String>,Set<String>,boolean,LanguageMode,boolean#79	6.088489687292083	0.0	3.0442448436460414		_
com.google.javascript.jscomp.parsing.Config#?#Config#?,Set<String>,Set<String>,boolean,LanguageMode,boolean#77	6.088489687292083	0.0	3.0442448436460414		_
com.google.javascript.jscomp.parsing.Config#?#Config#?,Set<String>,Set<String>,boolean,LanguageMode,boolean#78	6.088489687292083	0.0	3.0442448436460414		_
com.google.javascript.jscomp.parsing.Config#?#Config#?,Set<String>,Set<String>,boolean,LanguageMode,boolean#76	6.088489687292083	0.0	3.0442448436460414		_
com.google.javascript.jscomp.parsing.Config#Map<String,Annotation>#buildAnnotationNames#?,Set<String>#92	6.088489687292083	0.0	3.0442448436460414		_
com.google.javascript.jscomp.parsing.Config#Map<String,Annotation>#buildAnnotationNames#?,Set<String>#90	6.088489687292083	0.0	3.0442448436460414		_
com.google.javascript.rhino.Node#void#putProp#?,int,Object#852	6.0870259481037925	0.0	3.0435129740518962		_
com.google.javascript.rhino.Node$AbstractPropListItem#PropListItem#getNext#?#289	6.085562208915502	0.0	3.042781104457751		_
com.google.javascript.rhino.Node#Object#getProp#?,int#814	6.085163007318696	0.0	3.042581503659348		_
com.google.javascript.rhino.Node$AbstractPropListItem#?#AbstractPropListItem#?,int,PropListItem#279	6.079840319361278	0.0	3.039920159680639		_
com.google.javascript.rhino.Node#void#removeProp#?,int#782	6.078642714570858	0.0	3.039321357285429		_
com.google.javascript.rhino.Node#PropListItem#removeProp#?,PropListItem,int#796	6.078642714570858	0.0	3.039321357285429		_
com.google.javascript.rhino.Node#PropListItem#lookupProperty#?,int#760	6.077578176979374	0.0	3.038789088489687		_
com.google.javascript.rhino.Node#PropListItem#lookupProperty#?,int#764	6.077578176979374	0.0	3.038789088489687		_
com.google.javascript.rhino.Node#?#Node#?,int#363	6.065069860279441	0.0	3.0325349301397204		_
com.google.javascript.rhino.Node#String#propToString#?,int#131	6.0	0.0	3.0		_
com.google.javascript.rhino.Node#Node#srcref#?,Node#1773	5.876646706586826	0.0	2.938323353293413		_
com.google.javascript.rhino.Node#Node#useSourceInfoFrom#?,Node#1767	5.874384564204924	0.0	2.937192282102462		_
com.google.javascript.rhino.Node#Node#useSourceInfoFrom#?,Node#1766	5.874384564204924	0.0	2.937192282102462		_
com.google.javascript.rhino.Node#Node#useSourceInfoFrom#?,Node#1769	5.874384564204924	0.0	2.937192282102462		_
com.google.javascript.rhino.Node#Node#useSourceInfoFrom#?,Node#1768	5.874384564204924	0.0	2.937192282102462		_
com.google.javascript.rhino.Node#void#replaceChild#?,Node,Node#731	5.849234863606121	0.0	2.9246174318030604		_
com.google.javascript.rhino.Node#Object#getProp#?,int#811	5.843912175648702	0.0	2.921956087824351		_
com.google.javascript.rhino.Node#void#replaceChild#?,Node,Node#733	5.823952095808384	0.0	2.911976047904192		_
com.google.javascript.rhino.Node#void#replaceChild#?,Node,Node#732	5.823952095808384	0.0	2.911976047904192		_
com.google.javascript.rhino.Node#void#replaceChild#?,Node,Node#720	5.823952095808384	0.0	2.911976047904192		_
com.google.javascript.rhino.Node#void#replaceChild#?,Node,Node#722	5.823952095808384	0.0	2.911976047904192		_
com.google.javascript.rhino.Node#void#replaceChild#?,Node,Node#723	5.823952095808384	0.0	2.911976047904192		_
com.google.javascript.rhino.Node#void#replaceChild#?,Node,Node#716	5.823952095808384	0.0	2.911976047904192		_
com.google.javascript.rhino.Node#void#replaceChild#?,Node,Node#714	5.823952095808384	0.0	2.911976047904192		_
com.google.javascript.jscomp.parsing.IRFactory$TransformDispatcher#Node#processFunctionCall#?,FunctionCall#616	5.722554890219561	0.0	2.8612774451097804		_
com.google.javascript.jscomp.parsing.IRFactory$TransformDispatcher#Node#processFunctionCall#?,FunctionCall#617	5.722554890219561	0.0	2.8612774451097804		_
com.google.javascript.jscomp.PrepareAst$PrepareAnnotations#void#annotateCalls#?,Node#171	5.700066533599467	0.0	2.8500332667997337		_
com.google.javascript.jscomp.PrepareAst$PrepareAnnotations#void#visit#?,NodeTraversal,Node,Node#141	5.561676646706587	0.0	2.7808383233532936		_
com.google.javascript.jscomp.PrepareAst$PrepareAnnotations#void#visit#?,NodeTraversal,Node,Node#142	5.561676646706587	0.0	2.7808383233532936		_
com.google.javascript.jscomp.PrepareAst$PrepareAnnotations#void#annotateCalls#?,Node#169	5.561676646706587	0.0	2.7808383233532936		_
com.google.javascript.jscomp.PrepareAst$PrepareAnnotations#void#annotateCalls#?,Node#165	5.561676646706587	0.0	2.7808383233532936		_
com.google.javascript.jscomp.parsing.TypeSafeDispatcher#T#process#?,AstNode#186	5.559015302727878	0.0	2.779507651363939		_
com.google.javascript.jscomp.parsing.IRFactory$TransformDispatcher#Node#processFunctionCall#?,FunctionCall#614	5.504723885562209	0.0	2.7523619427811044		_
com.google.javascript.jscomp.parsing.IRFactory$TransformDispatcher#Node#processFunctionCall#?,FunctionCall#621	5.504723885562209	0.0	2.7523619427811044		_
com.google.javascript.jscomp.parsing.IRFactory$TransformDispatcher#Node#processFunctionCall#?,FunctionCall#620	5.504723885562209	0.0	2.7523619427811044		_
com.google.javascript.jscomp.parsing.IRFactory$TransformDispatcher#Node#processFunctionCall#?,FunctionCall#623	5.504723885562209	0.0	2.7523619427811044		_
com.google.javascript.jscomp.parsing.IRFactory$TransformDispatcher#Node#processFunctionCall#?,FunctionCall#622	5.504723885562209	0.0	2.7523619427811044		_
com.google.javascript.jscomp.DiagnosticType#int#hashCode#?#121	2.699534264803726	2.7929474384564204	2.7462408516300734	(key.hashCode())<= 0	_
com.google.javascript.rhino.Node#String#getQualifiedName#?#1569	5.477045908183633	0.0	2.7385229540918163		_
com.google.javascript.jscomp.parsing.IRFactory#Node#newNode#?,int,Node#1336	5.452428476380572	0.0	2.726214238190286		_
com.google.javascript.jscomp.SyntacticScopeCreator#void#scanRoot#?,Node,Scope#100	2.6874251497005988	2.690751829673985	2.689088489687292	!(!fnName.isEmpty() && NodeUtil.isFunctionExpression(n))	_
com.google.javascript.jscomp.SyntacticScopeCreator#void#scanRoot#?,Node,Scope#86	2.6874251497005988	2.6874251497005988	2.6874251497005988	inputId == null	_
com.google.javascript.jscomp.Scope#?#Scope#?,Scope,Node#397	2.416633399866933	2.7108449767132403	2.5637391882900866	!(nodeType != null && nodeType.isFunctionType())	_
com.google.javascript.jscomp.NodeUtil#JSDocInfo#getBestJSDocInfo#?,Node#3023	2.5411842980705255	2.541849634065203	2.5415169660678645	!((parent.isHook() && parent.getFirstChild() != n) || parent.isOr() || parent.isAnd()|| (parent.isComma() && parent.getFirstChild() != n))	_
com.google.javascript.jscomp.parsing.IRFactory$TransformDispatcher#Node#processFunctionNode#?,FunctionNode#632	2.5141716566866266	2.5141716566866266	2.5141716566866266	!(functionType != FunctionNode.FUNCTION_EXPRESSION)	_
com.google.javascript.rhino.Node#int#mergeLineCharNo#?,int,int#1197	2.510445775116434	2.510445775116434	2.510445775116434	(-1)<= 0	_
com.google.javascript.jscomp.ProcessCommonJSModules$SuffixVarsCallback#void#visit#?,NodeTraversal,Node,Node#269	5.0	0.0	2.5		_
com.google.javascript.jscomp.ProcessCommonJSModules$SuffixVarsCallback#void#visit#?,NodeTraversal,Node,Node#270	5.0	0.0	2.5		_
com.google.javascript.rhino.Token#String#name#?,int#250	4.999334664005323	0.0	2.4996673320026614		_
com.google.javascript.rhino.Node#void#toString#?,StringBuilder,boolean,boolean,boolean#969	4.997205588822355	0.0	2.4986027944111777		_
com.google.javascript.rhino.Node#void#toString#?,StringBuilder,boolean,boolean,boolean#968	4.997205588822355	0.0	2.4986027944111777		_
com.google.javascript.rhino.Token#String#name#?,int#213	4.9953426480372585	0.0	2.4976713240186292		_
com.google.javascript.jscomp.CodeGenerator#void#add#?,Node,Context#543	4.9676646706586824	0.0	2.4838323353293412		_
com.google.javascript.jscomp.CodeGenerator#void#add#?,Node,Context#542	4.9676646706586824	0.0	2.4838323353293412		_
com.google.javascript.jscomp.CodeGenerator#void#addNonEmptyStatement#?,Node,Context,boolean#835	4.959946773120426	0.0	2.479973386560213		_
com.google.javascript.jscomp.CodeGenerator#void#add#?,Node,Context#549	4.959414504324684	0.0	2.479707252162342		_
com.google.javascript.jscomp.CodeGenerator#void#add#?,Node,Context#524	4.959414504324684	0.0	2.479707252162342		_
com.google.javascript.jscomp.CodeGenerator#void#add#?,Node,Context#525	4.959414504324684	0.0	2.479707252162342		_
com.google.javascript.jscomp.CodeGenerator#void#add#?,Node,Context#533	4.959414504324684	0.0	2.479707252162342		_
com.google.javascript.jscomp.CodeGenerator#void#add#?,Node,Context#532	4.959414504324684	0.0	2.479707252162342		_
com.google.javascript.jscomp.CodeGenerator#void#add#?,Node,Context#531	4.959414504324684	0.0	2.479707252162342		_
com.google.javascript.jscomp.CodeGenerator#boolean#isOneExactlyFunctionOrDo#?,Node#879	4.959015302727877	0.0	2.4795076513639387		_
com.google.javascript.jscomp.CodeGenerator#void#addNonEmptyStatement#?,Node,Context,boolean#825	4.958616101131071	0.0	2.4793080505655354		_
com.google.javascript.jscomp.CodeGenerator#void#addNonEmptyStatement#?,Node,Context,boolean#826	4.958616101131071	0.0	2.4793080505655354		_
com.google.javascript.jscomp.CodeGenerator#Node#getFirstNonEmptyChild#?,Node#1153	4.958616101131071	0.0	2.4793080505655354		_
com.google.javascript.jscomp.AstValidator#void#validateStatement#?,Node#121	4.958216899534265	0.0	2.4791084497671325		_
com.google.javascript.jscomp.AstValidator#void#validateStatement#?,Node#120	4.95808383233533	0.0	2.479041916167665		_
com.google.javascript.jscomp.AstValidator#void#validateIf#?,Node#467	4.95808383233533	0.0	2.479041916167665		_
com.google.javascript.jscomp.AstValidator#void#validateIf#?,Node#466	4.95808383233533	0.0	2.479041916167665		_
com.google.javascript.jscomp.AstValidator#void#validateIf#?,Node#465	4.95808383233533	0.0	2.479041916167665		_
com.google.javascript.jscomp.AstValidator#void#validateIf#?,Node#464	4.95808383233533	0.0	2.479041916167665		_
com.google.javascript.jscomp.AstValidator#void#validateIf#?,Node#463	4.95808383233533	0.0	2.479041916167665		_
com.google.javascript.jscomp.CodeGenerator#int#getNonEmptyChildCount#?,Node,int#1138	4.951031270791749	0.0	2.4755156353958747		_
com.google.javascript.jscomp.AstValidator#void#validateMinimumChildCount#?,Node,int#795	4.950632069194944	0.0	2.475316034597472		_
com.google.javascript.jscomp.CodeGenerator#void#addNonEmptyStatement#?,Node,Context,boolean#847	4.950499001996008	0.0	2.475249500998004		_
com.google.javascript.jscomp.CodeConsumer#boolean#shouldPreserveExtraBlocks#?#292	4.9462408516300735	0.0	2.4731204258150368		_
com.google.javascript.rhino.Token#String#name#?,int#210	4.945043246839654	0.0	2.472521623419827		_
com.google.javascript.jscomp.CodeGenerator#void#addNonEmptyStatement#?,Node,Context,boolean#810	4.939055222887558	0.0	2.469527611443779		_
com.google.javascript.jscomp.CodeGenerator#int#getNonEmptyChildCount#?,Node,int#1133	4.939055222887558	0.0	2.469527611443779		_
com.google.javascript.jscomp.CodeGenerator#int#getNonEmptyChildCount#?,Node,int#1132	4.939055222887558	0.0	2.469527611443779		_
com.google.javascript.jscomp.CodeGenerator#void#addNonEmptyStatement#?,Node,Context,boolean#801	4.937325349301397	0.0	2.4686626746506986		_
com.google.javascript.jscomp.AstValidator#void#validateMaximumChildCount#?,Node,int#812	4.9345309381237525	0.0	2.4672654690618763		_
com.google.javascript.jscomp.CodeGenerator#void#add#?,Node,Context#638	4.928010645375915	0.0	2.4640053226879575		_
com.google.javascript.jscomp.CodeGenerator#void#add#?,Node,Context#641	4.928010645375915	0.0	2.4640053226879575		_
com.google.javascript.jscomp.CodeGenerator#void#add#?,Node,Context#640	4.928010645375915	0.0	2.4640053226879575		_
com.google.javascript.jscomp.CodeGenerator#String#jsString#?,String,boolean#972	4.927611443779108	0.0	2.463805721889554		_
com.google.javascript.jscomp.CodeGenerator#void#addJsString#?,Node#958	4.924284763805722	0.0	2.462142381902861		_
com.google.javascript.jscomp.CodeGenerator#void#addJsString#?,Node#963	4.924284763805722	0.0	2.462142381902861		_
com.google.javascript.jscomp.CodeGenerator#void#addJsString#?,Node#961	4.924284763805722	0.0	2.462142381902861		_
com.google.javascript.jscomp.CodeGenerator#void#addJsString#?,Node#960	4.924284763805722	0.0	2.462142381902861		_
com.google.javascript.jscomp.CodeGenerator#String#jsString#?,String,boolean#988	4.924284763805722	0.0	2.462142381902861		_
com.google.javascript.jscomp.CodeGenerator#String#jsString#?,String,boolean#989	4.924284763805722	0.0	2.462142381902861		_
com.google.javascript.jscomp.CodeGenerator#String#jsString#?,String,boolean#987	4.924284763805722	0.0	2.462142381902861		_
com.google.javascript.jscomp.CodeGenerator#void#addJsString#?,Node#953	4.924151696606787	0.0	2.4620758483033933		_
com.google.javascript.jscomp.CodeGenerator#void#addJsString#?,Node#954	4.924151696606787	0.0	2.4620758483033933		_
com.google.javascript.jscomp.CodeGenerator#String#jsString#?,String,boolean#992	4.924151696606787	0.0	2.4620758483033933		_
com.google.javascript.jscomp.CodeGenerator#String#jsString#?,String,boolean#979	4.924151696606787	0.0	2.4620758483033933		_
com.google.javascript.jscomp.CodeGenerator#String#jsString#?,String,boolean#978	4.924151696606787	0.0	2.4620758483033933		_
com.google.javascript.jscomp.CodeGenerator#String#jsString#?,String,boolean#968	4.924151696606787	0.0	2.4620758483033933		_
com.google.javascript.jscomp.CodeGenerator#String#strEscape#?,String,char,String,String,String,CharsetEncoder,boolean#1026	4.924018629407851	0.0	2.4620093147039257		_
com.google.javascript.jscomp.CodeGenerator#String#strEscape#?,String,char,String,String,String,CharsetEncoder,boolean#1027	4.924018629407851	0.0	2.4620093147039257		_
com.google.javascript.jscomp.CodeGenerator#String#strEscape#?,String,char,String,String,String,CharsetEncoder,boolean#1091	4.924018629407851	0.0	2.4620093147039257		_
com.google.javascript.jscomp.CodeGenerator#String#strEscape#?,String,char,String,String,String,CharsetEncoder,boolean#1024	4.920691949434464	0.0	2.460345974717232		_
com.google.javascript.jscomp.CodeGenerator#String#strEscape#?,String,char,String,String,String,CharsetEncoder,boolean#1023	4.920691949434464	0.0	2.460345974717232		_
com.google.javascript.jscomp.CodeGenerator#String#strEscape#?,String,char,String,String,String,CharsetEncoder,boolean#1101	4.920691949434464	0.0	2.460345974717232		_
com.google.javascript.jscomp.CodeGenerator#String#strEscape#?,String,char,String,String,String,CharsetEncoder,boolean#1102	4.920691949434464	0.0	2.460345974717232		_
com.google.javascript.rhino.Node#boolean#isDo#?#2233	4.920026613439787	0.0	2.4600133067198935		_
com.google.javascript.jscomp.AstValidator#void#validateExpression#?,Node#228	4.906320691949435	0.0	2.4531603459747173		_
com.google.javascript.jscomp.AstValidator#void#validateExpression#?,Node#229	4.906320691949435	0.0	2.4531603459747173		_
com.google.javascript.jscomp.AstValidator#void#validateString#?,Node#639	4.9031270791749835	0.0	2.4515635395874917		_
com.google.javascript.jscomp.AstValidator#void#validateString#?,Node#638	4.9031270791749835	0.0	2.4515635395874917		_
com.google.javascript.jscomp.AstValidator#void#validateString#?,Node#642	4.9031270791749835	0.0	2.4515635395874917		_
com.google.javascript.rhino.Node#void#replaceChild#?,Node,Node#725	4.865602129075183	0.0	2.4328010645375917		_
com.google.javascript.jscomp.parsing.TypeSafeDispatcher#T#process#?,AstNode#260	4.82608117099135	0.0	2.413040585495675		_
com.google.javascript.jscomp.parsing.IRFactory$TransformDispatcher#Node#processStringLiteral#?,StringLiteral#912	4.82608117099135	0.0	2.413040585495675		_
com.google.javascript.jscomp.parsing.IRFactory$TransformDispatcher#Node#processStringLiteral#?,StringLiteral#913	4.82608117099135	0.0	2.413040585495675		_
com.google.javascript.jscomp.parsing.IRFactory$TransformDispatcher#Node#processStringLiteral#?,StringLiteral#936	4.82608117099135	0.0	2.413040585495675		_
com.google.javascript.jscomp.parsing.IRFactory#Node#newStringNode#?,String#1348	4.819960079840319	0.0	2.4099800399201596		_
com.google.javascript.jscomp.parsing.IRFactory$TransformDispatcher#Node#processFunctionNode#?,FunctionNode#630	2.2987358616101132	2.5141716566866266	2.40645375914837	name == null	_
com.google.javascript.jscomp.parsing.IRFactory$TransformDispatcher#Node#processFunctionNode#?,FunctionNode#647	2.2987358616101132	2.5141716566866266	2.40645375914837	isUnnamedFunction	_
com.google.javascript.jscomp.parsing.IRFactory$TransformDispatcher#Node#processFunctionNode#?,FunctionNode#669	2.2987358616101132	2.5141716566866266	2.40645375914837	!(fnName != null)	_
com.google.javascript.jscomp.NodeUtil#JSDocInfo#getFunctionJSDocInfo#?,Node#2817	2.302727877578177	2.5057884231536924	2.404258150365935	fnInfo == null && NodeUtil.isFunctionExpression(n)	_
com.google.javascript.jscomp.NodeTraversal#void#traverseFunction#?,Node,Node#519	2.302727877578177	2.5037924151696607	2.4032601463739187	!(!isFunctionExpression)	_
com.google.javascript.jscomp.NodeTraversal#void#traverseFunction#?,Node,Node#527	2.302727877578177	2.5037924151696607	2.4032601463739187	isFunctionExpression	_
com.google.javascript.jscomp.CodeGenerator#void#add#?,Node,Context#228	4.77564870259481	0.0	2.387824351297405		_
com.google.javascript.jscomp.CodeGenerator#void#add#?,Node,Context#227	4.77564870259481	0.0	2.387824351297405		_
com.google.javascript.jscomp.CodeGenerator#void#add#?,Node,Context#229	4.77564870259481	0.0	2.387824351297405		_
com.google.javascript.jscomp.CodeConsumer#void#addNumber#?,double#250	4.775515635395875	0.0	2.3877578176979375		_
com.google.javascript.jscomp.CodeConsumer#void#addNumber#?,double#251	4.775515635395875	0.0	2.3877578176979375		_
com.google.javascript.jscomp.CodeConsumer#void#addNumber#?,double#252	4.775515635395875	0.0	2.3877578176979375		_
com.google.javascript.jscomp.CodeConsumer#void#addNumber#?,double#262	4.775515635395875	0.0	2.3877578176979375		_
com.google.javascript.jscomp.CodeConsumer#void#addNumber#?,double#244	4.775116433799068	0.0	2.387558216899534		_
com.google.javascript.jscomp.CodeConsumer#void#addNumber#?,double#243	4.775116433799068	0.0	2.387558216899534		_
com.google.javascript.jscomp.CodeConsumer#boolean#isNegativeZero#?,double#274	4.775116433799068	0.0	2.387558216899534		_
com.google.javascript.jscomp.AstValidator#void#validateExpression#?,Node#233	4.754224883566201	0.0	2.3771124417831007		_
com.google.javascript.jscomp.AstValidator#void#validateExpression#?,Node#232	4.754224883566201	0.0	2.3771124417831007		_
com.google.javascript.jscomp.AstValidator#void#validateNumber#?,Node#650	4.754224883566201	0.0	2.3771124417831007		_
com.google.javascript.jscomp.AstValidator#void#validateNumber#?,Node#653	4.754224883566201	0.0	2.3771124417831007		_
com.google.javascript.jscomp.AstValidator#void#validateNumber#?,Node#649	4.754224883566201	0.0	2.3771124417831007		_
com.google.javascript.rhino.Node#boolean#isEquivalentTo#?,Node,boolean,boolean#1551	4.752761144377911	0.0	2.3763805721889555		_
com.google.javascript.jscomp.CodeGenerator#void#add#?,Node,Context#516	4.752361942781104	0.0	2.376180971390552		_
com.google.javascript.jscomp.AstValidator#void#validateBlock#?,Node#280	4.752228875582169	0.0	2.3761144377910846		_
com.google.javascript.jscomp.CodeGenerator#boolean#isIndirectEval#?,Node#788	4.752095808383234	0.0	2.376047904191617		_
com.google.javascript.jscomp.CodeGenerator#void#add#?,Node,Context#521	4.752095808383234	0.0	2.376047904191617		_
com.google.javascript.jscomp.CodeGenerator#void#add#?,Node,Context#520	4.752095808383234	0.0	2.376047904191617		_
com.google.javascript.jscomp.CodeGenerator#void#add#?,Node,Context#519	4.752095808383234	0.0	2.376047904191617		_
com.google.javascript.jscomp.CodeGenerator#void#add#?,Node,Context#518	4.752095808383234	0.0	2.376047904191617		_
com.google.javascript.jscomp.CodeConsumer#void#addConstant#?,String#270	4.751430472388556	0.0	2.375715236194278		_
com.google.javascript.jscomp.AstValidator#void#validateExpression#?,Node#260	4.709115103127079	0.0	2.3545575515635395		_
com.google.javascript.jscomp.AstValidator#void#validateExpression#?,Node#261	4.709115103127079	0.0	2.3545575515635395		_
com.google.javascript.jscomp.AstValidator#void#validateCall#?,Node#377	4.709115103127079	0.0	2.3545575515635395		_
com.google.javascript.jscomp.AstValidator#void#validateCall#?,Node#374	4.709115103127079	0.0	2.3545575515635395		_
com.google.javascript.jscomp.AstValidator#void#validateCall#?,Node#375	4.709115103127079	0.0	2.3545575515635395		_
com.google.javascript.jscomp.CodeGenerator#void#addList#?,Node#896	4.636726546906187	0.0	2.3183632734530937		_
com.google.javascript.jscomp.parsing.IRFactory#Node#newNumberNode#?,Double#1356	4.61849634065203	0.0	2.309248170326015		_
com.google.javascript.jscomp.parsing.TypeSafeDispatcher#T#process#?,AstNode#250	4.61849634065203	0.0	2.309248170326015		_
com.google.javascript.jscomp.parsing.IRFactory$TransformDispatcher#Node#processNumberLiteral#?,NumberLiteral#801	4.61849634065203	0.0	2.309248170326015		_
com.google.javascript.jscomp.PrepareAst$PrepareAnnotations#void#annotateDispatchers#?,Node,Node#187	2.302727877578177	2.3028609447771125	2.302794411177645	!(parent.getJSDocInfo() != null && parent.getJSDocInfo().isJavaDispatch())	_
com.google.javascript.rhino.IR#Node#number#?,double#428	4.602262142381903	0.0	2.3011310711909516		_
com.google.javascript.rhino.Node#Node#newNumber#?,double#505	4.599866932801064	0.0	2.299933466400532		_
com.google.javascript.rhino.Node$NumberNode#?#NumberNode#?,double#156	4.599866932801064	0.0	2.299933466400532		_
com.google.javascript.jscomp.parsing.IRFactory$TransformDispatcher#Node#processFunctionNode#?,FunctionNode#698	2.2987358616101132	2.2987358616101132	2.2987358616101132	!(!bodyNode.isBlock())	_
com.google.javascript.jscomp.LineNumberCheck#void#process#?,Node,Node#54	4.577910844976714	0.0	2.288955422488357		_
com.google.javascript.jscomp.LineNumberCheck#void#process#?,Node,Node#52	4.577910844976714	0.0	2.288955422488357		_
com.google.javascript.jscomp.LineNumberCheck#boolean#shouldTraverse#?,NodeTraversal,Node,Node#62	4.574184963406521	0.0	2.2870924817032603		_
com.google.javascript.jscomp.LineNumberCheck#void#visit#?,NodeTraversal,Node,Node#70	4.574184963406521	0.0	2.2870924817032603		_
com.google.javascript.jscomp.parsing.TypeSafeDispatcher#T#process#?,AstNode#173	2.278243512974052	2.2938123752495008	2.286027944111776	node instanceof Block	_
com.google.javascript.rhino.testing.BaseJSTypeTestCase#void#addNativeProperties#?,JSTypeRegistry#238	4.570592149035263	0.0	2.2852960745176314		_
com.google.javascript.rhino.testing.BaseJSTypeTestCase#void#addNativeProperties#?,JSTypeRegistry#236	4.570592149035263	0.0	2.2852960745176314		_
com.google.javascript.rhino.testing.BaseJSTypeTestCase#void#addNativeProperties#?,JSTypeRegistry#234	4.570592149035263	0.0	2.2852960745176314		_
com.google.javascript.rhino.testing.BaseJSTypeTestCase#void#addNativeProperties#?,JSTypeRegistry#232	4.570592149035263	0.0	2.2852960745176314		_
com.google.javascript.rhino.testing.BaseJSTypeTestCase#void#addNativeProperties#?,JSTypeRegistry#231	4.570592149035263	0.0	2.2852960745176314		_
com.google.javascript.rhino.testing.BaseJSTypeTestCase#void#addNativeProperties#?,JSTypeRegistry#230	4.570592149035263	0.0	2.2852960745176314		_
com.google.javascript.rhino.testing.BaseJSTypeTestCase#void#addNativeProperties#?,JSTypeRegistry#229	4.570592149035263	0.0	2.2852960745176314		_
com.google.javascript.rhino.testing.BaseJSTypeTestCase#void#addNativeProperties#?,JSTypeRegistry#254	4.570592149035263	0.0	2.2852960745176314		_
com.google.javascript.rhino.testing.BaseJSTypeTestCase#void#addNativeProperties#?,JSTypeRegistry#255	4.570592149035263	0.0	2.2852960745176314		_
com.google.javascript.rhino.testing.BaseJSTypeTestCase#void#addNativeProperties#?,JSTypeRegistry#252	4.570592149035263	0.0	2.2852960745176314		_
com.google.javascript.rhino.testing.BaseJSTypeTestCase#void#addNativeProperties#?,JSTypeRegistry#253	4.570592149035263	0.0	2.2852960745176314		_
com.google.javascript.rhino.testing.BaseJSTypeTestCase#void#addNativeProperties#?,JSTypeRegistry#258	4.570592149035263	0.0	2.2852960745176314		_
com.google.javascript.rhino.testing.BaseJSTypeTestCase#void#addNativeProperties#?,JSTypeRegistry#256	4.570592149035263	0.0	2.2852960745176314		_
com.google.javascript.rhino.testing.BaseJSTypeTestCase#void#addNativeProperties#?,JSTypeRegistry#257	4.570592149035263	0.0	2.2852960745176314		_
com.google.javascript.rhino.testing.BaseJSTypeTestCase#void#addNativeProperties#?,JSTypeRegistry#240	4.570592149035263	0.0	2.2852960745176314		_
com.google.javascript.rhino.testing.BaseJSTypeTestCase#void#addNativeProperties#?,JSTypeRegistry#242	4.570592149035263	0.0	2.2852960745176314		_
com.google.javascript.rhino.testing.BaseJSTypeTestCase#void#addNativeProperties#?,JSTypeRegistry#244	4.570592149035263	0.0	2.2852960745176314		_
com.google.javascript.rhino.testing.BaseJSTypeTestCase#void#addNativeProperties#?,JSTypeRegistry#246	4.570592149035263	0.0	2.2852960745176314		_
com.google.javascript.rhino.testing.BaseJSTypeTestCase#void#addNativeProperties#?,JSTypeRegistry#249	4.570592149035263	0.0	2.2852960745176314		_
com.google.javascript.rhino.testing.BaseJSTypeTestCase#void#addNativeProperties#?,JSTypeRegistry#273	4.570592149035263	0.0	2.2852960745176314		_
com.google.javascript.rhino.testing.BaseJSTypeTestCase#void#addNativeProperties#?,JSTypeRegistry#272	4.570592149035263	0.0	2.2852960745176314		_
com.google.javascript.rhino.testing.BaseJSTypeTestCase#void#addNativeProperties#?,JSTypeRegistry#271	4.570592149035263	0.0	2.2852960745176314		_
com.google.javascript.rhino.testing.BaseJSTypeTestCase#void#addNativeProperties#?,JSTypeRegistry#270	4.570592149035263	0.0	2.2852960745176314		_
com.google.javascript.rhino.testing.BaseJSTypeTestCase#void#addNativeProperties#?,JSTypeRegistry#278	4.570592149035263	0.0	2.2852960745176314		_
com.google.javascript.rhino.testing.BaseJSTypeTestCase#void#addNativeProperties#?,JSTypeRegistry#276	4.570592149035263	0.0	2.2852960745176314		_
com.google.javascript.rhino.testing.BaseJSTypeTestCase#void#addNativeProperties#?,JSTypeRegistry#274	4.570592149035263	0.0	2.2852960745176314		_
com.google.javascript.rhino.testing.BaseJSTypeTestCase#void#addNativeProperties#?,JSTypeRegistry#275	4.570592149035263	0.0	2.2852960745176314		_
com.google.javascript.rhino.testing.BaseJSTypeTestCase#void#addNativeProperties#?,JSTypeRegistry#260	4.570592149035263	0.0	2.2852960745176314		_
com.google.javascript.rhino.testing.BaseJSTypeTestCase#void#addNativeProperties#?,JSTypeRegistry#267	4.570592149035263	0.0	2.2852960745176314		_
com.google.javascript.rhino.testing.BaseJSTypeTestCase#void#addNativeProperties#?,JSTypeRegistry#268	4.570592149035263	0.0	2.2852960745176314		_
com.google.javascript.rhino.testing.BaseJSTypeTestCase#void#addNativeProperties#?,JSTypeRegistry#269	4.570592149035263	0.0	2.2852960745176314		_
com.google.javascript.rhino.testing.BaseJSTypeTestCase#void#addNativeProperties#?,JSTypeRegistry#263	4.570592149035263	0.0	2.2852960745176314		_
com.google.javascript.rhino.testing.BaseJSTypeTestCase#void#addNativeProperties#?,JSTypeRegistry#264	4.570592149035263	0.0	2.2852960745176314		_
com.google.javascript.rhino.testing.BaseJSTypeTestCase#void#addNativeProperties#?,JSTypeRegistry#265	4.570592149035263	0.0	2.2852960745176314		_
com.google.javascript.rhino.testing.BaseJSTypeTestCase#void#addNativeProperties#?,JSTypeRegistry#266	4.570592149035263	0.0	2.2852960745176314		_
com.google.javascript.rhino.testing.BaseJSTypeTestCase#void#addNativeProperties#?,JSTypeRegistry#289	4.570592149035263	0.0	2.2852960745176314		_
com.google.javascript.rhino.testing.BaseJSTypeTestCase#void#addNativeProperties#?,JSTypeRegistry#288	4.570592149035263	0.0	2.2852960745176314		_
com.google.javascript.rhino.testing.BaseJSTypeTestCase#void#addNativeProperties#?,JSTypeRegistry#285	4.570592149035263	0.0	2.2852960745176314		_
com.google.javascript.rhino.testing.BaseJSTypeTestCase#void#addNativeProperties#?,JSTypeRegistry#283	4.570592149035263	0.0	2.2852960745176314		_
com.google.javascript.rhino.testing.BaseJSTypeTestCase#void#addNativeProperties#?,JSTypeRegistry#281	4.570592149035263	0.0	2.2852960745176314		_
com.google.javascript.rhino.testing.BaseJSTypeTestCase#void#addNativeProperties#?,JSTypeRegistry#282	4.570592149035263	0.0	2.2852960745176314		_
com.google.javascript.rhino.testing.BaseJSTypeTestCase#void#addNativeProperties#?,JSTypeRegistry#297	4.570592149035263	0.0	2.2852960745176314		_
com.google.javascript.rhino.testing.BaseJSTypeTestCase#void#addNativeProperties#?,JSTypeRegistry#296	4.570592149035263	0.0	2.2852960745176314		_
com.google.javascript.rhino.testing.BaseJSTypeTestCase#void#addNativeProperties#?,JSTypeRegistry#299	4.570592149035263	0.0	2.2852960745176314		_
com.google.javascript.rhino.testing.BaseJSTypeTestCase#void#addNativeProperties#?,JSTypeRegistry#298	4.570592149035263	0.0	2.2852960745176314		_
com.google.javascript.rhino.testing.BaseJSTypeTestCase#void#addNativeProperties#?,JSTypeRegistry#292	4.570592149035263	0.0	2.2852960745176314		_
com.google.javascript.rhino.testing.BaseJSTypeTestCase#void#addNativeProperties#?,JSTypeRegistry#293	4.570592149035263	0.0	2.2852960745176314		_
com.google.javascript.rhino.testing.BaseJSTypeTestCase#void#addNativeProperties#?,JSTypeRegistry#294	4.570592149035263	0.0	2.2852960745176314		_
com.google.javascript.rhino.testing.BaseJSTypeTestCase#void#addNativeProperties#?,JSTypeRegistry#295	4.570592149035263	0.0	2.2852960745176314		_
com.google.javascript.rhino.testing.BaseJSTypeTestCase#void#addNativeProperties#?,JSTypeRegistry#290	4.570592149035263	0.0	2.2852960745176314		_
com.google.javascript.rhino.testing.BaseJSTypeTestCase#void#addNativeProperties#?,JSTypeRegistry#291	4.570592149035263	0.0	2.2852960745176314		_
com.google.javascript.rhino.testing.BaseJSTypeTestCase#void#addMethod#?,JSTypeRegistry,ObjectType,String,JSType#386	4.570592149035263	0.0	2.2852960745176314		_
com.google.javascript.rhino.testing.BaseJSTypeTestCase#void#addNativeProperties#?,JSTypeRegistry#365	4.570592149035263	0.0	2.2852960745176314		_
com.google.javascript.rhino.testing.BaseJSTypeTestCase#void#addNativeProperties#?,JSTypeRegistry#364	4.570592149035263	0.0	2.2852960745176314		_
com.google.javascript.rhino.testing.BaseJSTypeTestCase#void#addNativeProperties#?,JSTypeRegistry#363	4.570592149035263	0.0	2.2852960745176314		_
com.google.javascript.rhino.testing.BaseJSTypeTestCase#void#addNativeProperties#?,JSTypeRegistry#362	4.570592149035263	0.0	2.2852960745176314		_
com.google.javascript.rhino.testing.BaseJSTypeTestCase#void#addNativeProperties#?,JSTypeRegistry#369	4.570592149035263	0.0	2.2852960745176314		_
com.google.javascript.rhino.testing.BaseJSTypeTestCase#void#addNativeProperties#?,JSTypeRegistry#368	4.570592149035263	0.0	2.2852960745176314		_
com.google.javascript.rhino.testing.BaseJSTypeTestCase#void#addNativeProperties#?,JSTypeRegistry#367	4.570592149035263	0.0	2.2852960745176314		_
com.google.javascript.rhino.testing.BaseJSTypeTestCase#void#addNativeProperties#?,JSTypeRegistry#366	4.570592149035263	0.0	2.2852960745176314		_
com.google.javascript.rhino.testing.BaseJSTypeTestCase#void#addNativeProperties#?,JSTypeRegistry#360	4.570592149035263	0.0	2.2852960745176314		_
com.google.javascript.rhino.testing.BaseJSTypeTestCase#void#addNativeProperties#?,JSTypeRegistry#361	4.570592149035263	0.0	2.2852960745176314		_
com.google.javascript.rhino.testing.BaseJSTypeTestCase#void#addNativeProperties#?,JSTypeRegistry#374	4.570592149035263	0.0	2.2852960745176314		_
com.google.javascript.rhino.testing.BaseJSTypeTestCase#void#addNativeProperties#?,JSTypeRegistry#373	4.570592149035263	0.0	2.2852960745176314		_
com.google.javascript.rhino.testing.BaseJSTypeTestCase#void#addNativeProperties#?,JSTypeRegistry#376	4.570592149035263	0.0	2.2852960745176314		_
com.google.javascript.rhino.testing.BaseJSTypeTestCase#void#addNativeProperties#?,JSTypeRegistry#375	4.570592149035263	0.0	2.2852960745176314		_
com.google.javascript.rhino.testing.BaseJSTypeTestCase#void#addNativeProperties#?,JSTypeRegistry#378	4.570592149035263	0.0	2.2852960745176314		_
com.google.javascript.rhino.testing.BaseJSTypeTestCase#void#addNativeProperties#?,JSTypeRegistry#377	4.570592149035263	0.0	2.2852960745176314		_
com.google.javascript.rhino.testing.BaseJSTypeTestCase#void#addNativeProperties#?,JSTypeRegistry#379	4.570592149035263	0.0	2.2852960745176314		_
com.google.javascript.rhino.testing.BaseJSTypeTestCase#void#addNativeProperties#?,JSTypeRegistry#371	4.570592149035263	0.0	2.2852960745176314		_
com.google.javascript.rhino.testing.BaseJSTypeTestCase#void#addNativeProperties#?,JSTypeRegistry#372	4.570592149035263	0.0	2.2852960745176314		_
com.google.javascript.rhino.testing.BaseJSTypeTestCase#void#addNativeProperties#?,JSTypeRegistry#380	4.570592149035263	0.0	2.2852960745176314		_
com.google.javascript.rhino.testing.BaseJSTypeTestCase#void#addNativeProperties#?,JSTypeRegistry#320	4.570592149035263	0.0	2.2852960745176314		_
com.google.javascript.rhino.testing.BaseJSTypeTestCase#void#addNativeProperties#?,JSTypeRegistry#321	4.570592149035263	0.0	2.2852960745176314		_
com.google.javascript.rhino.testing.BaseJSTypeTestCase#void#addNativeProperties#?,JSTypeRegistry#324	4.570592149035263	0.0	2.2852960745176314		_
com.google.javascript.rhino.testing.BaseJSTypeTestCase#void#addNativeProperties#?,JSTypeRegistry#325	4.570592149035263	0.0	2.2852960745176314		_
com.google.javascript.rhino.testing.BaseJSTypeTestCase#void#addNativeProperties#?,JSTypeRegistry#322	4.570592149035263	0.0	2.2852960745176314		_
com.google.javascript.rhino.testing.BaseJSTypeTestCase#void#addNativeProperties#?,JSTypeRegistry#323	4.570592149035263	0.0	2.2852960745176314		_
com.google.javascript.rhino.testing.BaseJSTypeTestCase#void#addNativeProperties#?,JSTypeRegistry#328	4.570592149035263	0.0	2.2852960745176314		_
com.google.javascript.rhino.testing.BaseJSTypeTestCase#void#addNativeProperties#?,JSTypeRegistry#329	4.570592149035263	0.0	2.2852960745176314		_
com.google.javascript.rhino.testing.BaseJSTypeTestCase#void#addNativeProperties#?,JSTypeRegistry#326	4.570592149035263	0.0	2.2852960745176314		_
com.google.javascript.rhino.testing.BaseJSTypeTestCase#void#addNativeProperties#?,JSTypeRegistry#327	4.570592149035263	0.0	2.2852960745176314		_
com.google.javascript.rhino.testing.BaseJSTypeTestCase#void#addNativeProperties#?,JSTypeRegistry#330	4.570592149035263	0.0	2.2852960745176314		_
com.google.javascript.rhino.testing.BaseJSTypeTestCase#void#addNativeProperties#?,JSTypeRegistry#332	4.570592149035263	0.0	2.2852960745176314		_
com.google.javascript.rhino.testing.BaseJSTypeTestCase#void#addNativeProperties#?,JSTypeRegistry#335	4.570592149035263	0.0	2.2852960745176314		_
com.google.javascript.rhino.testing.BaseJSTypeTestCase#void#addNativeProperties#?,JSTypeRegistry#336	4.570592149035263	0.0	2.2852960745176314		_
com.google.javascript.rhino.testing.BaseJSTypeTestCase#void#addNativeProperties#?,JSTypeRegistry#337	4.570592149035263	0.0	2.2852960745176314		_
com.google.javascript.rhino.testing.BaseJSTypeTestCase#void#addNativeProperties#?,JSTypeRegistry#338	4.570592149035263	0.0	2.2852960745176314		_
com.google.javascript.rhino.testing.BaseJSTypeTestCase#void#addNativeProperties#?,JSTypeRegistry#339	4.570592149035263	0.0	2.2852960745176314		_
com.google.javascript.rhino.testing.BaseJSTypeTestCase#void#addNativeProperties#?,JSTypeRegistry#346	4.570592149035263	0.0	2.2852960745176314		_
com.google.javascript.rhino.testing.BaseJSTypeTestCase#void#addNativeProperties#?,JSTypeRegistry#347	4.570592149035263	0.0	2.2852960745176314		_
com.google.javascript.rhino.testing.BaseJSTypeTestCase#void#addNativeProperties#?,JSTypeRegistry#343	4.570592149035263	0.0	2.2852960745176314		_
com.google.javascript.rhino.testing.BaseJSTypeTestCase#void#addNativeProperties#?,JSTypeRegistry#340	4.570592149035263	0.0	2.2852960745176314		_
com.google.javascript.rhino.testing.BaseJSTypeTestCase#void#addNativeProperties#?,JSTypeRegistry#341	4.570592149035263	0.0	2.2852960745176314		_
com.google.javascript.rhino.testing.BaseJSTypeTestCase#void#addNativeProperties#?,JSTypeRegistry#349	4.570592149035263	0.0	2.2852960745176314		_
com.google.javascript.rhino.testing.BaseJSTypeTestCase#void#addNativeProperties#?,JSTypeRegistry#355	4.570592149035263	0.0	2.2852960745176314		_
com.google.javascript.rhino.testing.BaseJSTypeTestCase#void#addNativeProperties#?,JSTypeRegistry#357	4.570592149035263	0.0	2.2852960745176314		_
com.google.javascript.rhino.testing.BaseJSTypeTestCase#void#addNativeProperties#?,JSTypeRegistry#351	4.570592149035263	0.0	2.2852960745176314		_
com.google.javascript.rhino.testing.BaseJSTypeTestCase#void#addNativeProperties#?,JSTypeRegistry#352	4.570592149035263	0.0	2.2852960745176314		_
com.google.javascript.rhino.testing.BaseJSTypeTestCase#void#addNativeProperties#?,JSTypeRegistry#353	4.570592149035263	0.0	2.2852960745176314		_
com.google.javascript.rhino.testing.BaseJSTypeTestCase#void#addNativeProperties#?,JSTypeRegistry#354	4.570592149035263	0.0	2.2852960745176314		_
com.google.javascript.rhino.testing.BaseJSTypeTestCase#void#addNativeProperties#?,JSTypeRegistry#350	4.570592149035263	0.0	2.2852960745176314		_
com.google.javascript.rhino.testing.BaseJSTypeTestCase#void#addNativeProperties#?,JSTypeRegistry#309	4.570592149035263	0.0	2.2852960745176314		_
com.google.javascript.rhino.testing.BaseJSTypeTestCase#void#addNativeProperties#?,JSTypeRegistry#308	4.570592149035263	0.0	2.2852960745176314		_
com.google.javascript.rhino.testing.BaseJSTypeTestCase#void#addNativeProperties#?,JSTypeRegistry#305	4.570592149035263	0.0	2.2852960745176314		_
com.google.javascript.rhino.testing.BaseJSTypeTestCase#void#addNativeProperties#?,JSTypeRegistry#304	4.570592149035263	0.0	2.2852960745176314		_
com.google.javascript.rhino.testing.BaseJSTypeTestCase#void#addNativeProperties#?,JSTypeRegistry#307	4.570592149035263	0.0	2.2852960745176314		_
com.google.javascript.rhino.testing.BaseJSTypeTestCase#void#addNativeProperties#?,JSTypeRegistry#306	4.570592149035263	0.0	2.2852960745176314		_
com.google.javascript.rhino.testing.BaseJSTypeTestCase#void#addNativeProperties#?,JSTypeRegistry#301	4.570592149035263	0.0	2.2852960745176314		_
com.google.javascript.rhino.testing.BaseJSTypeTestCase#void#addNativeProperties#?,JSTypeRegistry#300	4.570592149035263	0.0	2.2852960745176314		_
com.google.javascript.rhino.testing.BaseJSTypeTestCase#void#addNativeProperties#?,JSTypeRegistry#303	4.570592149035263	0.0	2.2852960745176314		_
com.google.javascript.rhino.testing.BaseJSTypeTestCase#void#addNativeProperties#?,JSTypeRegistry#302	4.570592149035263	0.0	2.2852960745176314		_
com.google.javascript.rhino.testing.BaseJSTypeTestCase#void#addNativeProperties#?,JSTypeRegistry#319	4.570592149035263	0.0	2.2852960745176314		_
com.google.javascript.rhino.testing.BaseJSTypeTestCase#void#addNativeProperties#?,JSTypeRegistry#318	4.570592149035263	0.0	2.2852960745176314		_
com.google.javascript.rhino.testing.BaseJSTypeTestCase#void#addNativeProperties#?,JSTypeRegistry#317	4.570592149035263	0.0	2.2852960745176314		_
com.google.javascript.rhino.testing.BaseJSTypeTestCase#void#addNativeProperties#?,JSTypeRegistry#316	4.570592149035263	0.0	2.2852960745176314		_
com.google.javascript.rhino.testing.BaseJSTypeTestCase#void#addNativeProperties#?,JSTypeRegistry#315	4.570592149035263	0.0	2.2852960745176314		_
com.google.javascript.rhino.testing.BaseJSTypeTestCase#void#addNativeProperties#?,JSTypeRegistry#314	4.570592149035263	0.0	2.2852960745176314		_
com.google.javascript.rhino.testing.BaseJSTypeTestCase#void#addNativeProperties#?,JSTypeRegistry#313	4.570592149035263	0.0	2.2852960745176314		_
com.google.javascript.rhino.testing.BaseJSTypeTestCase#void#addNativeProperties#?,JSTypeRegistry#312	4.570592149035263	0.0	2.2852960745176314		_
com.google.javascript.rhino.testing.BaseJSTypeTestCase#void#addNativeProperties#?,JSTypeRegistry#311	4.570592149035263	0.0	2.2852960745176314		_
com.google.javascript.rhino.testing.BaseJSTypeTestCase#void#addNativeProperties#?,JSTypeRegistry#310	4.570592149035263	0.0	2.2852960745176314		_
com.google.javascript.jscomp.LineNumberCheck#?#LineNumberCheck#?,AbstractCompiler#41	4.566200931470393	0.0	2.2831004657351963		_
com.google.javascript.jscomp.LineNumberCheck#boolean#shouldTraverse#?,NodeTraversal,Node,Node#64	4.566200931470393	0.0	2.2831004657351963		_
com.google.javascript.jscomp.parsing.IRFactory#int#transformTokenType#?,int#1308	2.278243512974052	2.278243512974052	2.278243512974052	(Token.BLOCK)> 0	_
com.google.javascript.jscomp.AstValidator#void#validateRoot#?,Node#70	4.546373918829008	0.0	2.273186959414504		_
com.google.javascript.jscomp.AstValidator#void#validateRoot#?,Node#72	4.546373918829008	0.0	2.273186959414504		_
com.google.javascript.jscomp.AstValidator#void#validateRoot#?,Node#71	4.546373918829008	0.0	2.273186959414504		_
com.google.javascript.jscomp.AstValidator#void#validateRoot#?,Node#69	4.546373918829008	0.0	2.273186959414504		_
com.google.javascript.jscomp.AstValidator#void#validateRoot#?,Node#68	4.546373918829008	0.0	2.273186959414504		_
com.google.javascript.jscomp.GoogleCodingConvention#?#GoogleCodingConvention#?#44	4.517365269461078	0.0	2.258682634730539		_
com.google.javascript.jscomp.GoogleCodingConvention#?#GoogleCodingConvention#?,CodingConvention#49	4.517365269461078	0.0	2.258682634730539		_
com.google.javascript.jscomp.SyntacticScopeCreator#void#scanRoot#?,Node,Scope#106	1.8263473053892216	2.6874251497005988	2.25688622754491	!(a != null)	_
com.google.javascript.jscomp.AstValidator#void#validateParameters#?,Node#368	1.8107784431137723	2.618629407850965	2.2147039254823686	!(c != null)	_
com.google.javascript.jscomp.LoggerErrorManager#?#LoggerErrorManager#?,MessageFormatter,Logger#38	4.424750499001996	0.0	2.212375249500998		_
com.google.javascript.jscomp.LoggerErrorManager#?#LoggerErrorManager#?,MessageFormatter,Logger#39	4.424750499001996	0.0	2.212375249500998		_
com.google.javascript.jscomp.Compiler#void#initOptions#?,CompilerOptions#246	4.424750499001996	0.0	2.212375249500998		_
com.google.javascript.jscomp.Compiler#?#Compiler#?#198	4.424484364604125	0.0	2.2122421823020626		_
com.google.javascript.jscomp.parsing.TypeSafeDispatcher#T#process#?,AstNode#161	4.416899534264804	0.0	2.208449767132402		_
com.google.javascript.jscomp.parsing.IRFactory$TransformDispatcher#Node#processAssignment#?,Assignment#440	4.416899534264804	0.0	2.208449767132402		_
com.google.javascript.jscomp.parsing.IRFactory$TransformDispatcher#Node#processAssignment#?,Assignment#448	4.416899534264804	0.0	2.208449767132402		_
com.google.javascript.jscomp.parsing.IRFactory$TransformDispatcher#Node#processAssignment#?,Assignment#441	4.416899534264804	0.0	2.208449767132402		_
com.google.javascript.jscomp.parsing.IRFactory$TransformDispatcher#boolean#validAssignmentTarget#?,Node#1056	4.406520292747838	0.0	2.203260146373919		_
com.google.javascript.jscomp.parsing.IRFactory$TransformDispatcher#boolean#validAssignmentTarget#?,Node#1052	4.406387225548902	0.0	2.203193612774451		_
com.google.javascript.rhino.jstype.JSTypeRegistry#JSType#createNullableType#?,JSType#978	4.398403193612775	0.0	2.1992015968063874		_
com.google.javascript.jscomp.parsing.IRFactory$TransformDispatcher#Node#processInfixExpression#?,InfixExpression#730	4.371656686626746	0.0	2.185828343313373		_
com.google.javascript.jscomp.parsing.IRFactory$TransformDispatcher#Node#processInfixExpression#?,InfixExpression#723	4.371656686626746	0.0	2.185828343313373		_
com.google.javascript.jscomp.parsing.IRFactory$TransformDispatcher#Node#processInfixExpression#?,InfixExpression#727	4.371656686626746	0.0	2.185828343313373		_
com.google.javascript.jscomp.parsing.IRFactory$TransformDispatcher#Node#processInfixExpression#?,InfixExpression#728	4.371656686626746	0.0	2.185828343313373		_
com.google.javascript.jscomp.parsing.IRFactory$TransformDispatcher#Node#processInfixExpression#?,InfixExpression#729	4.371656686626746	0.0	2.185828343313373		_
com.google.javascript.rhino.jstype.ObjectType#boolean#isImplicitPrototype#?,ObjectType#474	4.332268795741849	0.0	2.1661343978709247		_
com.google.javascript.rhino.jstype.UnionTypeBuilder#UnionTypeBuilder#addAlternate#?,JSType#183	4.325881570192948	0.0	2.162940785096474		_
com.google.javascript.rhino.jstype.InstanceObjectType#boolean#isEquivalentTo#?,JSType#163	4.324018629407851	0.0	2.1620093147039254		_
com.google.javascript.rhino.jstype.JSType#boolean#isNominalType#?#354	4.323353293413174	0.0	2.161676646706587		_
com.google.javascript.jscomp.Compiler#void#initOptions#?,CompilerOptions#258	4.318030605455755	0.0	2.1590153027278776		_
com.google.javascript.jscomp.ComposeWarningsGuard#boolean#enables#?,DiagnosticGroup#152	4.31377245508982	0.0	2.15688622754491		_
com.google.javascript.jscomp.DiagnosticGroupWarningsGuard#boolean#enables#?,DiagnosticGroup#53	4.31377245508982	0.0	2.15688622754491		_
com.google.javascript.jscomp.DiagnosticGroupWarningsGuard#boolean#enables#?,DiagnosticGroup#51	4.312974051896208	0.0	2.156487025948104		_
com.google.javascript.rhino.jstype.InstanceObjectType#boolean#defineProperty#?,String,JSType,boolean,Node#92	4.308316699933466	0.0	2.154158349966733		_
com.google.javascript.rhino.jstype.InstanceObjectType#boolean#defineProperty#?,String,JSType,boolean,Node#88	4.308316699933466	0.0	2.154158349966733		_
com.google.javascript.rhino.jstype.PrototypeObjectType#FunctionType#getConstructor#?#408	4.30499001996008	0.0	2.15249500998004		_
com.google.javascript.rhino.jstype.ObjectType#boolean#defineDeclaredProperty#?,String,JSType,Node#280	4.304058549567531	0.0	2.1520292747837657		_
com.google.javascript.rhino.jstype.ObjectType#boolean#defineDeclaredProperty#?,String,JSType,Node#282	4.304058549567531	0.0	2.1520292747837657		_
com.google.javascript.rhino.jstype.ObjectType#boolean#defineDeclaredProperty#?,String,JSType,Node#273	4.304058549567531	0.0	2.1520292747837657		_
com.google.javascript.rhino.jstype.ObjectType#boolean#hasOwnDeclaredProperty#?,String#426	4.302727877578177	0.0	2.1513639387890886		_
com.google.javascript.rhino.jstype.PrototypeObjectType#boolean#defineProperty#?,String,JSType,boolean,Node#239	4.302727877578177	0.0	2.1513639387890886		_
com.google.javascript.rhino.jstype.PrototypeObjectType#boolean#defineProperty#?,String,JSType,boolean,Node#241	4.302727877578177	0.0	2.1513639387890886		_
com.google.javascript.rhino.jstype.PrototypeObjectType#boolean#defineProperty#?,String,JSType,boolean,Node#247	4.302727877578177	0.0	2.1513639387890886		_
com.google.javascript.rhino.jstype.PrototypeObjectType#boolean#defineProperty#?,String,JSType,boolean,Node#248	4.302727877578177	0.0	2.1513639387890886		_
com.google.javascript.rhino.jstype.PrototypeObjectType#boolean#hasOwnProperty#?,String#174	4.302195608782435	0.0	2.1510978043912177		_
com.google.javascript.rhino.jstype.PrototypeObjectType#String#getReferenceName#?#432	4.292880904856952	0.0	2.146440452428476		_
com.google.javascript.jscomp.NodeUtil#JSDocInfo#getFunctionJSDocInfo#?,Node#2820	2.5057884231536924	1.60146373918829	2.053626081170991	parent.isAssign()	_
com.google.javascript.jscomp.CommandLineRunner#void#initConfigFromFlags#?,String[],PrintStream#683	2.0	2.0	2.0	!(flags.common_js_entry_module == null)	_
com.google.javascript.jscomp.ProcessCommonJSModules$SuffixVarsCallback#void#visit#?,NodeTraversal,Node,Node#265	4.0	0.0	2.0		_
com.google.javascript.jscomp.ProcessCommonJSModules$SuffixVarsCallback#void#visit#?,NodeTraversal,Node,Node#264	4.0	0.0	2.0		_
com.google.javascript.jscomp.ProcessCommonJSModules$ProcessCommonJsModulesCallback#void#visitRequireCall#?,NodeTraversal,Node,Node#153	3.999733865602129	0.0	1.9998669328010645		_
com.google.javascript.jscomp.ProcessCommonJSModules$ProcessCommonJsModulesCallback#void#visitRequireCall#?,NodeTraversal,Node,Node#155	3.999733865602129	0.0	1.9998669328010645		_
com.google.javascript.jscomp.ProcessCommonJSModules$ProcessCommonJsModulesCallback#void#visitRequireCall#?,NodeTraversal,Node,Node#157	3.999733865602129	0.0	1.9998669328010645		_
com.google.javascript.jscomp.ProcessCommonJSModules$ProcessCommonJsModulesCallback#void#visitRequireCall#?,NodeTraversal,Node,Node#156	3.999733865602129	0.0	1.9998669328010645		_
com.google.javascript.jscomp.ProcessCommonJSModules$ProcessCommonJsModulesCallback#void#visitRequireCall#?,NodeTraversal,Node,Node#165	3.999733865602129	0.0	1.9998669328010645		_
com.google.javascript.jscomp.ProcessCommonJSModules$ProcessCommonJsModulesCallback#void#visitRequireCall#?,NodeTraversal,Node,Node#162	3.999733865602129	0.0	1.9998669328010645		_
com.google.javascript.jscomp.ProcessCommonJSModules#String#toModuleName#?,String,String#99	3.999733865602129	0.0	1.9998669328010645		_
com.google.javascript.jscomp.ProcessCommonJSModules$ProcessCommonJsModulesCallback#void#visit#?,NodeTraversal,Node,Node#134	3.999733865602129	0.0	1.9998669328010645		_
com.google.javascript.jscomp.ProcessCommonJSModules#String#toModuleName#?,String,String#111	3.999733865602129	0.0	1.9998669328010645		_
com.google.javascript.jscomp.ProcessCommonJSModules#String#toModuleName#?,String,String#100	3.999733865602129	0.0	1.9998669328010645		_
com.google.javascript.jscomp.ProcessCommonJSModules$ProcessCommonJsModulesCallback#Node#getCurrentScriptNode#?,Node#234	3.999733865602129	0.0	1.9998669328010645		_
com.google.javascript.jscomp.ProcessCommonJSModules$ProcessCommonJsModulesCallback#Node#getCurrentScriptNode#?,Node#236	3.999733865602129	0.0	1.9998669328010645		_
com.google.javascript.jscomp.ProcessCommonJSModules$ProcessCommonJsModulesCallback#Node#getCurrentScriptNode#?,Node#238	3.999733865602129	0.0	1.9998669328010645		_
com.google.javascript.jscomp.Compiler#void#processAMDAndCommonJSModules#?#1459	1.999733865602129	1.999733865602129	1.999733865602129	m != null	_
com.google.javascript.jscomp.Compiler#void#processAMDAndCommonJSModules#?#1467	1.999733865602129	1.999733865602129	1.999733865602129	!modules.isEmpty()	_
com.google.javascript.jscomp.PeepholeRemoveDeadCode#Node#getConditionalStatementCondition#?,Node#603	1.9996007984031936	1.9998669328010645	1.999733865602129	n.isIf()	_
com.google.javascript.jscomp.PeepholeRemoveDeadCode#void#tryOptimizeConditionalAfterAssign#?,Node#521	1.9996007984031936	1.9998669328010645	1.999733865602129	!(lhsAssign.isName() && condition.isName() && lhsAssign.getString().equals(condition.getString()))	_
com.google.javascript.jscomp.Compiler#void#processAMDAndCommonJSModules#?#1454	1.9996007984031936	1.999733865602129	1.9996673320026614	options.processCommonJSModules	_
com.google.javascript.jscomp.Compiler#void#processAMDAndCommonJSModules#?#1465	1.9996007984031936	1.999733865602129	1.9996673320026614	options.processCommonJSModules	_
com.google.javascript.jscomp.PeepholeFoldConstants#Node#tryFoldAssign#?,Node,Node,Node#477	1.9994677312042581	1.999733865602129	1.9996007984031936	areNodesEqualForInlining(left,right.getFirstChild())	_
com.google.javascript.jscomp.Compiler#void#processAMDAndCommonJSModules#?#1448	1.9996007984031936	1.9996007984031936	1.9996007984031936	!(root == null)	_
com.google.javascript.jscomp.CheckAccidentalSemicolon#void#visit#?,NodeTraversal,Node,Node#64	1.9996007984031936	1.9996007984031936	1.9996007984031936	!((child.isBlock()) && (!child.hasChildren()))	_
com.google.javascript.jscomp.CheckAccidentalSemicolon#void#visit#?,NodeTraversal,Node,Node#63	1.9996007984031936	1.9996007984031936	1.9996007984031936	!(child != null)	_
com.google.javascript.jscomp.PeepholeFoldConstants#Node#tryFoldAssign#?,Node,Node,Node#472	1.9994677312042581	1.9994677312042581	1.9994677312042581	!(mayHaveSideEffects(left))	_
com.google.javascript.jscomp.ConvertToDottedProperties#void#visit#?,NodeTraversal,Node,Node#50	1.9989354624085163	1.9992015968063872	1.9990685296074517	NodeUtil.isValidPropertyName(n.getString())	_
com.google.javascript.jscomp.CheckUnreachableCode$ReachablePredicate#boolean#apply#?,EdgeTuple<Node,Branch>#106	1.9984031936127744	1.9989354624085163	1.9986693280106453	!(val != TernaryValue.UNKNOWN)	_
com.google.javascript.jscomp.PeepholeSubstituteAlternateSyntax#Node#tryMinimizeIf#?,Node#646	1.9974717232202261	1.9998669328010645	1.9986693280106453	!late && isPropertyAssignmentInExpression(expr)	_
com.google.javascript.jscomp.deps.SortedDependencies#INPUT#getInputProviding#?,String#117	1.9985362608117099	1.9986693280106453	1.9986027944111777	provideMap.containsKey(symbol)	_
com.google.javascript.jscomp.PeepholeSubstituteAlternateSyntax#Node#tryMinimizeIf#?,Node#673	1.9984031936127744	1.9985362608117099	1.998469727212242	!(isLowerPrecedenceInExpression(cond,AND_PRECEDENCE) && isLowerPrecedenceInExpression(expr.getFirstChild(),AND_PRECEDENCE))	_
com.google.javascript.jscomp.CheckUnreachableCode$ReachablePredicate#boolean#apply#?,EdgeTuple<Node,Branch>#104	1.998003992015968	1.9984031936127744	1.998203592814371	condition != null	_
com.google.javascript.jscomp.JSModuleGraph#List<CompilerInput>#manageDependencies#?,DependencyOptions,List<CompilerInput>#329	1.9978709248170325	1.998270126413839	1.9980705256154359	!(baseJs != null)	_
com.google.javascript.jscomp.JSModuleGraph#List<CompilerInput>#manageDependencies#?,DependencyOptions,List<CompilerInput>#320	1.997737857618097	1.9981370592149035	1.9979374584165002	!depOptions.shouldDropMoochers()	_
com.google.javascript.jscomp.PeepholeSubstituteAlternateSyntax#Node#tryMinimizeIf#?,Node#653	1.9974717232202261	1.9984031936127744	1.9979374584165002	!(cond.isNot())	_
com.google.javascript.jscomp.CollapseVariableDeclarations$GatherCollapses#boolean#canBeRedeclared#?,Node,Scope#197	1.9968063872255488	1.9988023952095808	1.997804391217565	!(!lhs.isName())	_
com.google.javascript.jscomp.PeepholeFoldConstants#Node#tryFoldAssign#?,Node,Node,Node#466	1.996007984031936	1.9994677312042581	1.997737857618097	!(!right.hasChildren() || right.getFirstChild().getNext() != right.getLastChild())	_
com.google.javascript.jscomp.PeepholeSubstituteAlternateSyntax#boolean#isFoldableExpressBlock#?,Node#928	1.9954757152361944	1.9981370592149035	1.9968063872255488	!(maybeExpr.getFirstChild().isCall())	_
com.google.javascript.jscomp.PeepholeRemoveDeadCode#Node#tryFoldIf#?,Node#663	1.9957418496340653	1.9966733200266134	1.9962075848303393	condValue == TernaryValue.UNKNOWN	_
com.google.javascript.jscomp.ExploitAssigns#void#collapseAssign#?,Node,Node,Node#53	1.9961410512308715	1.9961410512308715	1.9961410512308715	!(isCollapsibleValue(rightValue,false) && collapseAssignEqualTo(expr,exprParent,rightValue))	_
com.google.javascript.jscomp.ExploitAssigns#void#collapseAssign#?,Node,Node,Node#56	1.9961410512308715	1.9961410512308715	1.9961410512308715	!(rightValue.isAssign())	_
com.google.javascript.jscomp.ExploitAssigns#void#collapseAssign#?,Node,Node,Node#50	1.9961410512308715	1.9961410512308715	1.9961410512308715	!(isCollapsibleValue(leftValue,true) && collapseAssignEqualTo(expr,exprParent,leftValue))	_
com.google.javascript.jscomp.PeepholeRemoveDeadCode#boolean#isExprConditional#?,Node#588	1.9946773120425816	1.9970725216234197	1.9958749168330008	n.isExprResult()	_
com.google.javascript.jscomp.PeepholeFoldConstants#Node#tryFoldAndOr#?,Node,Node,Node#571	1.9954757152361944	1.9961410512308715	1.995808383233533	!(leftVal != TernaryValue.UNKNOWN)	_
com.google.javascript.jscomp.PeepholeFoldConstants#Node#tryFoldAndOr#?,Node,Node,Node#590	1.9954757152361944	1.9961410512308715	1.995808383233533	!(result != null)	_
com.google.javascript.jscomp.PeepholeSubstituteAlternateSyntax#Node#tryMinimizeCondition#?,Node#1217	1.9956087824351298	1.996007984031936	1.995808383233533	!(NodeUtil.getPureBooleanValue(right) != TernaryValue.UNKNOWN)	_
com.google.javascript.jscomp.ProcessClosurePrimitives$ProvidedName#void#replace#?#905	1.9941450432468397	1.9972055888223552	1.9956753160345975	!(candidateDefinition.isExprResult() && !candidateDefinition.getFirstChild().isQualifiedName())	_
com.google.javascript.jscomp.ProcessClosurePrimitives$ProvidedName#void#updateMinimumModule#?,JSModule#872	1.9925482368596141	1.9988023952095808	1.9956753160345975	moduleGraph != null	_
com.google.javascript.jscomp.PeepholeSubstituteAlternateSyntax#Node#tryMinimizeIf#?,Node#644	1.9937458416500333	1.9974717232202261	1.9956087824351298	isFoldableExpressBlock(thenBranch)	_
com.google.javascript.jscomp.PeepholeRemoveDeadCode#Node#tryFoldIf#?,Node#645	1.995076513639388	1.9957418496340653	1.9954091816367265	!(!mayHaveSideEffects(thenBody) && elseBody == null)	_
com.google.javascript.jscomp.PeepholeRemoveDeadCode#Node#tryFoldIf#?,Node#632	1.995076513639388	1.9956087824351298	1.995342648037259	!(!mayHaveSideEffects(thenBody) && elseBody != null)	_
com.google.javascript.jscomp.PeepholeRemoveDeadCode#Node#tryFoldIf#?,Node#625	1.995076513639388	1.995342648037259	1.9952095808383234	!(elseBody != null && !mayHaveSideEffects(elseBody))	_
com.google.javascript.jscomp.PeepholeRemoveDeadCode#Node#trySimplifyUnusedResult#?,Node,boolean#204	1.994810379241517	1.9952095808383234	1.9950099800399204	!(conditionalResultNode == null)	_
com.google.javascript.jscomp.PeepholeSubstituteAlternateSyntax#boolean#isFoldableExpressBlock#?,Node#921	1.9932135728542915	1.9954757152361944	1.9943446440452428	maybeExpr.isExprResult()	_
com.google.javascript.jscomp.CollapseVariableDeclarations$GatherCollapses#void#visit#?,NodeTraversal,Node,Node#175	1.9936127744510979	1.994810379241517	1.9942115768463076	!(hasNodesToCollapse && hasVar)	_
com.google.javascript.jscomp.CollapseVariableDeclarations$GatherCollapses#void#blacklistStubVars#?,NodeTraversal,Node#184	1.9936127744510979	1.9941450432468397	1.9938789088489688	!(child.getFirstChild() == null)	_
com.google.javascript.jscomp.RemoveUnusedVars#void#traverseNode#?,Node,Node,Scope#220	1.9916167664670659	1.9957418496340653	1.9936793080505657	!(isRemovableVar(var) && !maybeAssign.mayHaveSecondarySideEffects)	_
com.google.javascript.jscomp.CollapseVariableDeclarations$GatherCollapses#void#blacklistStubVars#?,NodeTraversal,Node#183	1.9936127744510979	1.9936127744510979	1.9936127744510979	child != null	_
com.google.javascript.jscomp.CollapseVariableDeclarations$GatherCollapses#void#visit#?,NodeTraversal,Node,Node#150	1.9936127744510979	1.9936127744510979	1.9936127744510979	!(parent.isIf())	_
com.google.javascript.jscomp.CollapseVariableDeclarations$GatherCollapses#void#visit#?,NodeTraversal,Node,Node#146	1.9936127744510979	1.9936127744510979	1.9936127744510979	!(nodesToCollapse.contains(n))	_
com.google.javascript.jscomp.CommandLineRunner#void#initConfigFromFlags#?,String[],PrintStream#680	1.9869594145043248	2.0	1.9934797072521624	flags.process_common_js_modules	_
com.google.javascript.jscomp.PeepholeFoldConstants#Node#tryFoldGetProp#?,Node,Node,Node#1379	1.9932135728542915	1.9936127744510979	1.9934131736526948	!(right.isString() && right.getString().equals("length"))	_
com.google.javascript.jscomp.ClosureCodeRemoval$FindAbstractMethods#void#visit#?,NodeTraversal,Node,Node#145	1.9932135728542915	1.993346640053227	1.993280106453759	!(nameNode.isQualifiedName() && valueNode.isQualifiedName() && ABSTRACT_METHOD_NAME.equals(valueNode.getQualifiedName()))	_
com.google.javascript.jscomp.PeepholeFoldConstants#Node#tryFoldAssign#?,Node,Node,Node#461	1.9904191616766467	1.996007984031936	1.9932135728542915	!(!late)	_
com.google.javascript.jscomp.PeepholeSubstituteAlternateSyntax#Node#tryMinimizeIf#?,Node#643	1.9925482368596141	1.9937458416500333	1.9931470392548238	elseBranch == null	_
com.google.javascript.jscomp.PeepholeFoldConstants#Node#tryFoldGetProp#?,Node,Node,Node#1375	1.9929474384564205	1.9932135728542915	1.993080505655356	!(left.isObjectLit())	_
com.google.javascript.jscomp.PeepholeSubstituteAlternateSyntax#boolean#isFoldableExpressBlock#?,Node#919	1.9926813040585496	1.9932135728542915	1.9929474384564205	n.hasOneChild()	_
com.google.javascript.jscomp.AbstractCommandLineRunner#void#setRunOptions#?,CompilerOptions#241	1.9874916833000664	1.9984031936127744	1.9929474384564205	config.manageClosureDependencies || config.closureEntryPoints.size() > 0	_
com.google.javascript.jscomp.PeepholeCollectPropertyAssignments#boolean#isPropertyAssignmentToName#?,Node#109	1.990818363273453	1.9949434464404525	1.992880904856953	!NodeUtil.isExprAssign(propertyCandidate)	_
com.google.javascript.jscomp.PeepholeSubstituteAlternateSyntax#boolean#isFoldableExpressBlock#?,Node#918	1.9926813040585496	1.9926813040585496	1.9926813040585496	n.isBlock()	_
com.google.javascript.jscomp.JSModuleGraph#JSModule#getDeepestCommonDependencyInclusive#?,JSModule,JSModule#186	1.991084497671324	1.9941450432468397	1.992614770459082	m2 == m1 || dependsOn(m2,m1)	_
com.google.javascript.jscomp.PeepholeSubstituteAlternateSyntax#Node#tryMinimizeIf#?,Node#636	1.9922821024617432	1.9925482368596141	1.9924151696606787	!(NodeUtil.isLiteralValue(cond,true))	_
com.google.javascript.jscomp.Compiler#boolean#areNodesEqualForInlining#?,Node,Node#981	1.9922821024617432	1.9922821024617432	1.9922821024617432	!(options.ambiguateProperties || options.disambiguateProperties)	_
com.google.javascript.jscomp.RemoveUnusedVars$Assign#Assign#maybeCreateAssign#?,Node#929	1.9897538256819693	1.994810379241517	1.9922821024617432	!(NodeUtil.isGet(current))	_
com.google.javascript.jscomp.PeepholeRemoveDeadCode#Node#tryFoldAssignment#?,Node#123	1.9920159680638723	1.9921490352628077	1.99208250166334	!(left.isName() && right.isName() && left.getString().equals(right.getString()))	_
com.google.javascript.jscomp.CollapseVariableDeclarations$GatherCollapses#boolean#canBeRedeclared#?,Node,Scope#191	1.9872255489021957	1.9968063872255488	1.9920159680638723	!(!NodeUtil.isExprAssign(n))	_
com.google.javascript.jscomp.ProcessClosurePrimitives$ProvidedName#void#replace#?#899	1.9889554224883566	1.9941450432468397	1.9915502328675982	candidateDefinition != null && explicitNode != null	_
com.google.javascript.jscomp.ExploitAssigns#Node#optimizeSubtree#?,Node#35	1.9868263473053893	1.9961410512308715	1.9914836992681304	NodeUtil.isExprAssign(child)	_
com.google.javascript.jscomp.RemoveUnusedVars#void#traverseNode#?,Node,Node,Scope#216	1.9905522288755821	1.9916167664670659	1.991084497671324	var != null	_
com.google.javascript.jscomp.ProcessClosurePrimitives$ProvidedName#void#addDefinition#?,Node,JSModule#863	1.9833666001330672	1.9984031936127744	1.9908848968729207	!((candidateDefinition == null) || !node.isExprResult())	_
com.google.javascript.jscomp.CollapseVariableDeclarations$GatherCollapses#void#visit#?,NodeTraversal,Node,Node#143	1.9872255489021957	1.9936127744510979	1.990419161676647	!(!n.isVar() && !canBeRedeclared(n,t.getScope()))	_
com.google.javascript.jscomp.CollapseVariableDeclarations$GatherCollapses#void#visit#?,NodeTraversal,Node,Node#138	1.9872255489021957	1.9936127744510979	1.990419161676647	n.isVar()	_
com.google.javascript.jscomp.RemoveUnusedVars#void#traverseNode#?,Node,Node,Scope#212	1.9897538256819693	1.9905522288755821	1.9901530272787757	maybeAssign != null	_
com.google.javascript.jscomp.RemoveUnusedVars$Assign#Assign#maybeCreateAssign#?,Node#941	1.9897538256819693	1.9905522288755821	1.9901530272787757	current.isName()	_
com.google.javascript.jscomp.RemoveUnusedVars#boolean#markReferencedVar#?,Var#771	1.9868263473053893	1.993346640053227	1.9900864936793081	!(referenced.add(var))	_
com.google.javascript.jscomp.AbstractCommandLineRunner#void#outputSourceMap#?,B,String#1171	1.9898868928809048	1.9900199600798403	1.9899534264803727	Strings.isNullOrEmpty(options.sourceMapOutputPath)	_
com.google.javascript.jscomp.CommandLineRunner#List<String>#processArgs#?,String[]#616	1.9898868928809048	1.9898868928809048	1.9898868928809048	!(quotesMatcher.matches())	_
com.google.javascript.jscomp.AbstractCommandLineRunner#int#processResults#?,Result,List<JSModule>,B#804	1.9892215568862275	1.9898868928809048	1.989554224883566	modules == null	_
com.google.javascript.jscomp.AbstractCommandLineRunner#int#processResults#?,Result,List<JSModule>,B#857	1.9892215568862275	1.9892215568862275	1.9892215568862275	!(options.externExportsPath != null)	_
com.google.javascript.jscomp.AbstractCommandLineRunner#int#processResults#?,Result,List<JSModule>,B#871	1.9892215568862275	1.9892215568862275	1.9892215568862275	!(options.tracer.isOn())	_
com.google.javascript.jscomp.AbstractCommandLineRunner#void#outputNameMaps#?,B#1246	1.9892215568862275	1.9892215568862275	1.9892215568862275	!(!config.propertyMapOutputFile.equals(""))	_
com.google.javascript.jscomp.AbstractCommandLineRunner#void#outputNameMaps#?,B#1228	1.9892215568862275	1.9892215568862275	1.9892215568862275	!(config.createNameMapFiles)	_
com.google.javascript.jscomp.AbstractCommandLineRunner#void#outputNameMaps#?,B#1237	1.9892215568862275	1.9892215568862275	1.9892215568862275	!(!config.variableMapOutputFile.equals(""))	_
com.google.javascript.jscomp.AbstractCommandLineRunner#void#outputNameMaps#?,B#1268	1.9892215568862275	1.9892215568862275	1.9892215568862275	!(functionInformationMapOutputPath != null)	_
com.google.javascript.jscomp.AbstractCommandLineRunner#void#outputNameMaps#?,B#1262	1.9892215568862275	1.9892215568862275	1.9892215568862275	!(propertyMapOutputPath != null)	_
com.google.javascript.jscomp.AbstractCommandLineRunner#void#outputNameMaps#?,B#1256	1.9892215568862275	1.9892215568862275	1.9892215568862275	!(variableMapOutputPath != null)	_
com.google.javascript.jscomp.AbstractCommandLineRunner#void#outputManifestOrBundle#?,List<String>,boolean#1373	1.9892215568862275	1.9892215568862275	1.9892215568862275	outputFiles.isEmpty()	_
com.google.javascript.jscomp.CheckUnreachableCode$ReachablePredicate#boolean#apply#?,EdgeTuple<Node,Branch>#96	1.980439121756487	1.998003992015968	1.9892215568862275	!(!branch.isConditional())	_
com.google.javascript.jscomp.AbstractCommandLineRunner#void#writeOutput#?,Appendable,Compiler,String,String,String#654	1.9892215568862275	1.9892215568862275	1.9892215568862275	!(pos != -1)	_
com.google.javascript.jscomp.PrintStreamErrorManager#void#printSummary#?#67	1.9873586161011312	1.9906852960745176	1.9890219560878244	!(summaryDetailLevel >= 3 || (summaryDetailLevel >= 1 && getErrorCount() + getWarningCount() > 0) || (summaryDetailLevel >= 2 && getTypedPercent() > 0.0))	_
com.google.javascript.jscomp.RemoveUnusedVars#void#traverseNode#?,Node,Node,Scope#281	1.9862940785096475	1.9917498336660013	1.9890219560878244	!(isRemovableVar(var))	_
com.google.javascript.jscomp.ProcessClosurePrimitives#void#processProvideCall#?,NodeTraversal,Node,Node#325	1.9889554224883566	1.9889554224883566	1.9889554224883566	!(providedNames.containsKey(ns))	_
com.google.javascript.jscomp.ProcessClosurePrimitives#void#processProvideCall#?,NodeTraversal,Node,Node#319	1.988822355289421	1.9889554224883566	1.988888888888889	verifyProvide(t,left,arg)	_
com.google.javascript.jscomp.ProcessClosurePrimitives#boolean#verifyProvide#?,NodeTraversal,Node,Node#698	1.988822355289421	1.988822355289421	1.988822355289421	!(!NodeUtil.isValidPropertyName(part))	_
com.google.javascript.jscomp.ProcessClosurePrimitives#boolean#verifyProvide#?,NodeTraversal,Node,Node#693	1.988822355289421	1.988822355289421	1.988822355289421	!(!verifyArgument(t,methodName,arg))	_
com.google.javascript.jscomp.ProcessClosurePrimitives#void#maybeAddToSymbolTable#?,Node#1138	1.9885562208915502	1.988822355289421	1.9886892880904856	!(preprocessorSymbolTable != null)	_
com.google.javascript.jscomp.ProcessClosurePrimitives#void#maybeAddStringNodeToSymbolTable#?,Node#1098	1.9885562208915502	1.988822355289421	1.9886892880904856	preprocessorSymbolTable == null	_
com.google.javascript.jscomp.PeepholeCollectPropertyAssignments#boolean#isPropertyAssignmentToName#?,Node#107	1.9862940785096475	1.990818363273453	1.9885562208915504	!(propertyCandidate == null)	_
com.google.javascript.jscomp.ClosureCodeRemoval$FindAbstractMethods#void#visit#?,NodeTraversal,Node,Node#141	1.983898868928809	1.9932135728542915	1.9885562208915504	n.isAssign()	_
com.google.javascript.jscomp.ProcessClosurePrimitives#boolean#verifyArgument#?,NodeTraversal,Node,Node,int#729	1.9884231536926147	1.9884231536926147	1.9884231536926147	!(arg.getNext() != null)	_
com.google.javascript.jscomp.JSModuleGraph#List<CompilerInput>#manageDependencies#?,DependencyOptions,List<CompilerInput>#319	1.9791084497671323	1.997737857618097	1.9884231536926147	depOptions.shouldPruneDependencies()	_
com.google.javascript.jscomp.CommandLineRunner#List<String>#processArgs#?,String[]#611	1.9869594145043248	1.9898868928809048	1.9884231536926147	matcher.matches()	_
com.google.javascript.jscomp.AbstractCommandLineRunner#int#processResults#?,Result,List<JSModule>,B#803	1.9874916833000664	1.9892215568862275	1.988356620093147	result.success	_
com.google.javascript.jscomp.AbstractCommandLineRunner#int#processResults#?,Result,List<JSModule>,B#877	1.9874916833000664	1.9892215568862275	1.988356620093147	(Math.min(result.errors.length,0x7f))<= 0	_
com.google.javascript.jscomp.ProcessClosurePrimitives#boolean#verifyArgument#?,NodeTraversal,Node,Node,int#732	1.9882900864936792	1.9884231536926147	1.988356620093147	!(diagnostic != null)	_
com.google.javascript.jscomp.ProcessClosurePrimitives#boolean#verifyArgument#?,NodeTraversal,Node,Node,int#727	1.9882900864936792	1.9884231536926147	1.988356620093147	!(arg.getType() != desiredType)	_
com.google.javascript.jscomp.GlobalNamespace$BuildGlobalNamespace#void#collect#?,NodeTraversal,Node,Node#353	1.9874916833000664	1.9892215568862275	1.988356620093147	parent.getFirstChild() == n	_
com.google.javascript.jscomp.ProcessClosurePrimitives#boolean#verifyArgument#?,NodeTraversal,Node,Node,int#725	1.9882900864936792	1.9882900864936792	1.9882900864936792	!(arg == null)	_
com.google.javascript.jscomp.AbstractCommandLineRunner#int#doRun#?#750	1.9873586161011312	1.989088489687292	1.9882235528942116	(errCode)== 0	_
com.google.javascript.jscomp.AbstractCommandLineRunner#void#run#?#351	1.9873586161011312	1.989088489687292	1.9882235528942116	result == i	_
com.google.javascript.jscomp.Compiler#void#hoistExterns#?,Node#1371	1.9795076513639387	1.9969394544244843	1.9882235528942114	!input.getProvides().isEmpty() || !input.getRequires().isEmpty()	_
com.google.javascript.jscomp.DefaultPassConfig#List<PassFactory>#getMainOptimizationLoop#?#700	1.9869594145043248	1.989354624085163	1.9881570192947438	!runOptimizeCalls	_
com.google.javascript.jscomp.AbstractCommandLineRunner#int#doRun#?#736	1.9880239520958083	1.9880239520958083	1.9880239520958083	!(config.skipNormalOutputs)	_
com.google.javascript.jscomp.DefaultPassConfig#List<PassFactory>#getOptimizations#?#513	1.9878908848968728	1.9880239520958083	1.9879574184963404	options.removeUnusedVars || options.removeUnusedLocalVars	_
com.google.javascript.jscomp.AbstractCommandLineRunner#List<SourceFile>#createSourceInputs#?,List<String>#447	1.9878908848968728	1.9880239520958083	1.9879574184963404	isInTestMode()	_
com.google.javascript.jscomp.DefaultPassConfig#List<PassFactory>#getOptimizations#?#606	1.9877578176979374	1.9880239520958083	1.9878908848968728	options.foldConstants	_
com.google.javascript.jscomp.CommandLineRunner#CompilerOptions#createOptions#?#785	1.9870924817032602	1.9885562208915502	1.9878243512974052	!(CompilationLevel.ADVANCED_OPTIMIZATIONS == level)	_
com.google.javascript.jscomp.AbstractCommandLineRunner#void#setRunOptions#?,CompilerOptions#298	1.9877578176979374	1.9877578176979374	1.9877578176979374	config.languageIn.equals("ECMASCRIPT3") || config.languageIn.equals("ES3")	_
com.google.javascript.jscomp.AbstractCommandLineRunner#void#setRunOptions#?,CompilerOptions#295	1.987624750499002	1.9877578176979374	1.9876912840984695	!(config.languageIn.equals("ECMASCRIPT5") || config.languageIn.equals("ES5"))	_
com.google.javascript.jscomp.AbstractCommandLineRunner#Writer#streamToLegacyOutputWriter#?,OutputStream#1141	1.987624750499002	1.987624750499002	1.987624750499002	!(legacyOutputCharset == null)	_
com.google.javascript.jscomp.AbstractCommandLineRunner#int#doRun#?#721	1.987624750499002	1.987624750499002	1.987624750499002	jsOutput instanceof OutputStream	_
com.google.javascript.jscomp.AbstractCommandLineRunner#int#doRun#?#727	1.9872255489021957	1.9878908848968728	1.9875582168995343	!(!moduleSpecs.isEmpty())	_
com.google.javascript.jscomp.AbstractCommandLineRunner#int#processResults#?,Result,List<JSModule>,B#785	1.9874916833000664	1.9874916833000664	1.9874916833000664	!(config.printTree)	_
com.google.javascript.jscomp.AbstractCommandLineRunner#int#processResults#?,Result,List<JSModule>,B#798	1.9874916833000664	1.9874916833000664	1.9874916833000664	!(config.skipNormalOutputs)	_
com.google.javascript.jscomp.AbstractCommandLineRunner#int#processResults#?,Result,List<JSModule>,B#773	1.9873586161011312	1.9874916833000664	1.9874251497005988	!(config.printAst)	_
com.google.javascript.jscomp.AbstractCommandLineRunner#void#setRunOptions#?,CompilerOptions#292	1.9872255489021957	1.987624750499002	1.9874251497005988	!(config.languageIn.equals("ECMASCRIPT5_STRICT") || config.languageIn.equals("ES5_STRICT"))	_
com.google.javascript.jscomp.AbstractCommandLineRunner#void#setRunOptions#?,CompilerOptions#275	1.9872255489021957	1.987624750499002	1.9874251497005988	!(config.createSourceMap.length() > 0)	_
com.google.javascript.jscomp.AbstractCommandLineRunner#void#setRunOptions#?,CompilerOptions#258	1.9872255489021957	1.987624750499002	1.9874251497005988	!(config.jsOutputFile.length() > 0)	_
com.google.javascript.jscomp.AbstractCommandLineRunner#int#doRun#?#719	1.9872255489021957	1.987624750499002	1.9874251497005988	!(writeOutputToFile)	_
com.google.javascript.jscomp.AbstractCommandLineRunner#int#processResults#?,Result,List<JSModule>,B#762	1.9873586161011312	1.9873586161011312	1.9873586161011312	!(config.printPassGraph)	_
com.google.javascript.jscomp.AbstractCommandLineRunner#int#processResults#?,Result,List<JSModule>,B#758	1.9873586161011312	1.9873586161011312	1.9873586161011312	!(config.computePhaseOrdering)	_
com.google.javascript.jscomp.AbstractCommandLineRunner#int#doRun#?#747	1.9873586161011312	1.9873586161011312	1.9873586161011312	jsOutput instanceof Flushable	_
com.google.javascript.jscomp.AbstractCommandLineRunner$RunTimeStats#void#recordEndRun#?#1537	1.9873586161011312	1.9873586161011312	1.9873586161011312	bestRunTime >= length	_
com.google.javascript.jscomp.AbstractCommandLineRunner$RunTimeStats#void#recordEndRun#?#1534	1.9873586161011312	1.9873586161011312	1.9873586161011312	worstRunTime <= endTime	_
com.google.javascript.jscomp.AbstractCommandLineRunner$RunTimeStats#void#recordEndRun#?#1535	1.9873586161011312	1.9873586161011312	1.9873586161011312	length < bestRunTime	_
com.google.javascript.jscomp.AbstractCommandLineRunner#void#run#?#367	1.9873586161011312	1.9873586161011312	1.9873586161011312	jsOutput instanceof Closeable	_
com.google.javascript.jscomp.AbstractCommandLineRunner#void#run#?#362	1.9873586161011312	1.9873586161011312	1.9873586161011312	!(config.computePhaseOrdering)	_
com.google.javascript.jscomp.AbstractCommandLineRunner#void#run#?#374	1.9873586161011312	1.9873586161011312	1.9873586161011312	testMode	_
com.google.javascript.jscomp.AbstractCommandLineRunner#void#run#?#344	1.9873586161011312	1.9873586161011312	1.9873586161011312	!(config.computePhaseOrdering)	_
com.google.javascript.jscomp.AbstractCommandLineRunner#void#run#?#349	1.9873586161011312	1.9873586161011312	1.9873586161011312	!(i < runs && result == 0)	_
com.google.javascript.jscomp.DefaultPassConfig#List<PassFactory>#getMainOptimizationLoop#?#697	1.9869594145043248	1.9877578176979374	1.987358616101131	options.deadAssignmentElimination	_
com.google.javascript.jscomp.CommandLineRunner#CompilerOptions#createOptions#?#754	1.9870924817032602	1.987624750499002	1.987358616101131	!(flags.debug)	_
com.google.javascript.jscomp.AbstractCommandLineRunner#void#setRunOptions#?,CompilerOptions#307	1.9872255489021957	1.9873586161011312	1.9872920825016633	!(!config.outputManifests.isEmpty())	_
com.google.javascript.jscomp.AbstractCommandLineRunner#void#setRunOptions#?,CompilerOptions#230	1.9870924817032602	1.9874916833000664	1.9872920825016633	!(config.onlyClosureDependencies)	_
com.google.javascript.jscomp.PrintStreamErrorManager#void#setSummaryDetailLevel#?,int#62	1.9872255489021957	1.9872255489021957	1.9872255489021957	this.summaryDetailLevel >= summaryDetailLevel	_
com.google.javascript.jscomp.AbstractCommandLineRunner#void#setRunOptions#?,CompilerOptions#317	1.9872255489021957	1.9872255489021957	1.9872255489021957	!(!config.outputBundles.isEmpty())	_
com.google.javascript.jscomp.AbstractCommandLineRunner#void#setRunOptions#?,CompilerOptions#291	1.9872255489021957	1.9872255489021957	1.9872255489021957	config.languageIn.length() > 0	_
com.google.javascript.jscomp.AbstractCommandLineRunner#void#setRunOptions#?,CompilerOptions#281	1.9872255489021957	1.9872255489021957	1.9872255489021957	!(!config.variableMapInputFile.equals(""))	_
com.google.javascript.jscomp.AbstractCommandLineRunner#void#setRunOptions#?,CompilerOptions#286	1.9872255489021957	1.9872255489021957	1.9872255489021957	!(!config.propertyMapInputFile.equals(""))	_
com.google.javascript.jscomp.AbstractCommandLineRunner#void#setRunOptions#?,CompilerOptions#270	1.9872255489021957	1.9872255489021957	1.9872255489021957	!(config.skipNormalOutputs && config.printTree)	_
com.google.javascript.jscomp.AbstractCommandLineRunner#void#setRunOptions#?,CompilerOptions#265	1.9872255489021957	1.9872255489021957	1.9872255489021957	!(config.skipNormalOutputs && config.printAst)	_
com.google.javascript.jscomp.AbstractCommandLineRunner#String#getLegacyOutputCharset#?#991	1.9872255489021957	1.9872255489021957	1.9872255489021957	!(!config.charset.isEmpty())	_
com.google.javascript.jscomp.CompilerOptions#void#setSummaryDetailLevel#?,int#1350	1.9872255489021957	1.9872255489021957	1.9872255489021957	this.summaryDetailLevel <= summaryDetailLevel	_
com.google.javascript.jscomp.AbstractCommandLineRunner#Charset#getOutputCharset2#?#1006	1.9872255489021957	1.9872255489021957	1.9872255489021957	!(!config.charset.isEmpty())	_
com.google.javascript.jscomp.AbstractCommandLineRunner#Charset#getInputCharset#?#968	1.9872255489021957	1.9872255489021957	1.9872255489021957	!(!config.charset.isEmpty())	_
com.google.javascript.jscomp.ShadowVariables$GatherReferenceInfo#void#visit#?,NodeTraversal,Node,Node#140	1.9870924817032602	1.9872255489021957	1.987159015302728	t.inGlobalScope()	_
com.google.javascript.jscomp.AbstractCommandLineRunner$CommandLineConfig#CommandLineConfig#setOutputManifest#?,List<String>#1932	1.9870924817032602	1.9872255489021957	1.987159015302728	!(!manifestName.isEmpty())	_
com.google.javascript.jscomp.CommandLineRunner#CompilerOptions#createOptions#?#762	1.9870924817032602	1.9872255489021957	1.987159015302728	!(flags.generate_exports)	_
com.google.javascript.jscomp.CommandLineRunner#CompilerOptions#createOptions#?#758	1.9870924817032602	1.9872255489021957	1.987159015302728	!(flags.use_types_for_optimization)	_
com.google.javascript.jscomp.CommandLineRunner#void#initConfigFromFlags#?,String[],PrintStream#699	1.9870924817032602	1.9870924817032602	1.9870924817032602	!(flags.process_jquery_primitives)	_
com.google.javascript.jscomp.CommandLineRunner#void#initConfigFromFlags#?,String[],PrintStream#697	1.9870924817032602	1.9870924817032602	1.9870924817032602	!(flags.third_party)	_
com.google.javascript.jscomp.CommandLineRunner#void#initConfigFromFlags#?,String[],PrintStream#671	1.9869594145043248	1.9872255489021957	1.9870924817032602	!(flags.version)	_
com.google.javascript.jscomp.CommandLineRunner#List<SourceFile>#createExterns#?#808	1.9870924817032602	1.9870924817032602	1.9870924817032602	flags.use_only_custom_externs || isInTestMode()	_
com.google.javascript.jscomp.AbstractCommandLineRunner#void#setRunOptions#?,CompilerOptions#218	1.9870924817032602	1.9870924817032602	1.9870924817032602	config.warningGuards != null	_
com.google.javascript.jscomp.AbstractCommandLineRunner$CommandLineConfig#CommandLineConfig#setSummaryDetailLevel#?,int#1754	1.9870924817032602	1.9870924817032602	1.9870924817032602	this.summaryDetailLevel <= summaryDetailLevel	_
com.google.javascript.jscomp.AbstractCommandLineRunner#DiagnosticGroups#getDiagnosticGroups#?#198	1.9870924817032602	1.9870924817032602	1.9870924817032602	!(compiler == null)	_
com.google.javascript.jscomp.CommandLineRunner#CompilerOptions#createOptions#?#745	1.9870924817032602	1.9870924817032602	1.9870924817032602	!(flags.process_jquery_primitives)	_
com.google.javascript.jscomp.CommandLineRunner#CompilerOptions#createOptions#?#777	1.9870924817032602	1.9870924817032602	1.9870924817032602	!(!flags.translationsFile.isEmpty())	_
com.google.javascript.jscomp.CommandLineRunner#void#initConfigFromFlags#?,String[],PrintStream#692	1.9869594145043248	1.9870924817032602	1.9870259481037924	!(!isConfigValid || flags.display_help)	_
com.google.javascript.jscomp.RenameVars$ProcessVars#void#visit#?,NodeTraversal,Node,Node#261	1.9865602129075184	1.9874916833000664	1.9870259481037924	!(!local)	_
com.google.javascript.jscomp.CommandLineRunner#void#initConfigFromFlags#?,String[],PrintStream#660	1.9869594145043248	1.9869594145043248	1.9869594145043248	!(!flags.flag_file.equals(""))	_
com.google.javascript.jscomp.RemoveUnusedVars#void#traverseNode#?,Node,Node,Scope#256	1.98416500332668	1.9897538256819693	1.9869594145043248	!(value != null && var != null && isRemovableVar(var) && !NodeUtil.mayHaveSideEffects(value))	_
com.google.javascript.jscomp.CheckSideEffects#void#protectSideEffects#?#174	1.9866932801064539	1.9872255489021957	1.9869594145043248	!(!problemNodes.isEmpty())	_
com.google.javascript.jscomp.deps.SortedDependencies#?#SortedDependencies#?,List<INPUT>#72	1.9780439121756488	1.9956087824351298	1.9868263473053893	!(currentProvides.isEmpty())	_
com.google.javascript.jscomp.ExploitAssigns#Node#optimizeSubtree#?,Node#33	1.9868263473053893	1.9868263473053893	1.9868263473053893	child != null	_
com.google.javascript.jscomp.ShadowVariables#void#process#?,Node,Node#123	1.985894876912841	1.9874916833000664	1.9866932801064539	!(oldPseudoNameMap != null)	_
com.google.javascript.jscomp.ShadowVariables$GatherReferenceInfo#void#visit#?,NodeTraversal,Node,Node#132	1.985894876912841	1.9870924817032602	1.9864936793080505	!(!NodeUtil.isReferenceName(n))	_
com.google.javascript.jscomp.PeepholeCollectPropertyAssignments#Node#optimizeSubtree#?,Node#50	1.9862940785096475	1.9862940785096475	1.9862940785096475	!isPropertyAssignmentToName(child.getNext())	_
com.google.javascript.jscomp.Denormalize#void#maybeCollapseIntoForStatements#?,Node,Node#96	1.9860279441117765	1.9860279441117765	1.9860279441117765	!(nextSibling.isFor() && nextSibling.getFirstChild().isEmpty())	_
com.google.javascript.jscomp.Denormalize#void#maybeCollapseIntoForStatements#?,Node,Node#81	1.9860279441117765	1.9860279441117765	1.9860279441117765	!(NodeUtil.isForIn(nextSibling))	_
com.google.javascript.jscomp.ShadowVariables$DoShadowVariables#void#enterScope#?,NodeTraversal#178	1.985894876912841	1.985894876912841	1.985894876912841	!s.isLocal()	_
com.google.javascript.jscomp.ProcessClosurePrimitives#void#visit#?,NodeTraversal,Node,Node#196	1.9825681969394544	1.988822355289421	1.9856952761144377	"provide".equals(methodName)	_
com.google.javascript.jscomp.CombinedCompilerPass#void#traverse#?,AbstractCompiler,Node,List<Callback>#75	1.983898868928809	1.9873586161011312	1.9856287425149701	callbacks.size() == 1	_
com.google.javascript.jscomp.ClosureCodeRemoval#void#process#?,Node,Node#202	1.983898868928809	1.9873586161011312	1.9856287425149701	!(removeAssertionCalls)	_
com.google.javascript.jscomp.ReorderConstantExpression#Node#optimizeSubtree#?,Node#35	1.9856287425149701	1.9856287425149701	1.9856287425149701	!(NodeUtil.isSymmetricOperation(subtree) || NodeUtil.isRelationalOperation(subtree))	_
com.google.javascript.jscomp.OptimizeArgumentsArray#void#enterScope#?,NodeTraversal#100	1.9854956753160347	1.9854956753160347	1.9854956753160347	!function.isFunction()	_
com.google.javascript.jscomp.OptimizeArgumentsArray#void#visit#?,NodeTraversal,Node,Node#159	1.9854956753160347	1.9854956753160347	1.9854956753160347	currentArgumentsAccess == null	_
com.google.javascript.jscomp.OptimizeArgumentsArray#void#exitScope#?,NodeTraversal#119	1.9854956753160347	1.9854956753160347	1.9854956753160347	currentArgumentsAccess == null	_
com.google.javascript.jscomp.StatementFusion#boolean#canFuseIntoOneStatement#?,Node#53	1.984431137724551	1.986427145708583	1.9854291417165668	!block.hasChildren() || block.hasOneChild()	_
com.google.javascript.jscomp.PeepholeRemoveDeadCode#Node#tryOptimizeBlock#?,Node#480	1.9852295409181637	1.9853626081170992	1.9852960745176316	!(NodeUtil.tryMergeBlock(n))	_
com.google.javascript.jscomp.UnreachableCodeElimination#Node#tryRemoveUnconditionalBranching#?,Node#143	1.9850964737192283	1.9850964737192283	1.9850964737192283	!(n == null)	_
com.google.javascript.jscomp.UnreachableCodeElimination#Node#tryRemoveUnconditionalBranching#?,Node#149	1.9850964737192283	1.9850964737192283	1.9850964737192283	!(gNode == null)	_
com.google.javascript.jscomp.UnreachableCodeElimination#void#visit#?,NodeTraversal,Node,Node#103	1.9846972721224219	1.9850964737192283	1.984896872920825	!(gNode.getAnnotation() != GraphReachability.REACHABLE || (removeNoOpStatements && !NodeUtil.mayHaveSideEffects(n)))	_
com.google.javascript.jscomp.RemoveUnusedVars#void#traverseNode#?,Node,Node,Scope#277	1.9833666001330672	1.9862940785096475	1.9848303393213573	var != null	_
com.google.javascript.jscomp.RemoveUnusedVars#boolean#isRemovableVar#?,Var#300	1.9783100465735197	1.9912175648702595	1.9847638057218897	!removeGlobals && var.isGlobal()	_
com.google.javascript.jscomp.parsing.JsDocInfoParser#Node#parseParamTypeExpressionAnnotation#?,JsDocToken#1578	1.9846972721224219	1.9848303393213573	1.9847638057218897	!(token == JsDocToken.RC)	_
com.google.javascript.jscomp.UnreachableCodeElimination#void#visit#?,NodeTraversal,Node,Node#100	1.9846972721224219	1.9846972721224219	1.9846972721224219	gNode == null	_
com.google.javascript.jscomp.ClosureOptimizePrimitives$FindObjectCreateCalls#void#visit#?,NodeTraversal,Node,Node#47	1.9845642049234864	1.9845642049234864	1.9845642049234864	!(n.isCall())	_
com.google.javascript.jscomp.StatementFusion#boolean#canFuseIntoOneStatement#?,Node#48	1.984431137724551	1.984431137724551	1.984431137724551	!(!block.isBlock())	_
com.google.javascript.jscomp.StatementFusion#Node#optimizeSubtree#?,Node#39	1.984431137724551	1.984431137724551	1.984431137724551	!(!n.getParent().isFunction() && canFuseIntoOneStatement(n))	_
com.google.javascript.jscomp.PeepholeRemoveDeadCode#void#tryOptimizeConditionalAfterAssign#?,Node#517	1.9691284098469728	1.9996007984031936	1.984364604125083	isSimpleAssignment(n) && isConditionalStatement(next)	_
com.google.javascript.jscomp.UnreachableCodeElimination#void#visit#?,NodeTraversal,Node,Node#95	1.9837658017298736	1.9846972721224219	1.9842315369261478	!(n.isFunction() || n.isScript())	_
com.google.javascript.jscomp.CoalesceVariableNames#boolean#shouldOptimizeScope#?,Scope#96	1.98416500332668	1.98416500332668	1.98416500332668	scope.isGlobal()	_
com.google.javascript.jscomp.CoalesceVariableNames#void#visit#?,NodeTraversal,Node,Node#149	1.98416500332668	1.98416500332668	1.98416500332668	colorings.isEmpty() || !n.isName() || parent.isFunction()	_
com.google.javascript.jscomp.CoalesceVariableNames#void#enterScope#?,NodeTraversal#111	1.98416500332668	1.98416500332668	1.98416500332668	!shouldOptimizeScope(scope)	_
com.google.javascript.jscomp.CoalesceVariableNames#void#exitScope#?,NodeTraversal#141	1.98416500332668	1.98416500332668	1.98416500332668	!shouldOptimizeScope(t.getScope())	_
com.google.javascript.jscomp.ClosureCodeRemoval#void#process#?,Node,Node#199	1.983898868928809	1.983898868928809	1.983898868928809	removeAbstractMethods	_
com.google.javascript.jscomp.PeepholeReplaceKnownMethods#Node#optimizeSubtree#?,Node#48	1.983898868928809	1.983898868928809	1.983898868928809	!(subtree.isCall())	_
com.google.javascript.jscomp.PeepholeCollectPropertyAssignments#Node#optimizeSubtree#?,Node#47	1.9813705921490352	1.9862940785096475	1.9838323353293412	!(!child.isVar() && !NodeUtil.isExprAssign(child))	_
com.google.javascript.jscomp.InlineObjectLiterals$InliningBehavior#void#afterExitScope#?,NodeTraversal,ReferenceMap#88	1.9837658017298736	1.9837658017298736	1.9837658017298736	isVarInlineForbidden(v)	_
com.google.javascript.jscomp.InlineObjectLiterals$InliningBehavior#void#afterExitScope#?,NodeTraversal,ReferenceMap#85	1.9837658017298736	1.9837658017298736	1.9837658017298736	it.hasNext()	_
com.google.javascript.jscomp.UnreachableCodeElimination#void#visit#?,NodeTraversal,Node,Node#92	1.9837658017298736	1.9837658017298736	1.9837658017298736	parent == null	_
com.google.javascript.jscomp.RemoveUnusedVars#void#traverseNode#?,Node,Node,Scope#268	1.9833666001330672	1.9833666001330672	1.9833666001330672	!("arguments".equals(n.getString()) && scope.isLocal())	_
com.google.javascript.jscomp.Compiler$CodeBuilder#CodeBuilder#append#?,String#1795	1.9833666001330672	1.9833666001330672	1.9833666001330672	colCount != index	_
com.google.javascript.jscomp.RenameVars#void#process#?,Node,Node#377	1.9776447105788424	1.9889554224883566	1.9833000665335994	!(changed)	_
com.google.javascript.jscomp.Compiler$CodeBuilder#CodeBuilder#append#?,String#1793	1.9831004657351963	1.9833666001330672	1.9832335329341317	lastIndex == -1	_
com.google.javascript.jscomp.PeepholeRemoveDeadCode#boolean#isSimpleAssignment#?,Node#543	1.9691284098469728	1.9966733200266134	1.9829008649367932	NodeUtil.isExprAssign(n) && n.getFirstChild().getFirstChild().isName()	_
com.google.javascript.jscomp.RenameVars$ProcessVars#void#visit#?,NodeTraversal,Node,Node#234	1.9776447105788424	1.9881570192947438	1.9829008649367932	!local && localRenamingOnly	_
com.google.javascript.rhino.JSDocInfoBuilder#boolean#recordThisType#?,JSTypeExpression#551	1.9825681969394544	1.9827012641383899	1.9826347305389223	type != null && !hasAnySingletonTypeTags() && !currentInfo.hasThisType()	_
com.google.javascript.jscomp.RenameVars#?#RenameVars#?,AbstractCompiler,String,boolean,boolean,boolean,boolean,VariableMap,char[],Set<String>#155	1.9776447105788424	1.9874916833000664	1.9825681969394544	!(reservedNames == null)	_
com.google.javascript.jscomp.RemoveUnusedVars#void#traverseAndRemoveUnusedReferences#?,Node#172	1.9756487025948104	1.989354624085163	1.9825016633399866	!(removeGlobals)	_
com.google.javascript.jscomp.RenameVars$ProcessVars#void#visit#?,NodeTraversal,Node,Node#259	1.9783100465735197	1.9865602129075184	1.982435129740519	isExternsPass_	_
com.google.javascript.jscomp.ProcessClosurePrimitives#void#visit#?,NodeTraversal,Node,Node#194	1.982168995342648	1.9825681969394544	1.9823685961410513	!("require".equals(methodName))	_
com.google.javascript.jscomp.deps.JsFileParser#boolean#parseLine#?,String#178	1.9820359281437125	1.9823020625415835	1.982168995342648	!(includeGoogBase && line.startsWith(BASE_JS_START) && provides.isEmpty()&& requires.isEmpty())	_
com.google.javascript.jscomp.NodeUtil#boolean#tryMergeBlock#?,Node#1825	1.9789753825681968	1.9849634065202928	1.9819693945442447	!(isStatementBlock(parent))	_
com.google.javascript.jscomp.RenameVars#void#process#?,Node,Node#340	1.9776447105788424	1.985894876912841	1.9817697937458418	shouldShadow	_
com.google.javascript.jscomp.PhaseOptimizer$LoopInternal#void#optimizePasses#?#397	1.9803060545575515	1.9831004657351963	1.9817032601463738	pass.name.equals(passName)	_
com.google.javascript.jscomp.PeepholeCollectPropertyAssignments#Node#optimizeSubtree#?,Node#37	1.9812375249500997	1.9820359281437125	1.9816367265469061	!subtree.isScript() && !subtree.isBlock()	_
com.google.javascript.jscomp.DeadAssignmentsElimination#void#enterScope#?,NodeTraversal#76	1.9815036593479707	1.9815036593479707	1.9815036593479707	scope.isGlobal()	_
com.google.javascript.jscomp.ControlStructureCheck#void#check#?,Node#66	1.9813705921490352	1.9813705921490352	1.9813705921490352	bChild != null	_
com.google.javascript.jscomp.PeepholeCollectPropertyAssignments#Node#optimizeSubtree#?,Node#46	1.9813705921490352	1.9813705921490352	1.9813705921490352	!(child != null)	_
com.google.javascript.jscomp.PeepholeCollectPropertyAssignments#Node#optimizeSubtree#?,Node#78	1.9813705921490352	1.9813705921490352	1.9813705921490352	!(codeChanged)	_
com.google.javascript.jscomp.DefaultPassConfig#void#maybeInitializePreprocessorSymbolTable#?,AbstractCompiler#180	1.9779108449767133	1.9842980705256155	1.9811044577511643	!(options.ideMode)	_
com.google.javascript.jscomp.RemoveUnusedVars#void#traverseNode#?,Node,Node,Scope#254	1.9779108449767133	1.98416500332668	1.9810379241516967	parent.isVar()	_
com.google.javascript.jscomp.ProcessDefines#Map<String,DefineInfo>#collectDefines#?,Node,GlobalNamespace#199	1.9805721889554224	1.9811044577511643	1.9808383233532934	!(info == null && parent.isVar() && parent.hasOneChild())	_
com.google.javascript.jscomp.RenameVars$ProcessVars#void#visit#?,NodeTraversal,Node,Node#220	1.9776447105788424	1.9837658017298736	1.980705256154358	name.length() == 0	_
com.google.javascript.jscomp.ProcessDefines#Map<String,DefineInfo>#collectDefines#?,Node,GlobalNamespace#204	1.9805721889554224	1.9808383233532934	1.9807052561543579	!(info != null && info.isDefine())	_
com.google.javascript.jscomp.DefaultPassConfig#List<PassFactory>#getOptimizations#?#354	1.9704590818363275	1.9905522288755821	1.9805056553559548	!(options.replaceIdGenerators)	_
com.google.javascript.jscomp.CheckUnreachableCode#boolean#shouldTraverse#?,NodeTraversal,Node,Node#54	1.980439121756487	1.980439121756487	1.980439121756487	!(gNode != null && gNode.getAnnotation() != GraphReachability.REACHABLE)	_
com.google.javascript.jscomp.PhaseOptimizer$LoopInternal#void#process#?,Node,Node#367	1.980439121756487	1.980439121756487	1.980439121756487	!(randomizeLoops)	_
com.google.javascript.jscomp.deps.JsFileParser#boolean#parseLine#?,String#143	1.9785761809713907	1.9820359281437125	1.9803060545575515	!(line.indexOf("provide") != -1 || line.indexOf("require") != -1 || line.indexOf("addDependency") != -1)	_
com.google.javascript.jscomp.RenameVars#void#process#?,Node,Node#347	1.9776447105788424	1.9829673985362608	1.9803060545575515	!(prevUsedRenameMap != null)	_
com.google.javascript.jscomp.PhaseOptimizer$LoopInternal#void#process#?,Node,Node#341	1.9803060545575515	1.9803060545575515	1.9803060545575515	!(randomizeLoops)	_
com.google.javascript.jscomp.NodeUtil#boolean#checkForStateChangeHelper#?,Node,boolean,AbstractCompiler#876	1.970991350632069	1.9886892880904856	1.9798403193612772	assignTarget.isName()	_
com.google.javascript.jscomp.PeepholeRemoveDeadCode#boolean#isSimpleAssignment#?,Node#546	1.9691284098469728	1.9904191616766467	1.9797737857618096	n.isVar() && n.hasOneChild() && n.getFirstChild().getFirstChild() != null	_
com.google.javascript.jscomp.ProcessClosurePrimitives#void#visit#?,NodeTraversal,Node,Node#191	1.977245508982036	1.982168995342648	1.979707252162342	!(!isExpr)	_
com.google.javascript.jscomp.RenameVars$ProcessVars#void#enterScope#?,NodeTraversal#198	1.9796407185628742	1.9796407185628742	1.9796407185628742	it.hasNext()	_
com.google.javascript.jscomp.RenameVars$ProcessVars#void#enterScope#?,NodeTraversal#200	1.9796407185628742	1.9796407185628742	1.9796407185628742	!(current.isBleedingFunction())	_
com.google.javascript.jscomp.FlowSensitiveInlineVariables$GatherCandiates#void#visit#?,NodeTraversal,Node,Node#180	1.9795076513639387	1.9795076513639387	1.9795076513639387	!(graphNode == null)	_
com.google.javascript.jscomp.FlowSensitiveInlineVariables#void#enterScope#?,NodeTraversal#122	1.9795076513639387	1.9795076513639387	1.9795076513639387	!(LiveVariablesAnalysis.MAX_VARIABLES_TO_ANALYZE < t.getScope().getVarCount())	_
com.google.javascript.jscomp.FlowSensitiveInlineVariables#void#enterScope#?,NodeTraversal#118	1.9793745841650032	1.9795076513639387	1.979441117764471	!(t.inGlobalScope())	_
com.google.javascript.jscomp.JSModuleGraph#List<CompilerInput>#manageDependencies#?,DependencyOptions,List<CompilerInput>#378	1.9793745841650032	1.9793745841650032	1.9793745841650032	module != null	_
com.google.javascript.jscomp.JSModuleGraph#List<CompilerInput>#manageDependencies#?,DependencyOptions,List<CompilerInput>#364	1.9793745841650032	1.9793745841650032	1.9793745841650032	oldModule == null	_
com.google.javascript.jscomp.Denormalize#void#maybeCollapseIntoForStatements#?,Node,Node#79	1.9724550898203592	1.9860279441117765	1.9792415169660678	!(nextSibling == null)	_
com.google.javascript.jscomp.DefaultPassConfig#List<PassFactory>#getOptimizations#?#359	1.9704590818363275	1.9878908848968728	1.9791749833666001	options.optimizeArgumentsArray	_
com.google.javascript.jscomp.DefaultPassConfig#List<PassFactory>#getOptimizations#?#570	1.9704590818363275	1.9878908848968728	1.9791749833666001	options.convertToDottedProperties	_
com.google.javascript.jscomp.DefaultPassConfig#List<PassFactory>#getOptimizations#?#508	1.9704590818363275	1.9878908848968728	1.9791749833666001	options.flowSensitiveInlineVariables	_
com.google.javascript.jscomp.DefaultPassConfig#List<PassFactory>#getOptimizations#?#611	1.9704590818363275	1.9878908848968728	1.9791749833666001	options.collapseVariableDeclarations	_
com.google.javascript.jscomp.DefaultPassConfig#List<PassFactory>#getOptimizations#?#643	1.9704590818363275	1.9878908848968728	1.9791749833666001	options.labelRenaming	_
com.google.javascript.jscomp.DefaultPassConfig#List<PassFactory>#getMainOptimizationLoop#?#684	1.9704590818363275	1.9878908848968728	1.9791749833666001	options.inlineFunctions || options.inlineLocalFunctions	_
com.google.javascript.jscomp.DefaultPassConfig#List<PassFactory>#getOptimizations#?#600	1.9704590818363275	1.9877578176979374	1.9791084497671325	options.coalesceVariableNames	_
com.google.javascript.jscomp.DefaultPassConfig#List<PassFactory>#getCodeRemovingPasses#?#714	1.9704590818363275	1.9877578176979374	1.9791084497671325	options.collapseObjectLiterals && !isInliningForbidden()	_
com.google.javascript.jscomp.parsing.JsDocTokenStream#JsDocToken#getJsDocToken#?#145	1.9789753825681968	1.9792415169660678	1.9791084497671323	c == '.'	_
com.google.javascript.jscomp.deps.SortedDependencies#List<INPUT>#getDependenciesOf#?,List<INPUT>,boolean#228	1.9789753825681968	1.9789753825681968	1.9789753825681968	included.contains(current)	_
com.google.javascript.jscomp.deps.SortedDependencies#List<INPUT>#getDependenciesOf#?,List<INPUT>,boolean#214	1.9789753825681968	1.9789753825681968	1.9789753825681968	!worklist.isEmpty()	_
com.google.javascript.jscomp.deps.SortedDependencies#List<INPUT>#getDependenciesOf#?,List<INPUT>,boolean#216	1.9789753825681968	1.9789753825681968	1.9789753825681968	included.add(current)	_
com.google.javascript.jscomp.DefaultPassConfig#List<PassFactory>#getCodeRemovingPasses#?#730	1.9704590818363275	1.9874916833000664	1.9789753825681968	options.removeDeadCode	_
com.google.javascript.jscomp.PeepholeSubstituteAlternateSyntax#Node#tryMinimizeCondition#?,Node#1292	1.9783100465735197	1.9795076513639387	1.9789088489687292	!(nVal != TernaryValue.UNKNOWN)	_
com.google.javascript.jscomp.DefaultPassConfig#List<PassFactory>#getOptimizations#?#630	1.9704590818363275	1.9872255489021957	1.9788423153692616	options.variableRenaming != VariableRenamingPolicy.OFF	_
com.google.javascript.jscomp.CompilerInput#void#regenerateDependencyInfoIfNecessary#?#208	1.9788423153692616	1.9788423153692616	1.9788423153692616	!(!(ast instanceof JsAst))	_
com.google.javascript.jscomp.CompilerInput#void#regenerateDependencyInfoIfNecessary#?#234	1.9788423153692616	1.9788423153692616	1.9788423153692616	!generatedDependencyInfoFromSource	_
com.google.javascript.jscomp.DefaultPassConfig#List<PassFactory>#getCodeRemovingPasses#?#718	1.9704590818363275	1.9872255489021957	1.9788423153692616	options.inlineVariables || options.inlineLocalVariables	_
com.google.javascript.jscomp.DefaultPassConfig#List<PassFactory>#getMainOptimizationLoop#?#696	1.9704590818363275	1.9869594145043248	1.9787092481703261	options.removeUnusedVars || options.removeUnusedLocalVars	_
com.google.javascript.jscomp.RenameVars#?#RenameVars#?,AbstractCompiler,String,boolean,boolean,boolean,boolean,VariableMap,char[],Set<String>#147	1.9776447105788424	1.9797737857618096	1.978709248170326	!(generatePseudoNames)	_
com.google.javascript.jscomp.InlineVariables$InliningBehavior#boolean#maybeEscapedOrModifiedArguments#?,Scope,ReferenceMap#229	1.9783100465735197	1.9789753825681968	1.9786427145708583	!(refs != null && !refs.references.isEmpty())	_
com.google.javascript.jscomp.RenameVars$ProcessVars#void#enterScope#?,NodeTraversal#195	1.9776447105788424	1.9792415169660678	1.978443113772455	!(t.inGlobalScope())	_
com.google.javascript.jscomp.PeepholeRemoveDeadCode#Node#tryFoldExpr#?,Node#139	1.9771124417831005	1.9795076513639387	1.9783100465735197	!(result == null)	_
com.google.javascript.jscomp.deps.SortedDependencies#List<T>#topologicalStableSort#?,List<T>,Multimap<T,T>#276	1.9783100465735197	1.9783100465735197	1.9783100465735197	!inDegreeZero.isEmpty()	_
com.google.javascript.jscomp.RenameVars$ProcessVars#void#visit#?,NodeTraversal,Node,Node#247	1.9781769793745843	1.9783100465735197	1.978243512974052	!(!okToRenameVar(name,local))	_
com.google.javascript.jscomp.deps.SortedDependencies#List<T>#topologicalStableSort#?,List<T>,Multimap<T,T>#270	1.9780439121756488	1.9783100465735197	1.9781769793745843	itemDeps.isEmpty()	_
com.google.javascript.jscomp.DefaultPassConfig#List<PassFactory>#getOptimizations#?#647	1.9704590818363275	1.985894876912841	1.9781769793745843	options.foldConstants	_
com.google.javascript.jscomp.RenameVars$ProcessVars#void#visit#?,NodeTraversal,Node,Node#240	1.9781769793745843	1.9781769793745843	1.9781769793745843	!(preserveFunctionExpressionNames && var != null && NodeUtil.isFunctionExpression(var.getParentNode()))	_
com.google.javascript.jscomp.DefaultPassConfig#List<PassFactory>#getCodeRemovingPasses#?#724	1.9704590818363275	1.985894876912841	1.9781769793745843	options.foldConstants	_
com.google.javascript.jscomp.deps.SortedDependencies#?#SortedDependencies#?,List<INPUT>#101	1.9779108449767133	1.9783100465735197	1.9781104457751164	!(sortedList.size() < inputs.size())	_
com.google.javascript.jscomp.PeepholeRemoveDeadCode#Node#trySimplifyUnusedResult#?,Node,boolean#259	1.976979374584165	1.9792415169660678	1.9781104457751164	!(n != result)	_
com.google.javascript.jscomp.PeepholeRemoveDeadCode#Node#trySimplifyUnusedResult#?,Node,boolean#235	1.976979374584165	1.9792415169660678	1.9781104457751164	!(!NodeUtil.nodeTypeMayHaveSideEffects(n))	_
com.google.javascript.jscomp.deps.SortedDependencies#List<T>#topologicalStableSort#?,List<T>,Multimap<T,T>#248	1.9780439121756488	1.9780439121756488	1.9780439121756488	i < items.size()	_
com.google.javascript.jscomp.deps.SortedDependencies#List<T>#topologicalStableSort#?,List<T>,Multimap<T,T>#241	1.9779108449767133	1.9780439121756488	1.9779773785761812	!(items.size() == 0)	_
com.google.javascript.jscomp.DefaultPassConfig#List<PassFactory>#getOptimizations#?#436	1.9704590818363275	1.9852295409181637	1.9778443113772455	options.closurePass	_
com.google.javascript.jscomp.DefaultPassConfig#List<PassFactory>#getOptimizations#?#365	1.9704590818363275	1.9852295409181637	1.9778443113772455	options.closurePass && (options.removeAbstractMethods || options.removeClosureAsserts)	_
com.google.javascript.jscomp.Scope$Arguments#int#hashCode#?#381	1.9777777777777779	1.9777777777777779	1.9777777777777779	(System.identityHashCode(this))> 0	_
com.google.javascript.jscomp.RenameVars$ProcessVars#void#visit#?,NodeTraversal,Node,Node#213	1.9776447105788424	1.9776447105788424	1.9776447105788424	!n.isName()	_
com.google.javascript.jscomp.parsing.JsDocTokenStream#JsDocToken#getJsDocToken#?#143	1.9757817697937459	1.9789753825681968	1.9773785761809712	c == '.'	_
com.google.javascript.jscomp.Scope#Var#getArgumentsVar#?#554	1.977245508982036	1.977245508982036	1.977245508982036	arguments == null	_
com.google.javascript.jscomp.PeepholeRemoveDeadCode#Node#tryOptimizeBlock#?,Node#475	1.9691284098469728	1.9852295409181637	1.9771789753825684	!(n.isSyntheticBlock() || n.getParent() == null)	_
com.google.javascript.jscomp.ReplaceCssNames$Traversal#void#visit#?,NodeTraversal,Node,Node#142	1.9771124417831005	1.9771124417831005	1.9771124417831005	!(n.isCall() && GET_CSS_NAME_FUNCTION.equals(n.getFirstChild().getQualifiedName()))	_
com.google.javascript.jscomp.MustBeReachingVariableDef$MustDef#?#MustDef#?,Iterator<Var>#122	1.976979374584165	1.976979374584165	1.976979374584165	vars.hasNext()	_
com.google.javascript.jscomp.RemoveUnusedVars#void#process#?,Node,Node#144	1.9760479041916168	1.9771124417831005	1.9765801729873587	!(modifyCallSites)	_
com.google.javascript.jscomp.ProcessClosurePrimitives#void#visit#?,NodeTraversal,Node,Node#189	1.9757817697937459	1.977245508982036	1.9765136393878908	!("base".equals(methodName))	_
com.google.javascript.jscomp.DataFlowAnalysis#void#joinInputs#?,DiGraphNode<N,Branch>#293	1.9764471057884232	1.9764471057884232	1.9764471057884232	inNodes.size() == 1	_
com.google.javascript.jscomp.DataFlowAnalysis#void#joinInputs#?,DiGraphNode<N,Branch>#289	1.9764471057884232	1.9764471057884232	1.9764471057884232	!(cfg.getEntry() == node)	_
com.google.javascript.jscomp.RemoveUnusedVars#void#process#?,Node,Node,SimpleDefinitionFinder#160	1.9756487025948104	1.9771124417831005	1.9763805721889556	!(callSiteOptimizer != null)	_
com.google.javascript.jscomp.RemoveUnusedVars#void#process#?,Node,Node,SimpleDefinitionFinder#155	1.9756487025948104	1.9771124417831005	1.9763805721889556	!(modifyCallSites)	_
com.google.javascript.jscomp.deps.JsFileLineParser#void#doParse#?,String,Reader#154	1.9760479041916168	1.9763140385894877	1.9761809713905523	!(startOfMultilineComment != -1)	_
com.google.javascript.jscomp.deps.JsFileLineParser#void#doParse#?,String,Reader#176	1.9759148369926813	1.9763140385894877	1.9761144377910846	!(!parseLine(revisedLine) && shortcutMode)	_
com.google.javascript.jscomp.deps.JsFileLineParser#void#doParse#?,String,Reader#149	1.9759148369926813	1.9760479041916168	1.975981370592149	!(startOfLineComment != -1 && (startOfMultilineComment == -1 || startOfLineComment < startOfMultilineComment))	_
com.google.javascript.jscomp.deps.JsFileLineParser#void#doParse#?,String,Reader#145	1.9759148369926813	1.9759148369926813	1.9759148369926813	!inMultilineComment	_
com.google.javascript.jscomp.deps.JsFileLineParser#void#doParse#?,String,Reader#135	1.9759148369926813	1.9759148369926813	1.9759148369926813	!(inMultilineComment)	_
com.google.javascript.jscomp.deps.JsFileLineParser#void#doParse#?,String,Reader#131	1.9759148369926813	1.9759148369926813	1.9759148369926813	null != (line=lineBuffer.readLine())	_
com.google.javascript.jscomp.deps.JsFileLineParser#void#doParse#?,String,Reader#173	1.9759148369926813	1.9759148369926813	1.9759148369926813	!revisedLine.isEmpty()	_
com.google.javascript.jscomp.GlobalNamespace$BuildGlobalNamespace#void#collect#?,NodeTraversal,Node,Node#387	1.9532934131736528	1.998270126413839	1.9757817697937459	!(parent.getFirstChild() == n)	_
com.google.javascript.jscomp.NodeUtil#boolean#functionCallHasSideEffects#?,Node,AbstractCompiler#1024	1.9756487025948104	1.9756487025948104	1.9756487025948104	!("Math.floor".equals(nameNode.getQualifiedName()))	_
com.google.javascript.jscomp.RemoveUnusedVars#void#traverseNode#?,Node,Node,Scope#293	1.9756487025948104	1.9756487025948104	1.9756487025948104	c != null	_
com.google.javascript.jscomp.RemoveUnusedVars#void#interpretAssigns#?#752	1.9756487025948104	1.9756487025948104	1.9756487025948104	!(changes)	_
com.google.javascript.jscomp.InlineVariables$InliningBehavior#void#doInlinesForScope#?,NodeTraversal,ReferenceMap#205	1.9676646706586827	1.982435129740519	1.975049900199601	referenceInfo == null || isVarInlineForbidden(v)	_
com.google.javascript.jscomp.graph.GraphReachability#boolean#traverseEdge#?,N,E,N#75	1.9743180306054557	1.9745841650033267	1.9744510978043912	!(destNode.getAnnotation() != REACHABLE)	_
com.google.javascript.jscomp.graph.GraphReachability#boolean#traverseEdge#?,N,E,N#71	1.9743180306054557	1.9743180306054557	1.9743180306054557	graph.getNode(source).getAnnotation() == REACHABLE && (edgePredicate == null || edgePredicate.apply(new EdgeTuple<N,E>(source,e,destination)))	_
com.google.javascript.jscomp.ProcessClosurePrimitives#void#visit#?,NodeTraversal,Node,Node#183	1.9727212242182302	1.9757817697937459	1.9742514970059881	name.isName() && GOOG.equals(name.getString())	_
com.google.javascript.jscomp.PeepholeSubstituteAlternateSyntax#Node#tryReplaceUndefined#?,Node#393	1.9740518962075848	1.9740518962075848	1.9740518962075848	!(isASTNormalized() && NodeUtil.isUndefined(n) && !NodeUtil.isLValue(n))	_
com.google.javascript.jscomp.ControlFlowGraph$AbstractCfgNodeTraversalCallback#boolean#shouldTraverse#?,NodeTraversal,Node,Node#140	1.9740518962075848	1.9740518962075848	1.9740518962075848	parent == null	_
com.google.javascript.jscomp.CombinedCompilerPass$CallbackWrapper#void#enterScopeIfActive#?,NodeTraversal#136	1.9681969394544245	1.9793745841650032	1.9737857618097139	isActive() && scopedCallback != null	_
com.google.javascript.jscomp.ProcessClosurePrimitives#void#handleCandidateProvideDefinition#?,NodeTraversal,Node,Node#378	1.9639387890884896	1.9836327345309381	1.9737857618097139	pn != null	_
com.google.javascript.jscomp.Compiler#ErrorManager#getErrorManager#?#2203	1.9737857618097139	1.9737857618097139	1.9737857618097139	!(options == null)	_
com.google.javascript.jscomp.CombinedCompilerPass$CallbackWrapper#void#exitScopeIfActive#?,NodeTraversal#142	1.9681969394544245	1.9793745841650032	1.9737857618097139	isActive() && scopedCallback != null	_
com.google.javascript.jscomp.CombinedCompilerPass$CallbackWrapper#?#CallbackWrapper#?,Callback#110	1.9681969394544245	1.9793745841650032	1.9737857618097139	callback instanceof ScopedCallback	_
com.google.javascript.jscomp.NodeTraversal#ControlFlowGraph<Node>#getControlFlowGraph#?#613	1.9675316034597472	1.9795076513639387	1.973519627411843	!(cfgs.peek() == null)	_
com.google.javascript.jscomp.PeepholeFoldConstants#Node#tryFoldBinaryOperator#?,Node#108	1.971789753825682	1.9748502994011976	1.9733200266134396	!(right == null)	_
com.google.javascript.jscomp.PassFactory#PassFactory#makeOneTimePass#?#65	1.973253493013972	1.973253493013972	1.973253493013972	!(isOneTimePass())	_
com.google.javascript.jscomp.InlineVariables$InliningBehavior#boolean#maybeEscapedOrModifiedArguments#?,Scope,ReferenceMap#226	1.9676646706586827	1.9783100465735197	1.972987358616101	scope.isLocal()	_
com.google.javascript.jscomp.InlineFunctions$FindCandidateFunctions#void#visit#?,NodeTraversal,Node,Node#167	1.9560878243512974	1.9897538256819693	1.9729208250166335	!((t.inGlobalScope() && inlineGlobalFunctions) || (!t.inGlobalScope() && inlineLocalFunctions))	_
com.google.javascript.jscomp.ScopedAliases#void#hotSwapScript#?,Node,Node#136	1.9728542914171656	1.972987358616101	1.9729208250166335	!(traversal.getAliasUsages().size() > 0 || traversal.getAliasDefinitionsInOrder().size() > 0 || traversal.getScopeCalls().size() > 0)	_
com.google.javascript.jscomp.DefaultPassConfig#List<PassFactory>#getOptimizations#?#397	1.9728542914171656	1.9728542914171656	1.9728542914171656	!(options.markNoSideEffectCalls)	_
com.google.javascript.jscomp.PeepholeSubstituteAlternateSyntax#Node#tryReplaceIf#?,Node#300	1.9727212242182302	1.9727212242182302	1.9727212242182302	!(child != null)	_
com.google.javascript.jscomp.PeepholeSubstituteAlternateSyntax#Node#tryReplaceIf#?,Node#301	1.9727212242182302	1.9727212242182302	1.9727212242182302	!(child.isIf())	_
com.google.javascript.jscomp.NodeUtil#boolean#functionCallHasSideEffects#?,Node,AbstractCompiler#1023	1.9696606786427147	1.9756487025948104	1.9726546906187625	nameNode.getFirstChild().isName()	_
com.google.javascript.jscomp.DefaultPassConfig#List<PassFactory>#getOptimizations#?#372	1.9704590818363275	1.9744510978043912	1.9724550898203592	!(options.collapseProperties)	_
com.google.javascript.jscomp.ScopedAliases#void#hotSwapScript#?,Node,Node#108	1.9719228210246174	1.9728542914171656	1.9723885562208916	!traversal.hasErrors()	_
com.google.javascript.jscomp.DefaultPassConfig#List<PassFactory>#getOptimizations#?#416	1.9704590818363275	1.9736526946107784	1.972055888223553	!(options.inlineConstantVars)	_
com.google.javascript.jscomp.ScopedAliases$Traversal#void#visit#?,NodeTraversal,Node,Node#324	1.9719228210246174	1.9719228210246174	1.9719228210246174	t.getScopeDepth() < 2	_
com.google.javascript.jscomp.ScopedAliases$Traversal#void#visit#?,NodeTraversal,Node,Node#320	1.9719228210246174	1.9719228210246174	1.9719228210246174	!(isCallToScopeMethod(n))	_
com.google.javascript.jscomp.ScopedAliases$Traversal#void#exitScope#?,NodeTraversal#232	1.9719228210246174	1.9719228210246174	1.9719228210246174	!(t.getScopeDepth() == 2)	_
com.google.javascript.jscomp.ScopedAliases$Traversal#boolean#shouldTraverse#?,NodeTraversal,Node,Node#240	1.9719228210246174	1.9719228210246174	1.9719228210246174	!(n.isFunction() && t.inGlobalScope())	_
com.google.javascript.jscomp.ScopedAliases$Traversal#void#enterScope#?,NodeTraversal#223	1.9719228210246174	1.9719228210246174	1.9719228210246174	!(n != null && isCallToScopeMethod(n))	_
com.google.javascript.jscomp.DefaultPassConfig#List<PassFactory>#getOptimizations#?#623	1.9704590818363275	1.973253493013972	1.9718562874251497	options.variableRenaming != VariableRenamingPolicy.ALL	_
com.google.javascript.jscomp.DefaultPassConfig#List<PassFactory>#getOptimizations#?#457	1.9704590818363275	1.9731204258150365	1.9717897538256821	!(options.devirtualizePrototypeMethods)	_
com.google.javascript.jscomp.DefaultPassConfig#List<PassFactory>#getOptimizations#?#429	1.9704590818363275	1.9731204258150365	1.9717897538256821	!(options.smartNameRemoval || options.reportPath != null)	_
com.google.javascript.jscomp.DefaultPassConfig#List<PassFactory>#getOptimizations#?#559	1.9704590818363275	1.9731204258150365	1.9717897538256821	!(options.propertyRenaming != PropertyRenamingPolicy.OFF)	_
com.google.javascript.jscomp.DefaultPassConfig#List<PassFactory>#getOptimizations#?#520	1.9704590818363275	1.9731204258150365	1.9717897538256821	!(options.smartNameRemoval)	_
com.google.javascript.jscomp.PeepholeFoldConstants#Node#tryFoldBinaryOperator#?,Node#102	1.971789753825682	1.971789753825682	1.971789753825682	left == null	_
com.google.javascript.jscomp.DefaultPassConfig#List<PassFactory>#getOptimizations#?#547	1.9704590818363275	1.972987358616101	1.9717232202262143	!(options.extractPrototypeMemberDeclarations && (options.propertyRenaming != PropertyRenamingPolicy.HEURISTIC && options.propertyRenaming != PropertyRenamingPolicy.AGGRESSIVE_HEURISTIC))	_
com.google.javascript.jscomp.DefaultPassConfig#List<PassFactory>#getOptimizations#?#524	1.9704590818363275	1.972987358616101	1.9717232202262143	!(options.collapseAnonymousFunctions)	_
com.google.javascript.jscomp.DefaultPassConfig#List<PassFactory>#getOptimizations#?#448	1.9704590818363275	1.9728542914171656	1.9716566866267464	!(options.crossModuleCodeMotion)	_
com.google.javascript.jscomp.DefaultPassConfig#List<PassFactory>#getOptimizations#?#395	1.9704590818363275	1.9728542914171656	1.9716566866267464	!(options.computeFunctionSideEffects)	_
com.google.javascript.jscomp.DefaultPassConfig#List<PassFactory>#getOptimizations#?#564	1.9704590818363275	1.9728542914171656	1.9716566866267464	!(options.reserveRawExports)	_
com.google.javascript.jscomp.DefaultPassConfig#List<PassFactory>#getOptimizations#?#578	1.9704590818363275	1.9728542914171656	1.9716566866267464	!(options.rewriteFunctionExpressions)	_
com.google.javascript.jscomp.DefaultPassConfig#List<PassFactory>#getOptimizations#?#495	1.9704590818363275	1.9728542914171656	1.9716566866267464	!(options.crossModuleMethodMotion)	_
com.google.javascript.jscomp.DefaultPassConfig#List<PassFactory>#getOptimizations#?#491	1.9704590818363275	1.9728542914171656	1.9716566866267464	!(options.crossModuleCodeMotion)	_
com.google.javascript.jscomp.Compiler#Result#compile#?,List<T1>,List<T2>,CompilerOptions#537	1.9716566866267464	1.9716566866267464	1.9716566866267464	!(hasErrors())	_
com.google.javascript.jscomp.DefaultPassConfig#List<PassFactory>#getMainOptimizationLoop#?#678	1.9704590818363275	1.9728542914171656	1.9716566866267464	!(options.inlineGetters)	_
com.google.javascript.jscomp.DefaultPassConfig#List<PassFactory>#getOptimizations#?#592	1.9704590818363275	1.9728542914171656	1.9716566866267464	!(options.aliasKeywords)	_
com.google.javascript.jscomp.DefaultPassConfig#List<PassFactory>#getMainOptimizationLoop#?#704	1.9704590818363275	1.9728542914171656	1.9716566866267464	!(runOptimizeCalls)	_
com.google.javascript.jscomp.DefaultPassConfig#List<PassFactory>#getCodeRemovingPasses#?#734	1.9704590818363275	1.9728542914171656	1.9716566866267464	!(options.removeUnusedPrototypeProperties)	_
com.google.javascript.jscomp.Scope#int#getVarCount#?#607	1.9632734530938123	1.9789753825681968	1.9711244178310046	(vars.size())<= 0	_
com.google.javascript.jscomp.CheckSideEffects$StripProtection#void#visit#?,NodeTraversal,Node,Node#219	1.970991350632069	1.970991350632069	1.970991350632069	!(n.isCall())	_
com.google.javascript.jscomp.InlineVariables$InliningBehavior#void#collectAliasCandidates#?,NodeTraversal,ReferenceMap#177	1.9695276114437792	1.9723220226214238	1.9709248170326015	!(referenceInfo != null && referenceInfo.references.size() >= 2 && referenceInfo.isWellDefined() && referenceInfo.isAssignedOnceInLifetime())	_
com.google.javascript.jscomp.Compiler#void#optimize#?#1849	1.9705921490352627	1.9711244178310046	1.9708582834331336	!(hasErrors())	_
com.google.javascript.jscomp.ProcessClosurePrimitives$ProvidedName#void#updateMinimumModule#?,JSModule#870	1.9491683300066533	1.9925482368596141	1.9708582834331336	!(minimumModule == null)	_
com.google.javascript.jscomp.DefaultPassConfig#List<PassFactory>#getOptimizations#?#651	1.9704590818363275	1.970991350632069	1.9707252162341984	!(options.anonymousFunctionNaming == AnonymousFunctionNamingPolicy.UNMAPPED)	_
com.google.javascript.jscomp.parsing.JsDocTokenStream#JsDocToken#getJsDocToken#?#140	1.9656686626746507	1.9757817697937459	1.9707252162341984	!(c == '<')	_
com.google.javascript.jscomp.AstValidator#void#process#?,Node,Node#62	1.9707252162341982	1.9707252162341982	1.9707252162341982	root != null	_
com.google.javascript.jscomp.AstValidator#void#process#?,Node,Node#59	1.9707252162341982	1.9707252162341982	1.9707252162341982	externs != null	_
com.google.javascript.jscomp.DefaultPassConfig#List<PassFactory>#getOptimizations#?#554	1.9704590818363275	1.9707252162341982	1.9705921490352627	!(options.ambiguateProperties && (options.propertyRenaming == PropertyRenamingPolicy.ALL_UNQUOTED))	_
com.google.javascript.jscomp.DefaultPassConfig#List<PassFactory>#getOptimizations#?#588	1.9704590818363275	1.9707252162341982	1.9705921490352627	!(options.aliasExternals)	_
com.google.javascript.jscomp.DefaultPassConfig#List<PassFactory>#getOptimizations#?#410	1.9704590818363275	1.9705921490352627	1.970525615435795	!(options.chainCalls)	_
com.google.javascript.jscomp.DefaultPassConfig#List<PassFactory>#getOptimizations#?#391	1.9704590818363275	1.9705921490352627	1.970525615435795	!(options.disambiguateProperties)	_
com.google.javascript.jscomp.DefaultPassConfig#List<PassFactory>#getOptimizations#?#383	1.9704590818363275	1.9705921490352627	1.970525615435795	!(options.tightenTypes)	_
com.google.javascript.jscomp.DefaultPassConfig#List<PassFactory>#getOptimizations#?#503	1.9704590818363275	1.9705921490352627	1.970525615435795	!(options.customPasses != null)	_
com.google.javascript.jscomp.DefaultPassConfig#List<PassFactory>#getOptimizations#?#461	1.9704590818363275	1.9705921490352627	1.970525615435795	!(options.customPasses != null)	_
com.google.javascript.jscomp.DefaultPassConfig#List<PassFactory>#getOptimizations#?#639	1.9704590818363275	1.9705921490352627	1.970525615435795	!(options.processObjectPropertyString)	_
com.google.javascript.jscomp.DefaultPassConfig#List<PassFactory>#getMainOptimizationLoop#?#688	1.9704590818363275	1.9705921490352627	1.970525615435795	!(options.inlineProperties)	_
com.google.javascript.jscomp.DefaultPassConfig#List<PassFactory>#getCodeRemovingPasses#?#738	1.9704590818363275	1.9705921490352627	1.970525615435795	!(options.removeUnusedClassProperties)	_
com.google.javascript.jscomp.DefaultPassConfig#List<PassFactory>#getOptimizations#?#423	1.9704590818363275	1.9704590818363275	1.9704590818363275	!(options.ignoreCajaProperties)	_
com.google.javascript.jscomp.DefaultPassConfig#List<PassFactory>#getOptimizations#?#378	1.9704590818363275	1.9704590818363275	1.9704590818363275	!(!options.replaceStringsFunctionDescriptions.isEmpty())	_
com.google.javascript.jscomp.DefaultPassConfig#List<PassFactory>#getOptimizations#?#348	1.9704590818363275	1.9704590818363275	1.9704590818363275	!(options.runtimeTypeCheck)	_
com.google.javascript.jscomp.DefaultPassConfig#List<PassFactory>#getOptimizations#?#529	1.9704590818363275	1.9704590818363275	1.9704590818363275	!(options.moveFunctionDeclarations || options.renamePrefixNamespace != null)	_
com.google.javascript.jscomp.DefaultPassConfig#List<PassFactory>#getOptimizations#?#536	1.9704590818363275	1.9704590818363275	1.9704590818363275	!(options.anonymousFunctionNaming == AnonymousFunctionNamingPolicy.MAPPED)	_
com.google.javascript.jscomp.DefaultPassConfig#List<PassFactory>#getOptimizations#?#468	1.9704590818363275	1.9704590818363275	1.9704590818363275	!(options.specializeInitialModule)	_
com.google.javascript.jscomp.MakeDeclaredNamesUnique$ContextualRenameInverter#void#exitScope#?,NodeTraversal#315	1.9704590818363275	1.9704590818363275	1.9704590818363275	t.inGlobalScope()	_
com.google.javascript.jscomp.DefaultPassConfig#List<PassFactory>#getOptimizations#?#619	1.9704590818363275	1.9704590818363275	1.9704590818363275	!(options.instrumentationTemplate != null)	_
com.google.javascript.jscomp.DefaultPassConfig#List<PassFactory>#getOptimizations#?#656	1.9704590818363275	1.9704590818363275	1.9704590818363275	!(options.renamePrefixNamespace != null)	_
com.google.javascript.jscomp.DefaultPassConfig#List<PassFactory>#getOptimizations#?#634	1.9704590818363275	1.9704590818363275	1.9704590818363275	!(options.groupVariableDeclarations)	_
com.google.javascript.jscomp.DefaultPassConfig#List<PassFactory>#getOptimizations#?#584	1.9704590818363275	1.9704590818363275	1.9704590818363275	!(!options.aliasableStrings.isEmpty() || options.aliasAllStrings)	_
com.google.javascript.jscomp.Compiler#void#optimize#?#1844	1.9704590818363275	1.9704590818363275	1.9704590818363275	!(options.devMode == DevMode.EVERY_PASS)	_
com.google.javascript.jscomp.MakeDeclaredNamesUnique$ContextualRenameInverter#void#visit#?,NodeTraversal,Node,Node#393	1.9704590818363275	1.9704590818363275	1.9704590818363275	t.inGlobalScope()	_
com.google.javascript.jscomp.ProcessClosurePrimitives#void#visit#?,NodeTraversal,Node,Node#181	1.9681969394544245	1.9727212242182302	1.9704590818363275	left.isGetProp()	_
com.google.javascript.jscomp.MakeDeclaredNamesUnique$ContextualRenameInverter#void#enterScope#?,NodeTraversal#301	1.9704590818363275	1.9704590818363275	1.9704590818363275	t.inGlobalScope()	_
com.google.javascript.jscomp.Denormalize#void#maybeCollapseIntoForStatements#?,Node,Node#73	1.9681969394544245	1.9724550898203592	1.9703260146373918	!(!n.isExprResult() && !n.isVar())	_
com.google.javascript.jscomp.ControlFlowAnalysis#void#handleIf#?,Node#362	1.9658017298735861	1.9740518962075848	1.9699268130405856	elseBlock == null	_
com.google.javascript.jscomp.ProcessDefines#Map<String,DefineInfo>#collectDefines#?,Node,GlobalNamespace#191	1.9592814371257485	1.9805721889554224	1.9699268130405856	!(ref == decl)	_
com.google.javascript.jscomp.ReferenceCollectingCallback#boolean#shouldTraverse#?,NodeTraversal,Node,Node#198	1.9498336660013307	1.9894876912840984	1.9696606786427147	isBlockBoundary(n,parent)	_
com.google.javascript.jscomp.NodeUtil#boolean#functionCallHasSideEffects#?,Node,AbstractCompiler#1029	1.9696606786427147	1.9696606786427147	1.9696606786427147	!(compiler != null && !compiler.hasRegExpGlobalReferences())	_
com.google.javascript.jscomp.NodeUtil#boolean#functionCallHasSideEffects#?,Node,AbstractCompiler#1015	1.9696606786427147	1.9696606786427147	1.9696606786427147	!(callNode.isOnlyModifiesThisCall() && evaluatesToLocalValue(nameNode.getFirstChild()))	_
com.google.javascript.jscomp.NodeUtil#boolean#functionCallHasSideEffects#?,Node,AbstractCompiler#1009	1.9696606786427147	1.9696606786427147	1.9696606786427147	!(callNode.hasOneChild() && OBJECT_METHODS_WITHOUT_SIDEEFFECTS.contains(nameNode.getLastChild().getString()))	_
com.google.javascript.jscomp.ReferenceCollectingCallback#void#visit#?,NodeTraversal,Node,Node#161	1.9498336660013307	1.9894876912840984	1.9696606786427147	isBlockBoundary(n,parent)	_
com.google.javascript.jscomp.InlineVariables$InliningBehavior#void#collectAliasCandidates#?,NodeTraversal,ReferenceMap#170	1.9695276114437792	1.9695276114437792	1.9695276114437792	it.hasNext()	_
com.google.javascript.jscomp.DataFlowAnalysis#boolean#flow#?,DiGraphNode<N,Branch>#269	1.9624750499001995	1.9764471057884232	1.9694610778443113	isForward()	_
com.google.javascript.jscomp.DataFlowAnalysis#void#joinInputs#?,DiGraphNode<N,Branch>#288	1.9624750499001995	1.9764471057884232	1.9694610778443113	isForward()	_
com.google.javascript.jscomp.PeepholeRemoveDeadCode#Node#tryOptimizeBlock#?,Node#463	1.9691284098469728	1.9691284098469728	1.9691284098469728	!(!mayHaveSideEffects(c) && !c.isSyntheticBlock())	_
com.google.javascript.jscomp.PeepholeRemoveDeadCode#Node#tryOptimizeBlock#?,Node#461	1.9691284098469728	1.9691284098469728	1.9691284098469728	c != null	_
com.google.javascript.jscomp.ProcessClosurePrimitives$ProvidedName#void#addProvide#?,Node,JSModule,boolean#839	1.9491683300066533	1.9889554224883566	1.969061876247505	explicit	_
com.google.javascript.jscomp.ProcessClosurePrimitives$ProvidedName#void#replace#?#891	1.9491683300066533	1.9889554224883566	1.969061876247505	!(firstNode == null)	_
com.google.javascript.jscomp.CheckSideEffects#void#process#?,Node,Node#73	1.9510312707917499	1.9866932801064539	1.9688622754491019	protectSideEffectFreeCode	_
com.google.javascript.jscomp.InlineVariables$InliningBehavior#void#collectAliasCandidates#?,NodeTraversal,ReferenceMap#169	1.9676646706586827	1.9695276114437792	1.968596141051231	mode != Mode.CONSTANTS_ONLY	_
com.google.javascript.jscomp.ProcessDefines$CollectDefines#void#updateAssignAllowedStack#?,Node,boolean#389	1.9681969394544245	1.9681969394544245	1.9681969394544245	entering	_
com.google.javascript.jscomp.CombinedCompilerPass#?#CombinedCompilerPass#?,AbstractCompiler,List<Callback>#68	1.9681969394544245	1.9681969394544245	1.9681969394544245	i < callbacks.size()	_
com.google.javascript.jscomp.CombinedCompilerPass$CallbackWrapper#void#visitOrMaybeActivate#?,NodeTraversal,Node,Node#122	1.9681969394544245	1.9681969394544245	1.9681969394544245	isActive()	_
com.google.javascript.jscomp.CombinedCompilerPass$CallbackWrapper#void#shouldTraverseIfActive#?,NodeTraversal,Node,Node#130	1.9681969394544245	1.9681969394544245	1.9681969394544245	!(isActive() && !callback.shouldTraverse(t,n,parent))	_
com.google.javascript.jscomp.Denormalize#void#maybeCollapseIntoForStatements#?,Node,Node#68	1.9681969394544245	1.9681969394544245	1.9681969394544245	parent == null || !NodeUtil.isStatementBlock(parent)	_
com.google.javascript.jscomp.InlineVariables$InliningBehavior#void#doInlinesForScope#?,NodeTraversal,ReferenceMap#198	1.9676646706586827	1.9676646706586827	1.9676646706586827	it.hasNext()	_
com.google.javascript.jscomp.Compiler#void#maybeSanityCheck#?#818	1.9675316034597472	1.9675316034597472	1.9675316034597472	!(options.devMode == DevMode.EVERY_PASS)	_
com.google.javascript.jscomp.ReferenceCollectingCallback#void#visit#?,NodeTraversal,Node,Node#151	1.9498336660013307	1.9846972721224219	1.9672654690618763	n.getString().equals("arguments")	_
com.google.javascript.jscomp.NodeUtil#boolean#functionCallHasSideEffects#?,Node,AbstractCompiler#1008	1.9647371922821024	1.9696606786427147	1.9671989354624086	nameNode.isGetProp()	_
com.google.javascript.jscomp.DefaultPassConfig#List<PassFactory>#getChecks#?#281	1.9518296739853627	1.982435129740519	1.9671324018629408	options.checkUnreachableCode.isOn() || (options.checkTypes && options.checkMissingReturn.isOn())	_
com.google.javascript.jscomp.DefaultPassConfig#List<PassFactory>#getChecks#?#220	1.9518296739853627	1.982168995342648	1.9669993346640053	options.checkControlStructures || options.enables(DiagnosticGroups.ES5_STRICT)	_
com.google.javascript.jscomp.DefaultPassConfig#List<PassFactory>#getChecks#?#214	1.9518296739853627	1.9812375249500997	1.966533599467731	options.checkSuspiciousCode || options.enables(DiagnosticGroups.GLOBAL_THIS) || options.enables(DiagnosticGroups.DEBUGGER_STATEMENT_PRESENT)	_
com.google.javascript.jscomp.DefaultPassConfig#Map<String,Node>#getAdditionalReplacements#?,CompilerOptions#2228	1.9538256819693944	1.9788423153692616	1.966333998669328	options.markAsCompiled || options.closurePass	_
com.google.javascript.jscomp.PhaseOptimizer#void#consume#?,List<PassFactory>#130	1.9514304723885563	1.9811044577511643	1.9662674650698602	isCurrentLoopPopulated	_
com.google.javascript.jscomp.PhaseOptimizer#void#consume#?,List<PassFactory>#129	1.9514304723885563	1.9809713905522288	1.9662009314703925	!(factory.isOneTimePass())	_
com.google.javascript.jscomp.DataFlowAnalysis#void#joinInputs#?,DiGraphNode<N,Branch>#309	1.9655355954757152	1.9664670658682635	1.9660013306719892	inNode == cfg.getImplicitReturn()	_
com.google.javascript.jscomp.GlobalNamespace$Name#Name#addProperty#?,String,boolean#907	1.9506320691949435	1.9808383233532934	1.9657351962741183	!(props == null)	_
com.google.javascript.jscomp.DataFlowAnalysis#void#joinInputs#?,DiGraphNode<N,Branch>#307	1.9655355954757152	1.9655355954757152	1.9655355954757152	inNodes.size() == 1	_
com.google.javascript.jscomp.RenameLabels$ProcessLabels#boolean#shouldTraverse#?,NodeTraversal,Node,Node#139	1.9655355954757152	1.9655355954757152	1.9655355954757152	!(node.isLabel())	_
com.google.javascript.jscomp.DefaultPassConfig#List<PassFactory>#getChecks#?#303	1.9518296739853627	1.9779108449767133	1.9648702594810379	options.closurePass	_
com.google.javascript.jscomp.DefaultPassConfig#List<PassFactory>#getChecks#?#193	1.9518296739853627	1.9779108449767133	1.9648702594810379	options.closurePass	_
com.google.javascript.jscomp.DefaultPassConfig#List<PassFactory>#getChecks#?#244	1.9518296739853627	1.9779108449767133	1.9648702594810379	options.closurePass	_
com.google.javascript.jscomp.ProcessClosurePrimitives#void#handleCandidateProvideDefinition#?,NodeTraversal,Node,Node#374	1.9639387890884896	1.9639387890884896	1.9639387890884896	!(parent.getBooleanProp(Node.IS_NAMESPACE))	_
com.google.javascript.jscomp.ProcessClosurePrimitives#void#handleCandidateProvideDefinition#?,NodeTraversal,Node,Node#368	1.9532934131736528	1.973519627411843	1.963406520292748	n.isAssign() && parent.isExprResult()	_
com.google.javascript.jscomp.DataFlowAnalysis#void#computeEscaped#?,Scope,Set<Var>,AbstractCompiler#573	1.9630073186959414	1.9631403858948768	1.963073852295409	!(var.getParentNode().isCatch() || compiler.getCodingConvention().isExported(var.getName()))	_
com.google.javascript.jscomp.DataFlowAnalysis#void#computeEscaped#?,Scope,Set<Var>,AbstractCompiler#571	1.9630073186959414	1.9630073186959414	1.9630073186959414	i.hasNext()	_
com.google.javascript.jscomp.VarCheck$NameRefInExternsCheck#void#visit#?,NodeTraversal,Node,Node#246	1.9624750499001995	1.9634065202927478	1.9629407850964737	!(var == null)	_
com.google.javascript.jscomp.InlineFunctions#void#process#?,Node,Node#117	1.9560878243512974	1.9691284098469728	1.9626081170991352	fns.isEmpty()	_
com.google.javascript.jscomp.DataFlowAnalysis#void#initialize#?#256	1.9624750499001995	1.9624750499001995	1.9624750499001995	!(node != cfg.getImplicitReturn())	_
com.google.javascript.jscomp.VarCheck$NameRefInExternsCheck#void#visit#?,NodeTraversal,Node,Node#243	1.9624750499001995	1.9624750499001995	1.9624750499001995	n == parent.getFirstChild()	_
com.google.javascript.jscomp.PhaseOptimizer#void#process#?,Node,Node#184	1.9516966067864272	1.9728542914171656	1.9622754491017964	progress > progressStep	_
com.google.javascript.jscomp.Compiler#void#compileInternal#?#692	1.9538256819693944	1.9704590818363275	1.962142381902861	!options.ideMode	_
com.google.javascript.jscomp.NodeTraversal#void#traverseAtScope#?,Scope#355	1.9610113107119096	1.961144377910845	1.9610778443113772	inputId == null	_
com.google.javascript.jscomp.NodeTraversal#void#traverseAtScope#?,Scope#352	1.9610113107119096	1.9610113107119096	1.9610113107119096	n.isFunction()	_
com.google.javascript.jscomp.JSModule#void#setDepth#?,int#295	1.9608782435129741	1.9608782435129741	1.9608782435129741	this.depth == dep	_
com.google.javascript.jscomp.JSModuleGraph#?#JSModuleGraph#?,List<JSModule>#105	1.9608782435129741	1.9608782435129741	1.9608782435129741	depth == modulesByDepth.size()	_
com.google.javascript.jscomp.ProcessClosurePrimitives#void#handleCandidateProvideDefinition#?,NodeTraversal,Node,Node#366	1.9503659347970725	1.970991350632069	1.9606786427145708	n.isName() && parent.isVar()	_
com.google.javascript.jscomp.CodeGenerator#void#add#?,Node,Context#667	1.9582168995342648	1.9631403858948768	1.9606786427145708	!c.isQuotedString() && !TokenStream.isKeyword(key) && TokenStream.isJSIdentifier(key)&& NodeUtil.isLatin(key)	_
com.google.javascript.jscomp.PeepholeOptimizationsPass#void#visit#?,Node#190	1.9411842980705256	1.9795076513639387	1.960345974717232	somethingChanged	_
com.google.javascript.jscomp.NameGenerator#char[]#reserveCharacters#?,char[],char[]#79	1.9572854291417165	1.962608117099135	1.9599467731204259	reservedCharacters == null || reservedCharacters.length == 0	_
com.google.javascript.jscomp.GlobalNamespace$BuildGlobalNamespace#void#collect#?,NodeTraversal,Node,Node#401	1.9595475715236195	1.9595475715236195	1.9595475715236195	!(NodeUtil.isAssignmentOp(parent) && parent.getFirstChild() == n)	_
com.google.javascript.jscomp.PhaseOptimizer#void#process#?,Node,Node#188	1.9500998003992016	1.9688622754491019	1.9594810379241516	!(progressRange != null)	_
com.google.javascript.jscomp.PhaseOptimizer#void#process#?,Node,Node#181	1.9499667332002661	1.9687292082501664	1.9593479707252164	!(progressRange != null)	_
com.google.javascript.jscomp.GlobalVarReferenceMap#void#resetGlobalVarReferences#?,Map<Var,ReferenceCollection>#83	1.9520958083832336	1.9658017298735861	1.9589487691284098	!(var.isGlobal())	_
com.google.javascript.jscomp.ProcessClosurePrimitives#void#visit#?,NodeTraversal,Node,Node#258	1.9588822355289421	1.9588822355289421	1.9588822355289421	!(n.getFirstChild().isName() && !parent.isCall() && !parent.isAssign()&& "goog.base".equals(n.getQualifiedName()))	_
com.google.javascript.jscomp.NodeUtil#boolean#checkForStateChangeHelper#?,Node,boolean,AbstractCompiler#836	1.934930139720559	1.982168995342648	1.9585495675316036	n.getFirstChild() != null	_
com.google.javascript.jscomp.NameGenerator#void#checkPrefix#?,String#91	1.9572854291417165	1.9592814371257485	1.9582834331337327	!(prefix.length() > 0)	_
com.google.javascript.jscomp.DefaultPassConfig#List<PassFactory>#getChecks#?#271	1.9518296739853627	1.9647371922821024	1.9582834331337327	!(options.checkTypes || options.inferTypes)	_
com.google.javascript.rhino.TokenStream#boolean#isJSIdentifier#?,String#197	1.9580838323353293	1.9582168995342648	1.958150365934797	!(!Character.isJavaIdentifierPart(s.charAt(i)))	_
com.google.javascript.rhino.TokenStream#boolean#isJSIdentifier#?,String#196	1.9580838323353293	1.9580838323353293	1.9580838323353293	i < length	_
com.google.javascript.jscomp.ProcessDefines#Map<String,DefineInfo>#collectDefines#?,Node,GlobalNamespace#178	1.9562208915502328	1.9592814371257485	1.9577511643379908	!(name.docInfo != null && name.docInfo.isDefine())	_
com.google.javascript.jscomp.PeepholeOptimizationsPass#void#visit#?,Node#180	1.941317365269461	1.9736526946107784	1.9574850299401199	newVersionOfNode != currentVersionOfNode	_
com.google.javascript.jscomp.ProcessClosurePrimitives#void#handleCandidateProvideDefinition#?,NodeTraversal,Node,Node#373	1.9503659347970725	1.9639387890884896	1.957152361942781	name != null	_
com.google.javascript.jscomp.GlobalVarReferenceMap#ReferenceCollection#getReferences#?,Var#66	1.9568862275449102	1.9568862275449102	1.9568862275449102	!(!var.isGlobal())	_
com.google.javascript.jscomp.ReferenceCollectingCallback#void#visit#?,NodeTraversal,Node,Node#156	1.9498336660013307	1.9632734530938123	1.9565535595475714	!(v != null && varFilter.apply(v))	_
com.google.javascript.jscomp.ProcessClosurePrimitives#void#handleTypedefDefinition#?,NodeTraversal,Node,Node#348	1.9564870259481038	1.9564870259481038	1.9564870259481038	!(t.inGlobalScope() && info != null && info.hasTypedefType())	_
com.google.javascript.jscomp.VarCheck#void#process#?,Node,Node#98	1.9450432468396541	1.9679308050565536	1.9564870259481038	!(!sanityCheck)	_
com.google.javascript.jscomp.DefaultPassConfig#List<PassFactory>#getChecks#?#262	1.9518296739853627	1.9607451763140387	1.9562874251497007	!(options.aggressiveVarCheck.isOn())	_
com.google.javascript.jscomp.GlobalNamespace$BuildGlobalNamespace#void#handleGet#?,NodeTraversal,Node,Node,String#647	1.9562208915502328	1.9562208915502328	1.9562208915502328	parent != null	_
com.google.javascript.jscomp.DefaultPassConfig#List<PassFactory>#getChecks#?#293	1.9518296739853627	1.9606121091151032	1.9562208915502328	!(options.checkGlobalNamesLevel.isOn())	_
com.google.javascript.jscomp.DefaultPassConfig#List<PassFactory>#getChecks#?#287	1.9518296739853627	1.9603459747172323	1.9560878243512976	!(options.checkTypes && (options.enables(DiagnosticGroups.ACCESS_CONTROLS) || options.enables(DiagnosticGroups.CONSTANT_PROPERTY)))	_
com.google.javascript.jscomp.GlobalNamespace$BuildGlobalNamespace#void#handleGet#?,NodeTraversal,Node,Node,String#644	1.955688622754491	1.9562208915502328	1.955954757152362	!(maybeHandlePrototypePrefix(t,n,parent,name))	_
com.google.javascript.jscomp.CodeGenerator#void#add#?,Node,Context#660	1.9528942115768464	1.9582168995342648	1.9555555555555557	!(c.isGetterDef() || c.isSetterDef())	_
com.google.javascript.jscomp.ReferenceCollectingCallback#void#exitScope#?,NodeTraversal#182	1.9498336660013307	1.9610113107119096	1.95542248835662	!(t.getScope().isGlobal())	_
com.google.javascript.jscomp.ProcessDefines#void#process#?,Node,Node#117	1.948502994011976	1.9622089155023286	1.9553559547571524	namespace == null	_
com.google.javascript.jscomp.Compiler#void#compileInternal#?#686	1.9538256819693944	1.9567531603459747	1.9552894211576846	!(options.isExternExportsEnabled() || options.externExportsPath != null)	_
com.google.javascript.jscomp.GlobalNamespace$Name#void#addRef#?,Ref#947	1.9176314038589488	1.9922821024617432	1.954956753160346	!(declaration == null)	_
com.google.javascript.jscomp.Compiler#void#check#?#780	1.9538256819693944	1.9538256819693944	1.9538256819693944	!(options.getTweakProcessing().shouldStrip() || !options.stripTypes.isEmpty() || !options.stripNameSuffixes.isEmpty()|| !options.stripTypePrefixes.isEmpty()|| !options.stripNamePrefixes.isEmpty())	_
com.google.javascript.jscomp.DefaultPassConfig#Map<String,Node>#getAdditionalReplacements#?,CompilerOptions#2232	1.9538256819693944	1.9538256819693944	1.9538256819693944	!(options.closurePass && options.locale != null)	_
com.google.javascript.jscomp.Compiler#void#check#?#772	1.9538256819693944	1.9538256819693944	1.9538256819693944	!(options.nameAnonymousFunctionsOnly)	_
com.google.javascript.jscomp.Compiler#void#check#?#776	1.9538256819693944	1.9538256819693944	1.9538256819693944	!(options.removeTryCatchFinally)	_
com.google.javascript.jscomp.CheckSideEffects#void#visit#?,NodeTraversal,Node,Node#128	1.9534264803725883	1.9534264803725883	1.9534264803725883	!(pt == Token.FOR && parent.getChildCount() == 4 && (n == parent.getFirstChild() || n == parent.getFirstChild().getNext().getNext()))	_
com.google.javascript.jscomp.Compiler#void#compileInternal#?#697	1.9534264803725883	1.9534264803725883	1.9534264803725883	!(options.recordFunctionInformation)	_
com.google.javascript.jscomp.ReferenceCollectingCallback$BasicBlock#?#BasicBlock#?,BasicBlock,Node#673	1.9498336660013307	1.9570192947438456	1.9534264803725883	root.getParent() != null	_
com.google.javascript.jscomp.Compiler#void#compileInternal#?#701	1.9534264803725883	1.9534264803725883	1.9534264803725883	!(options.devMode == DevMode.START_AND_END)	_
com.google.javascript.jscomp.DefaultPassConfig#List<PassFactory>#getChecks#?#258	1.9518296739853627	1.9542248835662008	1.9530272787757816	!(options.computeFunctionSideEffects)	_
com.google.javascript.jscomp.NodeUtil#boolean#has#?,Node,Predicate<Node>,Predicate<Node>#2671	1.9250831669993347	1.9808383233532934	1.952960745176314	has(c,pred,traverseChildrenPred)	_
com.google.javascript.jscomp.CodeGenerator#void#add#?,Node,Context#656	1.9528942115768464	1.9528942115768464	1.9528942115768464	!(c != first)	_
com.google.javascript.jscomp.Compiler#void#check#?#767	1.9518296739853627	1.9538256819693944	1.9528276779773786	!(hasErrors())	_
com.google.javascript.jscomp.Compiler#void#compileInternal#?#682	1.9518296739853627	1.9538256819693944	1.9528276779773786	!(hasErrors())	_
com.google.javascript.jscomp.Compiler#void#updateGlobalVarReferences#?,Map<Var,ReferenceCollection>,Node#2317	1.9515635395874917	1.9532934131736528	1.9524284763805722	!(globalRefMap == null)	_
com.google.javascript.jscomp.CheckSideEffects#void#visit#?,NodeTraversal,Node,Node#127	1.9510312707917499	1.9534264803725883	1.952228875582169	pt != Token.EXPR_RESULT && pt != Token.BLOCK	_
com.google.javascript.jscomp.DefaultPassConfig#List<PassFactory>#getChecks#?#236	1.9518296739853627	1.95249500998004	1.9521623419827012	!(options.generateExports)	_
com.google.javascript.jscomp.DefaultPassConfig#List<PassFactory>#getChecks#?#229	1.9518296739853627	1.9523619427811045	1.9520958083832336	!(options.checkProvides.isOn())	_
com.google.javascript.jscomp.DefaultPassConfig#List<PassFactory>#getChecks#?#252	1.9518296739853627	1.9523619427811045	1.9520958083832336	!(options.syntheticBlockStartMarker != null)	_
com.google.javascript.jscomp.DefaultPassConfig#List<PassFactory>#getChecks#?#297	1.9518296739853627	1.9523619427811045	1.9520958083832336	!(options.enables(DiagnosticGroups.ES5_STRICT) || options.checkCaja)	_
com.google.javascript.jscomp.DefaultPassConfig#List<PassFactory>#getChecks#?#225	1.9518296739853627	1.952228875582169	1.952029274783766	!(options.checkRequires.isOn())	_
com.google.javascript.jscomp.DefaultPassConfig#List<PassFactory>#getChecks#?#248	1.9518296739853627	1.952228875582169	1.952029274783766	!(options.closurePass && options.checkMissingGetCssNameLevel.isOn())	_
com.google.javascript.jscomp.DefaultPassConfig#List<PassFactory>#getChecks#?#240	1.9518296739853627	1.9520958083832336	1.9519627411842981	!(options.exportTestFunctions)	_
com.google.javascript.jscomp.Compiler#void#runCustomPasses#?,CustomPassExecutionTime#859	1.9518296739853627	1.9519627411842981	1.9518962075848303	!(options.customPasses != null)	_
com.google.javascript.jscomp.DefaultPassConfig#List<PassFactory>#getChecks#?#267	1.9518296739853627	1.9519627411842981	1.9518962075848303	!(options.processObjectPropertyString)	_
com.google.javascript.jscomp.Compiler#void#check#?#762	1.9518296739853627	1.9518296739853627	1.9518296739853627	!(options.devMode == DevMode.EVERY_PASS)	_
com.google.javascript.jscomp.Compiler#double#getProgress#?#2339	1.9518296739853627	1.9518296739853627	1.9518296739853627	(progress)> 0	_
com.google.javascript.jscomp.DefaultPassConfig#List<PassFactory>#getChecks#?#331	1.9518296739853627	1.9518296739853627	1.9518296739853627	!(options.nameReferenceReportPath != null && !options.nameReferenceReportPath.isEmpty())	_
com.google.javascript.jscomp.DefaultPassConfig#List<PassFactory>#getChecks#?#326	1.9518296739853627	1.9518296739853627	1.9518296739853627	!(options.nameReferenceGraphPath != null && !options.nameReferenceGraphPath.isEmpty())	_
com.google.javascript.jscomp.DefaultPassConfig#List<PassFactory>#getChecks#?#321	1.9518296739853627	1.9518296739853627	1.9518296739853627	!(options.instrumentationTemplate != null || options.recordFunctionInformation)	_
com.google.javascript.jscomp.DefaultPassConfig#List<PassFactory>#getChecks#?#314	1.9518296739853627	1.9518296739853627	1.9518296739853627	!(options.getTweakProcessing().isOn())	_
com.google.javascript.jscomp.DefaultPassConfig#List<PassFactory>#getChecks#?#197	1.9518296739853627	1.9518296739853627	1.9518296739853627	!(options.nameAnonymousFunctionsOnly)	_
com.google.javascript.jscomp.DefaultPassConfig#List<PassFactory>#getChecks#?#208	1.9518296739853627	1.9518296739853627	1.9518296739853627	!(options.jqueryPass)	_
com.google.javascript.jscomp.VarCheck#void#visit#?,NodeTraversal,Node,Node#129	1.9459747172322022	1.9575515635395875	1.9517631403858948	varName.isEmpty()	_
com.google.javascript.jscomp.PhaseOptimizer$ProgressRange#?#ProgressRange#?,double,double#414	1.9516966067864272	1.9516966067864272	1.9516966067864272	this.initialValue >= initialValue	_
com.google.javascript.jscomp.PhaseOptimizer$ProgressRange#?#ProgressRange#?,double,double#415	1.9516966067864272	1.9516966067864272	1.9516966067864272	this.maxValue > initialValue	_
com.google.javascript.jscomp.PhaseOptimizer#void#process#?,Node,Node#182	1.9516966067864272	1.9516966067864272	1.9516966067864272	progressStep > progress	_
com.google.javascript.jscomp.PhaseOptimizer#void#process#?,Node,Node#189	1.9516966067864272	1.9516966067864272	1.9516966067864272	progress <= progressStep	_
com.google.javascript.jscomp.PhaseOptimizer#void#consume#?,List<PassFactory>#143	1.9514304723885563	1.9516966067864272	1.9515635395874917	!(isCurrentLoopPopulated)	_
com.google.javascript.jscomp.Compiler#void#compileInternal#?#680	1.9512974051896208	1.9518296739853627	1.9515635395874917	!options.skipAllPasses	_
com.google.javascript.jscomp.Compiler#void#compileInternal#?#674	1.9512974051896208	1.9512974051896208	1.9512974051896208	!(options.nameAnonymousFunctionsOnly)	_
com.google.javascript.jscomp.Compiler#void#compileInternal#?#670	1.9512974051896208	1.9512974051896208	1.9512974051896208	!(!precheck())	_
com.google.javascript.jscomp.GlobalVarReferenceMap#void#updateGlobalVarReferences#?,Map<Var,ReferenceCollection>,Node#102	1.9510312707917499	1.9514304723885563	1.9512308715901532	refMap == null || !root.isScript()	_
com.google.javascript.jscomp.PeepholeOptimizationsPass#boolean#shouldRetraverse#?,Node#140	1.941317365269461	1.9610113107119096	1.9511643379906853	state.changed	_
com.google.javascript.jscomp.PeepholeOptimizationsPass#void#traverse#?,Node#132	1.9411842980705256	1.9610113107119096	1.9510978043912175	shouldRetraverse(node)	_
com.google.javascript.jscomp.VarCheck$NameRefInExternsCheck#void#visit#?,NodeTraversal,Node,Node#235	1.9457085828343312	1.9564870259481038	1.9510978043912175	n.isName()	_
com.google.javascript.jscomp.CheckSideEffects#void#visit#?,NodeTraversal,Node,Node#99	1.9510312707917499	1.9510312707917499	1.9510312707917499	!(pt == Token.COMMA)	_
com.google.javascript.jscomp.CheckSideEffects#void#visit#?,NodeTraversal,Node,Node#94	1.9510312707917499	1.9510312707917499	1.9510312707917499	parent == null	_
com.google.javascript.jscomp.CheckSideEffects#void#visit#?,NodeTraversal,Node,Node#89	1.9510312707917499	1.9510312707917499	1.9510312707917499	!(n.isEmpty() || n.isComma())	_
com.google.javascript.jscomp.ReferenceCollectingCallback#void#addReference#?,NodeTraversal,Var,Reference#242	1.950499001996008	1.9515635395874917	1.9510312707917499	!(referenceInfo == null)	_
com.google.javascript.jscomp.CheckSideEffects#void#visit#?,NodeTraversal,Node,Node#139	1.9510312707917499	1.9510312707917499	1.9510312707917499	!(isSimpleOp || !NodeUtil.mayHaveSideEffects(n,t.getCompiler()))	_
com.google.javascript.jscomp.PhaseOptimizer#Tracer#newTracer#?,String#246	1.9499667332002661	1.9516966067864272	1.9508316699933466	!(tracker != null)	_
com.google.javascript.jscomp.PhaseOptimizer#void#stopTracer#?,Tracer,String#254	1.9499667332002661	1.9516966067864272	1.9508316699933466	!(tracker != null)	_
com.google.javascript.jscomp.Compiler#void#compileInternal#?#666	1.950232867598137	1.9512974051896208	1.950765136393879	!(hasErrors())	_
com.google.javascript.jscomp.Compiler#PassConfig#getPassConfig#?#712	1.9498336660013307	1.9514304723885563	1.9506320691949435	!(passes == null)	_
com.google.javascript.jscomp.ProcessDefines#void#overrideDefines#?,Map<String,DefineInfo>#141	1.948502994011976	1.9523619427811045	1.9504324683965404	!(changed)	_
com.google.javascript.jscomp.ProcessClosurePrimitives#void#handleCandidateProvideDefinition#?,NodeTraversal,Node,Node#364	1.950232867598137	1.9503659347970725	1.9502994011976047	t.inGlobalScope()	_
com.google.javascript.jscomp.Compiler#void#setProgress#?,double#2344	1.950232867598137	1.950232867598137	1.950232867598137	!(newProgress > 1.0)	_
com.google.javascript.jscomp.Compiler#void#setProgress#?,double#2346	1.950232867598137	1.950232867598137	1.950232867598137	!(newProgress < 0.0)	_
com.google.javascript.jscomp.PhaseOptimizer#void#process#?,Node,Node#192	1.9500998003992016	1.9500998003992016	1.9500998003992016	!(hasHaltingErrors())	_
com.google.javascript.jscomp.PhaseOptimizer#void#maybeSanityCheck#?,Node,Node#231	1.9499667332002661	1.9500998003992016	1.9500332667997338	!(sanityCheck != null)	_
com.google.javascript.jscomp.Compiler#T#runCallable#?,Callable<T>,boolean,boolean#653	1.9498336660013307	1.9499667332002661	1.9499001996007985	!(exception[0] != null)	_
com.google.javascript.rhino.Node#Node#removeFirstChild#?#1636	1.9498336660013307	1.9499667332002661	1.9499001996007985	child != null	_
com.google.javascript.jscomp.Compiler#T#runCallable#?,Callable<T>,boolean,boolean#637	1.9498336660013307	1.9498336660013307	1.9498336660013307	useLargeStackThread	_
com.google.javascript.jscomp.ReferenceCollectingCallback#void#visit#?,NodeTraversal,Node,Node#149	1.9498336660013307	1.9498336660013307	1.9498336660013307	!(n.isName())	_
com.google.javascript.jscomp.ReferenceCollectingCallback#boolean#isBlockBoundary#?,Node,Node#208	1.9498336660013307	1.9498336660013307	1.9498336660013307	parent != null	_
com.google.javascript.jscomp.ProcessClosurePrimitives#void#process#?,Node,Node#151	1.9491683300066533	1.9493013972055888	1.949234863606121	requiresLevel.isOn()	_
com.google.javascript.jscomp.NodeUtil#boolean#checkForStateChangeHelper#?,Node,boolean,AbstractCompiler#874	1.9273453093812376	1.970991350632069	1.9491683300066533	isAssignmentOp(n)	_
com.google.javascript.jscomp.ProcessDefines$CollectDefines#void#visit#?,NodeTraversal,Node,Node#350	1.948502994011976	1.948502994011976	1.948502994011976	!(n.isCall())	_
com.google.javascript.jscomp.ProcessDefines$CollectDefines#void#visit#?,NodeTraversal,Node,Node#337	1.948502994011976	1.948502994011976	1.948502994011976	!(lvalueToRemoveLater == n)	_
com.google.javascript.jscomp.ProcessDefines$CollectDefines#void#visit#?,NodeTraversal,Node,Node#330	1.948502994011976	1.948502994011976	1.948502994011976	!(!t.inGlobalScope() && n.getJSDocInfo() != null && n.getJSDocInfo().isDefine())	_
com.google.javascript.jscomp.ProcessDefines$CollectDefines#void#visit#?,NodeTraversal,Node,Node#289	1.948502994011976	1.948502994011976	1.948502994011976	!(refInfo != null)	_
com.google.javascript.jscomp.NodeUtil#boolean#nodeTypeMayHaveSideEffects#?,Node,AbstractCompiler#1075	1.9127079174983366	1.9834996673320027	1.9481037924151696	isAssignmentOp(n)	_
com.google.javascript.jscomp.VarCheck#void#visit#?,NodeTraversal,Node,Node#171	1.9478376580172987	1.9478376580172987	1.9478376580172987	currInput == varInput || currInput == null || varInput == null	_
com.google.javascript.jscomp.VarCheck#void#visit#?,NodeTraversal,Node,Node#148	1.9461077844311376	1.9478376580172987	1.9469727212242183	!(var == null)	_
com.google.javascript.jscomp.VarCheck#void#visit#?,NodeTraversal,Node,Node#137	1.9461077844311376	1.9461077844311376	1.9461077844311376	!((parent.isVar() || NodeUtil.isFunctionDeclaration(parent)) && varsToDeclareInExterns.contains(varName))	_
com.google.javascript.jscomp.VarCheck#void#visit#?,NodeTraversal,Node,Node#122	1.9450432468396541	1.9459747172322022	1.9455089820359281	!(!n.isName())	_
com.google.javascript.jscomp.GlobalNamespace$BuildGlobalNamespace#void#collect#?,NodeTraversal,Node,Node#409	1.9429141716566867	1.943579507651364	1.9432468396540252	!(name == null)	_
com.google.javascript.jscomp.GlobalNamespace$BuildGlobalNamespace#void#collect#?,NodeTraversal,Node,Node#384	1.9429141716566867	1.9429141716566867	1.9429141716566867	parent != null	_
com.google.javascript.jscomp.NodeUtil#boolean#checkForStateChangeHelper#?,Node,boolean,AbstractCompiler#923	1.9210911510312707	1.9634065202927478	1.9422488356620091	checkForStateChangeHelper(c,checkForNewObjects,compiler)	_
com.google.javascript.jscomp.NodeUtil#boolean#checkForStateChangeHelper#?,Node,boolean,AbstractCompiler#862	1.941317365269461	1.9414504324683965	1.9413838988689287	!(!functionCallHasSideEffects(n,compiler))	_
com.google.javascript.jscomp.PeepholeOptimizationsPass#boolean#shouldVisit#?,Node#156	1.941317365269461	1.941317365269461	1.941317365269461	!(!previous.traverseChildScopes)	_
com.google.javascript.jscomp.PeepholeOptimizationsPass$StateStack#void#push#?#70	1.941317365269461	1.941317365269461	1.941317365269461	states.size() <= currentDepth	_
com.google.javascript.jscomp.PeepholeOptimizationsPass#void#visit#?,Node#186	1.941317365269461	1.941317365269461	1.941317365269461	!(currentVersionOfNode == null)	_
com.google.javascript.jscomp.PeepholeOptimizationsPass#boolean#shouldRetraverse#?,Node#138	1.9411842980705256	1.941317365269461	1.9412508316699935	node.getParent() != null && node.isFunction() || node.isScript()	_
com.google.javascript.jscomp.PeepholeOptimizationsPass#boolean#shouldVisit#?,Node#154	1.9411842980705256	1.941317365269461	1.9412508316699935	node.isFunction() || node.isScript()	_
com.google.javascript.jscomp.PeepholeOptimizationsPass#void#exitNode#?,Node#165	1.9411842980705256	1.941317365269461	1.9412508316699935	node.isFunction() || node.isScript()	_
com.google.javascript.jscomp.PeepholeOptimizationsPass#void#traverse#?,Node#124	1.9411842980705256	1.9411842980705256	1.9411842980705256	c != null	_
com.google.javascript.jscomp.PeepholeOptimizationsPass#void#traverse#?,Node#118	1.9411842980705256	1.9411842980705256	1.9411842980705256	!(!shouldVisit(node))	_
com.google.javascript.jscomp.GlobalNamespace$BuildGlobalNamespace#void#collect#?,NodeTraversal,Node,Node#421	1.9178975382568197	1.955688622754491	1.9367930805056552	!(isSet)	_
com.google.javascript.jscomp.GlobalNamespace$BuildGlobalNamespace#boolean#isConstructorOrEnumDeclaration#?,Node,Node#587	1.9350632069194944	1.9361277445109781	1.9355954757152363	info == null	_
com.google.javascript.jscomp.GlobalNamespace$BuildGlobalNamespace#Name#getOrCreateName#?,String#845	1.9178975382568197	1.9506320691949435	1.9342648037258816	i >= 0	_
com.google.javascript.jscomp.AstValidator#void#validateObjectLiteralKeyName#?,Node#731	1.9320026613439787	1.9358616101131072	1.933932135728543	!(n.isQuotedString())	_
com.google.javascript.jscomp.GlobalNamespace$Name#void#addRefInternal#?,Ref#1023	1.9176314038589488	1.9486360612109115	1.9331337325349303	!(refs == null)	_
com.google.javascript.jscomp.NodeUtil#boolean#functionCallHasSideEffects#?,Node,AbstractCompiler#1003	1.8986027944111776	1.9647371922821024	1.93166999334664	!(nameNode.isName())	_
com.google.javascript.rhino.JSDocInfoBuilder#boolean#recordNoSideEffects#?#882	1.9302727877578176	1.930405854956753	1.9303393213572853	!hasAnySingletonSideEffectTags() && !currentInfo.isNoSideEffects()	_
com.google.javascript.jscomp.graph.FixedPointGraphTraversal#void#computeFixedPoint#?,DiGraph<N,E>,Set<N>#120	1.9228210246174318	1.9347970725216235	1.9288090485695277	!(callback.traverseEdge(sourceValue,edge.getValue(),destNode))	_
com.google.javascript.jscomp.GlobalNamespace$BuildGlobalNamespace#Name#getOrCreateName#?,String#843	1.9178975382568197	1.9377245508982035	1.9278110445775116	!(node == null)	_
com.google.javascript.jscomp.MakeDeclaredNamesUnique#void#visit#?,NodeTraversal,Node,Node#165	1.9253493013972056	1.9258815701929475	1.9256154357950765	!(renamer.stripConstIfReplaced())	_
com.google.javascript.jscomp.NodeUtil#boolean#has#?,Node,Predicate<Node>,Predicate<Node>#2670	1.9250831669993347	1.9250831669993347	1.9250831669993347	c != null	_
com.google.javascript.jscomp.NodeUtil#boolean#has#?,Node,Predicate<Node>,Predicate<Node>#2662	1.8632069194943446	1.9796407185628742	1.9214238190286093	pred.apply(node)	_
com.google.javascript.jscomp.NodeUtil#boolean#checkForStateChangeHelper#?,Node,boolean,AbstractCompiler#922	1.9210911510312707	1.9210911510312707	1.9210911510312707	c != null	_
com.google.javascript.jscomp.GlobalNamespace$BuildGlobalNamespace#void#handleSetFromGlobal#?,NodeTraversal,Node,Node,String,boolean,Name.Type#561	1.9178975382568197	1.920292747837658	1.919095143047239	!(isConstructorOrEnumDeclaration(n,parent))	_
com.google.javascript.jscomp.NodeUtil#boolean#checkForStateChangeHelper#?,Node,boolean,AbstractCompiler#870	1.8951430472388555	1.9430472388556221	1.919095143047239	isSimpleOperatorType(n.getType())	_
com.google.javascript.rhino.TokenStream#boolean#isJSIdentifier#?,String#193	1.9186959414504325	1.9189620758483035	1.918829008649368	!(length == 0 || !Character.isJavaIdentifierStart(s.charAt(0)))	_
com.google.javascript.jscomp.PrepareAst$PrepareAnnotations#void#annotateFunctions#?,Node,Node#230	1.533200266134398	2.302727877578177	1.9179640718562876	!(arg != null)	_
com.google.javascript.jscomp.GlobalNamespace$BuildGlobalNamespace#boolean#maybeHandlePrototypePrefix#?,NodeTraversal,Node,Node,String#789	1.9178975382568197	1.9178975382568197	1.9178975382568197	!(name.endsWith(".prototype"))	_
com.google.javascript.jscomp.GlobalNamespace$BuildGlobalNamespace#boolean#maybeHandlePrototypePrefix#?,NodeTraversal,Node,Node,String#794	1.9178975382568197	1.9178975382568197	1.9178975382568197	i == -1	_
com.google.javascript.jscomp.GlobalNamespace$BuildGlobalNamespace#void#handleSetFromGlobal#?,NodeTraversal,Node,Node,String,boolean,Name.Type#555	1.9178975382568197	1.9178975382568197	1.9178975382568197	!(isNestedAssign(parent))	_
com.google.javascript.jscomp.GlobalNamespace$BuildGlobalNamespace#void#handleSetFromGlobal#?,NodeTraversal,Node,Node,String,boolean,Name.Type#546	1.9178975382568197	1.9178975382568197	1.9178975382568197	!(maybeHandlePrototypePrefix(t,n,parent,name))	_
com.google.javascript.jscomp.GlobalNamespace$Ref#?#Ref#?,NodeTraversal,Node,Name,Type,int#1211	1.9178975382568197	1.9178975382568197	1.9178975382568197	this.preOrderIndex == index	_
com.google.javascript.jscomp.GlobalNamespace$BuildGlobalNamespace#void#collect#?,NodeTraversal,Node,Node#422	1.9178975382568197	1.9178975382568197	1.9178975382568197	isGlobalScope(scope)	_
com.google.javascript.jscomp.GlobalNamespace$Name#JSDocInfo#getDocInfoForDeclaration#?,Ref#1151	1.9176314038589488	1.9178975382568197	1.9177644710578843	ref.node != null	_
com.google.javascript.jscomp.GlobalNamespace$BuildGlobalNamespace#void#collect#?,NodeTraversal,Node,Node#417	1.912840984697272	1.9178975382568197	1.915369261477046	!(!isGlobalNameReference(name,scope))	_
com.google.javascript.jscomp.GlobalNamespace#boolean#isGlobalVarReference#?,String,Scope#255	1.912840984697272	1.912840984697272	1.912840984697272	!(v == null && externsScope != null)	_
com.google.javascript.jscomp.GlobalNamespace$BuildGlobalNamespace#void#collect#?,NodeTraversal,Node,Node#345	1.912840984697272	1.912840984697272	1.912840984697272	parent != null	_
com.google.javascript.jscomp.GlobalNamespace#void#process#?#211	1.9097804391217565	1.9139055222887558	1.9118429807052562	!(externsRoot != null)	_
com.google.javascript.jscomp.GlobalNamespace#void#ensureGenerated#?#142	1.9097804391217565	1.9097804391217565	1.9097804391217565	!generated	_
com.google.javascript.jscomp.GlobalNamespace$BuildGlobalNamespace#void#collect#?,NodeTraversal,Node,Node#309	1.9097804391217565	1.9097804391217565	1.9097804391217565	!(externsRoot != null && n == externsRoot)	_
com.google.javascript.jscomp.GlobalNamespace$BuildGlobalNamespace#void#collect#?,NodeTraversal,Node,Node#303	1.9097804391217565	1.9097804391217565	1.9097804391217565	!(nodeFilter != null && !nodeFilter.apply(n))	_
com.google.javascript.jscomp.MakeDeclaredNamesUnique$ContextualRenamer#int#incrementNameCount#?,String#497	1.8709248170326014	1.939853626081171	1.9053892215568862	(nameUsage.add(name,1))> 0	_
com.google.javascript.jscomp.MakeDeclaredNamesUnique$ContextualRenamer#void#addDeclaredName#?,String#471	1.8709248170326014	1.939853626081171	1.9053892215568862	id != 0	_
com.google.javascript.jscomp.parsing.IRFactory$TransformDispatcher#Node#processObjectLiteral#?,ObjectLiteral#832	1.9025948103792416	1.9057884231536926	1.9041916167664672	!(el.isSetter())	_
com.google.javascript.jscomp.PrepareAst$PrepareAnnotations#void#normalizeObjectLiteralKeyAnnotations#?,Node,Node,Node#214	1.9020625415834997	1.9049900199600798	1.9035262807717896	!(key.getJSDocInfo() != null && value.isFunction())	_
com.google.javascript.jscomp.Scope$Var#int#hashCode#?#328	1.9033932135728544	1.9033932135728544	1.9033932135728544	(nameNode.hashCode())!= 0	_
com.google.javascript.jscomp.parsing.IRFactory$TransformDispatcher#Node#processObjectLiteral#?,ObjectLiteral#812	1.899001996007984	1.9043246839654024	1.9016633399866931	!(config.languageMode == LanguageMode.ECMASCRIPT3)	_
com.google.javascript.jscomp.graph.FixedPointGraphTraversal#void#computeFixedPoint#?,DiGraph<N,E>,Set<N>#107	1.900998003992016	1.900998003992016	1.900998003992016	!workSet.isEmpty() && cycleCount < maxIterations	_
com.google.javascript.jscomp.parsing.IRFactory$TransformDispatcher#Node#processObjectLiteral#?,ObjectLiteral#826	1.899268130405855	1.9025948103792416	1.9009314703925484	!(el.isGetter())	_
com.google.javascript.jscomp.NodeUtil#boolean#functionCallHasSideEffects#?,Node,AbstractCompiler#996	1.8974051896207584	1.8986027944111776	1.8980039920159681	!(callNode.isNoSideEffectsCall())	_
com.google.javascript.jscomp.NodeUtil#boolean#functionCallHasSideEffects#?,Node,AbstractCompiler#991	1.8974051896207584	1.8974051896207584	1.8974051896207584	!(!callNode.isCall())	_
com.google.javascript.rhino.Node#int#getSideEffectFlags#?#2021	1.8919494344644046	1.8931470392548237	1.8925482368596143	(getIntProp(SIDE_EFFECT_FLAGS))== 0	_
com.google.javascript.jscomp.MakeDeclaredNamesUnique#boolean#shouldTraverse#?,NodeTraversal,Node,Node#130	1.8912840984697272	1.8912840984697272	1.8912840984697272	c != null	_
com.google.javascript.jscomp.Normalize$FindExposeAnnotations#void#visit#?,NodeTraversal,Node,Node#171	1.890086493679308	1.890086493679308	1.890086493679308	!(lhs.isGetProp() && isMarkedExpose(assign))	_
com.google.javascript.rhino.Node#void#setType#?,int#533	1.8761144377910846	1.8761144377910846	1.8761144377910846	this.type >= type	_
com.google.javascript.jscomp.MakeDeclaredNamesUnique$ContextualRenamer#void#addDeclaredName#?,String#463	1.7789753825681969	1.9679308050565536	1.8734530938123752	!(!name.equals(ARGUMENTS))	_
com.google.javascript.jscomp.MakeDeclaredNamesUnique$ContextualRenamer#void#addDeclaredName#?,String#468	1.8709248170326014	1.8709248170326014	1.8709248170326014	!declarations.containsKey(name)	_
com.google.javascript.jscomp.Compiler#void#initOptions#?,CompilerOptions#261	1.8642714570858283	1.8683965402528278	1.8663339986693281	!options.checkTypes	_
com.google.javascript.jscomp.Compiler#void#initOptions#?,CompilerOptions#259	1.8641383898868928	1.8642714570858283	1.8642049234863607	!(options.disables(DiagnosticGroups.CHECK_TYPES))	_
com.google.javascript.jscomp.NodeUtil#boolean#has#?,Node,Predicate<Node>,Predicate<Node>#2666	1.8637391882900864	1.8640053226879574	1.863872255489022	!(!traverseChildrenPred.apply(node))	_
com.google.javascript.jscomp.DiagnosticGroup#DiagnosticGroup#forType#?,DiagnosticType#71	1.8565535595475715	1.860678642714571	1.8586161011310711	!(!singletons.containsKey(type))	_
com.google.javascript.jscomp.DiagnosticGroup#boolean#isSubGroup#?,DiagnosticGroup#118	1.8538922155688622	1.8538922155688622	1.8538922155688622	!matches(type)	_
com.google.javascript.jscomp.MakeDeclaredNamesUnique#String#getReplacementName#?,String#201	1.7744510978043913	1.9253493013972056	1.8499001996007984	newName != null	_
com.google.javascript.jscomp.MakeDeclaredNamesUnique#void#visit#?,NodeTraversal,Node,Node#163	1.7744510978043913	1.9253493013972056	1.8499001996007984	newName != null	_
com.google.javascript.jscomp.JSError#?#JSError#?,String,Node,int,int,DiagnosticType,CheckLevel,String#148	1.7580838323353294	1.9411842980705256	1.8496340652029275	this.lineNumber == charno	_
com.google.javascript.jscomp.JSError#?#JSError#?,String,Node,int,int,DiagnosticType,CheckLevel,String#149	1.7580838323353294	1.9411842980705256	1.8496340652029275	this.charno == lineno	_
com.google.javascript.jscomp.SuppressDocWarningsGuard#CheckLevel#level#?,JSError#54	1.7608782435129742	1.934664005322688	1.847771124417831	!(node != null)	_
com.google.javascript.jscomp.parsing.JsDocInfoParser#Node#parseParamTypeExpressionAnnotation#?,JsDocToken#1588	1.7099135063206918	1.9848303393213573	1.8473719228210246	restArg	_
com.google.javascript.jscomp.parsing.JsDocInfoParser#Node#parseParamTypeExpressionAnnotation#?,JsDocToken#1576	1.7095143047238857	1.9846972721224219	1.8471057884231539	token == JsDocToken.ELLIPSIS	_
com.google.javascript.jscomp.Normalize$PropagateConstantAnnotationsOverVars#void#visit#?,NodeTraversal,Node,Node#239	1.7823020625415835	1.9005988023952096	1.8414504324683967	n.getString().isEmpty()	_
com.google.javascript.jscomp.Normalize$FindExposeAnnotations#void#visit#?,NodeTraversal,Node,Node#168	1.782168995342648	1.890086493679308	1.836127744510978	NodeUtil.isExprAssign(n)	_
com.google.javascript.jscomp.MakeDeclaredNamesUnique$ContextualRenamer#void#addDeclaredName#?,String#464	1.7789753825681969	1.8709248170326014	1.8249500998003991	!(global)	_
com.google.javascript.jscomp.Normalize$NormalizeStatements#void#normalizeFunctionDeclaration#?,Node#456	1.8182302062541584	1.8182302062541584	1.8182302062541584	!(!NodeUtil.isFunctionExpression(n) && !NodeUtil.isHoistedFunctionDeclaration(n))	_
com.google.javascript.jscomp.MakeDeclaredNamesUnique#boolean#shouldTraverse#?,NodeTraversal,Node,Node#117	1.81583499667332	1.8179640718562875	1.8168995342648038	!(name != null && !name.isEmpty() && parent != null && !NodeUtil.isFunctionDeclaration(n))	_
com.google.javascript.jscomp.NodeTraversal#String#getSourceName#?#426	3.632468396540253	0.0	1.8162341982701264		_
com.google.javascript.jscomp.NodeUtil#boolean#isConstantByConvention#?,CodingConvention,Node,Node#2801	1.7771124417831006	1.854424484364604	1.8157684630738524	parent.isGetProp() && node == parent.getLastChild()	_
com.google.javascript.jscomp.MakeDeclaredNamesUnique#void#findDeclaredNames#?,Node,Node,Renamer#220	1.7743180306054558	1.852960745176314	1.813639387890885	NodeUtil.isFunctionDeclaration(n)	_
com.google.javascript.jscomp.Normalize$NormalizeStatements#void#splitVarDeclarations#?,Node#621	1.7992015968063872	1.7992015968063872	1.7992015968063872	!(assertOnChange && !c.hasChildren())	_
com.google.javascript.jscomp.Normalize$NormalizeStatements#void#doStatementNormalizations#?,NodeTraversal,Node,Node#516	1.7768463073852296	1.8182302062541584	1.797538256819694	n.isFunction()	_
com.google.javascript.jscomp.MakeDeclaredNamesUnique#void#findDeclaredNames#?,Node,Node,Renamer#215	1.7743180306054558	1.8176979374584166	1.7960079840319363	!(parent == null || !parent.isFunction() || n == parent.getFirstChild())	_
com.google.javascript.jscomp.MakeDeclaredNamesUnique#void#exitScope#?,NodeTraversal#100	1.7743180306054558	1.81583499667332	1.7950765136393878	!t.inGlobalScope()	_
com.google.javascript.jscomp.MakeDeclaredNamesUnique#void#enterScope#?,NodeTraversal#79	1.7743180306054558	1.81583499667332	1.7950765136393878	!(nameStack.isEmpty())	_
com.google.javascript.jscomp.MakeDeclaredNamesUnique#void#enterScope#?,NodeTraversal#91	1.7743180306054558	1.81583499667332	1.7950765136393878	!(!declarationRoot.isFunction())	_
com.google.javascript.jscomp.DataFlowAnalysis#void#analyze#?,int#226	1.6216899534264804	1.9655355954757152	1.793612774451098	!(isForward())	_
com.google.javascript.jscomp.ControlFlowAnalysis$AstControlFlowGraph#Comparator<DiGraphNode<Node,Branch>>#getOptionalNodeComparator#?,boolean#1029	1.621556886227545	1.9655355954757152	1.79354624085163	!(isForward)	_
com.google.javascript.jscomp.DataFlowAnalysis#void#analyze#?,int#212	1.621556886227545	1.9583499667332003	1.7899534264803725	!(flow(curNode))	_
com.google.javascript.jscomp.Normalize$NormalizeStatements#void#splitVarDeclarations#?,Node#620	1.7768463073852296	1.7992015968063872	1.7880239520958083	c.isVar()	_
com.google.javascript.jscomp.MakeDeclaredNamesUnique#void#findDeclaredNames#?,Node,Node,Renamer#218	1.7743180306054558	1.7981370592149035	1.7862275449101797	NodeUtil.isVarDeclaration(n)	_
com.google.javascript.jscomp.Normalize$PropagateConstantAnnotationsOverVars#void#visit#?,NodeTraversal,Node,Node#246	1.7828343313373254	1.7842980705256155	1.7835662009314706	var != null	_
com.google.javascript.jscomp.Normalize$PropagateConstantAnnotationsOverVars#void#visit#?,NodeTraversal,Node,Node#255	1.7828343313373254	1.7829673985362609	1.782900864936793	!(shouldBeConstant && !isMarkedConstant)	_
com.google.javascript.jscomp.Normalize#void#process#?,Node,Node#150	1.782168995342648	1.782435129740519	1.7823020625415835	!(!findExposeAnnotations.exposedProperties.isEmpty())	_
com.google.javascript.jscomp.Normalize$PropagateConstantAnnotationsOverVars#void#visit#?,NodeTraversal,Node,Node#238	1.782168995342648	1.7823020625415835	1.782235528942116	n.isName()	_
com.google.javascript.jscomp.Normalize#void#process#?,Node,Node#156	1.782168995342648	1.7823020625415835	1.782235528942116	!compiler.getLifeCycleStage().isNormalized()	_
com.google.javascript.jscomp.Normalize$FindExposeAnnotations#void#visit#?,NodeTraversal,Node,Node#174	1.782168995342648	1.782168995342648	1.782168995342648	!(n.isStringKey() && isMarkedExpose(n))	_
com.google.javascript.jscomp.Normalize#void#process#?,Node,Node#125	1.782168995342648	1.782168995342648	1.782168995342648	MAKE_LOCAL_NAMES_UNIQUE	_
com.google.javascript.jscomp.Normalize$NormalizeStatements#void#annotateConstantsByConvention#?,Node,Node#431	1.7771124417831006	1.7793745841650033	1.778243512974052	!(!isMarkedConstant && NodeUtil.isConstantByConvention(compiler.getCodingConvention(),n,parent))	_
com.google.javascript.jscomp.Normalize$NormalizeStatements#void#annotateConstantsByConvention#?,Node,Node#429	1.7771124417831006	1.7771124417831006	1.7771124417831006	n.isName() || isProperty	_
com.google.javascript.jscomp.NodeUtil#boolean#isConstantByConvention#?,CodingConvention,Node,Node#2804	1.7771124417831006	1.7771124417831006	1.7771124417831006	!(isObjectLitKey(node,parent))	_
com.google.javascript.jscomp.Normalize$NormalizeStatements#void#visit#?,NodeTraversal,Node,Node#404	1.7771124417831006	1.7771124417831006	1.7771124417831006	!compiler.getLifeCycleStage().isNormalizedObfuscated()	_
com.google.javascript.jscomp.Normalize$NormalizeStatements#void#doStatementNormalizations#?,NodeTraversal,Node,Node#506	1.7768463073852296	1.7769793745841649	1.7769128409846973	!(NodeUtil.isStatementBlock(n) || n.isLabel())	_
com.google.javascript.jscomp.Normalize$NormalizeStatements#void#doStatementNormalizations#?,NodeTraversal,Node,Node#512	1.7768463073852296	1.7769793745841649	1.7769128409846973	!(NodeUtil.isStatementBlock(n))	_
com.google.javascript.jscomp.Normalize$NormalizeStatements#void#doStatementNormalizations#?,NodeTraversal,Node,Node#500	1.7768463073852296	1.7768463073852296	1.7768463073852296	!(n.isLabel())	_
com.google.javascript.jscomp.Normalize$NormalizeStatements#void#splitVarDeclarations#?,Node#618	1.7768463073852296	1.7768463073852296	1.7768463073852296	c != null	_
com.google.javascript.jscomp.Normalize$NormalizeStatements#void#extractForInitializer#?,Node,Node,Node#563	1.7768463073852296	1.7768463073852296	1.7768463073852296	!(c != null)	_
com.google.javascript.jscomp.MakeDeclaredNamesUnique#void#findDeclaredNames#?,Node,Node,Renamer#225	1.7745841650033267	1.7745841650033267	1.7745841650033267	c != null	_
com.google.javascript.rhino.Node#String#getQualifiedName#?#1575	3.5256154357950766	0.0	1.7628077178975383		_
com.google.javascript.rhino.Node#String#getQualifiedName#?#1571	3.525482368596141	0.0	1.7627411842980705		_
com.google.javascript.jscomp.ComposeWarningsGuard#CheckLevel#level#?,JSError#114	1.7606121091151032	1.7616766467065867	1.761144377910845	!(newLevel != null)	_
com.google.javascript.jscomp.ControlFlowAnalysis#void#handleStmtList#?,Node#517	1.6093147039254823	1.8976713240186294	1.7534930139720557	node.isBlock() && node.isSyntheticBlock()	_
com.google.javascript.jscomp.parsing.JsDocTokenStream#JsDocToken#getJsDocToken#?#163	1.6110445775116433	1.8717232202262142	1.7413838988689287	!isJSDocString(c2)	_
com.google.javascript.jscomp.SyntacticScopeCreator#void#scanVars#?,Node,Node#142	1.7409181636726547	1.7409181636726547	1.7409181636726547	!(fnName.isEmpty())	_
com.google.javascript.jscomp.SyntacticScopeCreator#void#scanVars#?,Node,Node#137	1.7409181636726547	1.7409181636726547	1.7409181636726547	!(NodeUtil.isFunctionExpression(n))	_
com.google.javascript.jscomp.parsing.JsDocTokenStream#?#JsDocTokenStream#?,String,int,int#49	1.5089820359281436	1.9684630738522955	1.7387225548902197	this.sourceEnd < lineno	_
com.google.javascript.jscomp.ControlFlowAnalysis#void#prioritizeFromEntryNode#?,DiGraphNode<Node,Branch>#203	1.6082501663339985	1.8520292747837659	1.7301397205588822	nodePriorities.containsKey(current)	_
com.google.javascript.jscomp.parsing.JsDocInfoParser#Node#parseParamTypeExpressionAnnotation#?,JsDocToken#1590	1.7115103127079174	1.7402528276779774	1.7258815701929473	match(JsDocToken.EQUALS)	_
com.google.javascript.jscomp.parsing.JsDocInfoParser#void#skipEOLs#?#2307	1.7246839654025283	1.725748502994012	1.7252162341982702	match(JsDocToken.STAR)	_
com.google.javascript.jscomp.parsing.JsDocInfoParser#void#skipEOLs#?#2305	1.7246839654025283	1.7246839654025283	1.7246839654025283	match(JsDocToken.EOL)	_
com.google.javascript.rhino.JSDocInfo#boolean#declareParam#?,JSTypeExpression,String#891	1.7097804391217566	1.7359946773120427	1.7228875582168997	!(info.parameters == null)	_
com.google.javascript.jscomp.parsing.JsDocTokenStream#?#JsDocTokenStream#?,String,int,int#52	1.5089820359281436	1.92375249500998	1.7163672654690618	this.initCharno < lineno	_
com.google.javascript.jscomp.parsing.JsDocTokenStream#?#JsDocTokenStream#?,String,int,int#51	1.5089820359281436	1.92375249500998	1.7163672654690618	this.initLineno > initCharno	_
com.google.javascript.jscomp.parsing.JsDocTokenStream#?#JsDocTokenStream#?,String,int,int#47	1.5089820359281436	1.92375249500998	1.7163672654690618	this.lineno > initCharno	_
com.google.javascript.rhino.JSDocInfoBuilder#void#markName#?,String,StaticSourceFile,int,int#207	1.709647371922821	1.7226879574184963	1.7161676646706585	!(currentMarker != null)	_
com.google.javascript.rhino.JSDocInfo#JSTypeExpression#getParameterType#?,String#951	1.7109780439121756	1.7160345974717233	1.7135063206919494	!(info == null || info.parameters == null)	_
com.google.javascript.jscomp.parsing.JsDocInfoParser#Node#parseParamTypeExpressionAnnotation#?,JsDocToken#1596	1.7099135063206918	1.7107119095143046	1.7103127079174982	!(!match(JsDocToken.RC))	_
com.google.javascript.rhino.JSDocInfo#boolean#declareParam#?,JSTypeExpression,String#894	1.7097804391217566	1.7097804391217566	1.7097804391217566	!info.parameters.containsKey(parameter)	_
com.google.javascript.jscomp.parsing.JsDocInfoParser#Node#parseParamTypeExpressionAnnotation#?,JsDocToken#1586	1.709647371922821	1.7099135063206918	1.7097804391217564	typeNode != null	_
com.google.javascript.rhino.JSDocInfoBuilder#boolean#recordParameter#?,String,JSTypeExpression#267	1.709647371922821	1.7097804391217566	1.7097139055222887	!hasAnySingletonTypeTags() && currentInfo.declareParam(type,parameterName)	_
com.google.javascript.jscomp.parsing.JsDocInfoParser#Node#parseAndRecordParamTypeNode#?,JsDocToken#1118	1.7095143047238857	1.7097804391217566	1.7096473719228211	typeNode != null	_
com.google.javascript.rhino.Node#?#Node#?,int,Node,int,int#453	1.69500998003992	1.70791749833666	1.70146373918829	sourcePosition != charno	_
com.google.javascript.rhino.JSDocInfoBuilder#boolean#recordReturnType#?,JSTypeExpression#482	1.7000665335994678	1.7003326679973387	1.7001996007984033	jsType != null && currentInfo.getReturnType() == null && !hasAnySingletonTypeTags()	_
com.google.javascript.rhino.JSDocInfo#void#setType#?,JSTypeExpression,int#1023	1.6537591483699268	1.7389221556886227	1.6963406520292748	this.bitset > mask	_
com.google.javascript.jscomp.parsing.JsDocTokenStream#int#getChar#?#365	1.6693280106453758	1.7232202262142382	1.6962741184298071	lineStart > c	_
com.google.javascript.rhino.JSDocInfo#void#lazyInitInfo#?#622	1.6588157019294743	1.732667997338656	1.6957418496340653	!(info == null)	_
com.google.javascript.jscomp.ControlFlowAnalysis#boolean#mayThrowException#?,Node#926	1.618097139055223	1.7493013972055889	1.683699268130406	!(!ControlFlowGraph.isEnteringNewCfgNode(c) && mayThrowException(c))	_
com.google.javascript.jscomp.parsing.JsDocInfoParser#Node#parseBasicTypeExpression#?,JsDocToken#1731	1.6349966733200265	1.7290751829673985	1.6820359281437125	token == JsDocToken.STAR	_
com.google.javascript.rhino.JSDocInfo#JSTypeExpression#getType#?,int#1102	1.662142381902861	1.6980705256154358	1.6801064537591484	!((MASK_TYPEFIELD & bitset) == typefield)	_
com.google.javascript.jscomp.parsing.JsDocInfoParser#Node#parseTypeExpression#?,JsDocToken#1708	1.6357950765136393	1.7212242182302062	1.6785096473719228	token == JsDocToken.BANG	_
com.google.javascript.rhino.JSDocInfoBuilder#boolean#recordType#?,JSTypeExpression#435	1.67478376580173	1.6754491017964073	1.6751164337990687	type != null && !hasAnyTypeRelatedTags()	_
com.google.javascript.jscomp.parsing.JsDocTokenStream#void#ungetCharIgnoreLineEnd#?,int#439	1.6697272122421822	1.6697272122421822	1.6697272122421822	ungetBuffer[ungetCursor++] <= c	_
com.google.javascript.jscomp.parsing.JsDocTokenStream#int#getChar#?#371	1.6694610778443113	1.6694610778443113	1.6694610778443113	lineEndChar >= c	_
com.google.javascript.jscomp.parsing.JsDocTokenStream#int#getChar#?#364	1.6693280106453758	1.6693280106453758	1.6693280106453758	lineEndChar < c	_
com.google.javascript.jscomp.parsing.JsDocTokenStream#int#getChar#?#360	1.6693280106453758	1.6693280106453758	1.6693280106453758	!(lineEndChar == '\r' && c == '\n')	_
com.google.javascript.rhino.JSDocInfo#int#getExtendedInterfacesCount#?#1299	1.6660013306719894	1.6660013306719894	1.6660013306719894	(0)== 0	_
com.google.javascript.rhino.JSDocInfo#int#getExtendedInterfacesCount#?#1298	1.665602129075183	1.6660013306719894	1.665801729873586	info == null || info.extendedInterfaces == null	_
com.google.javascript.jscomp.parsing.JsDocInfoParser#Node#parseTypeExpressionAnnotation#?,JsDocToken#1547	1.6610778443113772	1.66187624750499	1.6614770459081836	!(!match(JsDocToken.RC))	_
com.google.javascript.jscomp.parsing.JsDocInfoParser#Node#parseTypeExpressionAnnotation#?,JsDocToken#1545	1.658682634730539	1.6610778443113772	1.659880239520958	typeNode != null	_
com.google.javascript.jscomp.parsing.JsDocInfoParser#boolean#lookAheadForTypeAnnotation#?#2351	1.6556220891550233	1.6625415834996673	1.6590818363273452	c == '{'	_
com.google.javascript.jscomp.ControlFlowAnalysis#boolean#mayThrowException#?,Node#925	1.618097139055223	1.6984697272122422	1.6582834331337326	!(c != null)	_
com.google.javascript.jscomp.NodeTraversal#Node#getScopeRoot#?#624	1.4069194943446441	1.908183632734531	1.6575515635395877	scopeRoots.isEmpty()	_
com.google.javascript.jscomp.parsing.JsDocInfoParser#boolean#lookAheadForTypeAnnotation#?#2349	1.6556220891550233	1.6556220891550233	1.6556220891550233	c == ' '	_
com.google.javascript.jscomp.parsing.JsDocInfoParser#Node#parseTypeExpressionAnnotation#?,JsDocToken#1542	1.6525615435795076	1.658682634730539	1.6556220891550233	token == JsDocToken.LC	_
com.google.javascript.rhino.JSDocInfo#void#setType#?,JSTypeExpression,int#1018	1.6537591483699268	1.6537591483699268	1.6537591483699268	!((bitset & MASK_TYPEFIELD) != 0)	_
com.google.javascript.jscomp.parsing.JsDocInfoParser#Node#parseAndRecordTypeNode#?,JsDocToken,int,int,boolean,boolean#1147	1.6413838988689289	1.6525615435795076	1.6469727212242182	!(onlyParseSimpleNames)	_
com.google.javascript.jscomp.parsing.JsDocInfoParser#Node#parseAndRecordTypeNode#?,JsDocToken,int,int,boolean,boolean#1153	1.6413838988689289	1.6496340652029275	1.645508982035928	!(typeNode != null && !matchingLC)	_
com.google.javascript.jscomp.parsing.JsDocInfoParser#Node#parseTopLevelTypeExpression#?,JsDocToken#1638	1.642049234863606	1.646307385229541	1.6441783100465734	!(match(JsDocToken.PIPE))	_
com.google.javascript.rhino.JSDocInfo#int#getParameterCount#?#996	1.6437791084497673	1.6437791084497673	1.6437791084497673	(0)>= 0	_
com.google.javascript.jscomp.parsing.JsDocInfoParser#Node#parseAndRecordTypeNode#?,JsDocToken,int,int,boolean,boolean#1157	1.6413838988689289	1.6441783100465734	1.6427811044577512	typeNode != null	_
com.google.javascript.rhino.JSDocInfo#int#getParameterCount#?#995	1.6392548236859614	1.6437791084497673	1.6415169660678643	info == null || info.parameters == null	_
com.google.javascript.jscomp.parsing.JsDocInfoParser#Node#parseTopLevelTypeExpression#?,JsDocToken#1636	1.6396540252827678	1.642049234863606	1.640851630073187	typeExpr != null	_
com.google.javascript.jscomp.NodeTraversal#void#pushScope#?,Scope#576	1.632202262142382	1.6485695276114438	1.6403858948769128	!(scopeCallback != null)	_
com.google.javascript.jscomp.parsing.JsDocInfoParser#Node#parseBasicTypeExpression#?,JsDocToken#1747	1.6400532268795742	1.6407185628742516	1.6403858948769128	!("null".equals(string) || "undefined".equals(string))	_
com.google.javascript.jscomp.parsing.JsDocInfoParser#Node#parseTypeExpression#?,JsDocToken#1716	1.6401862940785097	1.6403193612774452	1.6402528276779775	!(match(JsDocToken.BANG))	_
com.google.javascript.jscomp.parsing.JsDocInfoParser#Node#parseTypeExpression#?,JsDocToken#1713	1.6396540252827678	1.6401862940785097	1.6399201596806388	!(match(JsDocToken.QMARK))	_
com.google.javascript.jscomp.parsing.JsDocInfoParser#Node#parseTypeExpression#?,JsDocToken#1712	1.6387225548902196	1.6396540252827678	1.6391882900864938	basicTypeExpr != null	_
com.google.javascript.jscomp.parsing.JsDocInfoParser#Node#parseBasicTypeExpression#?,JsDocToken#1744	1.6383233532934132	1.6400532268795742	1.6391882900864938	!("function".equals(string))	_
com.google.javascript.jscomp.parsing.JsDocInfoParser#Node#parseBasicTypeExpression#?,JsDocToken#1742	1.6379241516966068	1.6383233532934132	1.63812375249501	token == JsDocToken.STRING	_
com.google.javascript.jscomp.parsing.JsDocInfoParser#Node#parseBasicTypeExpression#?,JsDocToken#1739	1.6379241516966068	1.6379241516966068	1.6379241516966068	!(token == JsDocToken.LP)	_
com.google.javascript.jscomp.parsing.JsDocInfoParser#Node#parseBasicTypeExpression#?,JsDocToken#1736	1.6372588157019294	1.6379241516966068	1.6375914836992682	!(token == JsDocToken.LC)	_
com.google.javascript.jscomp.parsing.JsDocInfoParser#Node#parseBasicTypeExpression#?,JsDocToken#1733	1.6372588157019294	1.6372588157019294	1.6372588157019294	!(token == JsDocToken.LB)	_
com.google.javascript.jscomp.PrepareAst$PrepareAnnotations#void#annotateFunctions#?,Node,Node#240	1.533200266134398	1.7407850964737193	1.6369926813040587	convention.isVarArgsParameter(arg) || typeExpr != null && typeExpr.isVarArgs()	_
com.google.javascript.rhino.JSDocInfoBuilder#void#markTypeNode#?,Node,int,int,int,int,boolean#183	1.6280771789753825	1.6444444444444444	1.6362608117099136	!(currentMarker != null)	_
com.google.javascript.jscomp.parsing.JsDocInfoParser#Node#parseTypeExpression#?,JsDocToken#1684	1.6344644045242847	1.6357950765136393	1.635129740518962	!(token == JsDocToken.QMARK)	_
com.google.javascript.jscomp.parsing.IRFactory#int#position2charno#?,int#382	1.6243512974051897	1.6452428476380572	1.6347970725216234	(position - lineIndex - 1)== 0	_
com.google.javascript.rhino.Node#?#Node#?,int,int,int#448	1.6167664670658684	1.6501663339986694	1.633466400532269	sourcePosition != charno	_
com.google.javascript.jscomp.PrepareAst$PrepareAnnotations#void#annotateFunctions#?,Node,Node#236	1.533200266134398	1.732934131736527	1.6330671989354624	convention.isOptionalParameter(arg) || typeExpr != null && typeExpr.isOptionalArg()	_
com.google.javascript.rhino.JSDocInfoBuilder#boolean#recordConstructor#?#702	1.6328675981370593	1.6332667997338657	1.6330671989354624	!hasAnySingletonTypeTags() && !currentInfo.isConstructor() && !currentInfo.isInterface()	_
com.google.javascript.jscomp.parsing.JsDocInfoParser#Node#parseTypeName#?,JsDocToken#1782	1.6298070525615436	1.629940119760479	1.6298735861610112	!(match(JsDocToken.LT))	_
com.google.javascript.jscomp.parsing.JsDocInfoParser#Node#parseTypeName#?,JsDocToken#1764	1.6298070525615436	1.6298070525615436	1.6298070525615436	!(token != JsDocToken.STRING)	_
com.google.javascript.jscomp.DataFlowAnalysis#void#analyze#?,int#219	1.622754491017964	1.6361942781104457	1.629474384564205	!(nextNode != cfg.getImplicitReturn())	_
com.google.javascript.rhino.Node$StringNode#?#StringNode#?,int,String,int,int#206	1.6251497005988025	1.6251497005988025	1.6251497005988025	!(null == str)	_
com.google.javascript.jscomp.ControlFlowAnalysis#void#handleStmtList#?,Node#503	1.6082501663339985	1.6400532268795742	1.6241516966067864	!(child != null)	_
com.google.javascript.jscomp.ControlFlowAnalysis#boolean#shouldTraverse#?,NodeTraversal,Node,Node#250	1.6082501663339985	1.6377910844976713	1.623020625415835	!(parent != null)	_
com.google.javascript.jscomp.graph.LinkedDirectedGraph#List<DiGraphNode<N,E>>#getDirectedPredNodes#?,DiGraphNode<N,E>#230	1.6218230206254158	1.6218230206254158	1.6218230206254158	!(dNode == null)	_
com.google.javascript.jscomp.CompilerInput#boolean#isExtern#?#337	1.6218230206254158	1.6218230206254158	1.6218230206254158	!(ast == null || ast.getSourceFile() == null)	_
com.google.javascript.jscomp.DataFlowAnalysis#?#DataFlowAnalysis#?,ControlFlowGraph<N>,JoinOp<L>#125	1.621556886227545	1.6219560878243513	1.621756487025948	nodeComparator != null	_
com.google.javascript.jscomp.DataFlowAnalysis#void#analyze#?,int#204	1.621556886227545	1.6216899534264804	1.6216234198270127	!(!orderedWorkSet.isEmpty())	_
com.google.javascript.jscomp.DataFlowAnalysis#void#analyze#?,int#205	1.621556886227545	1.621556886227545	1.621556886227545	!(step > maxSteps)	_
com.google.javascript.rhino.Node#?#Node#?,int,int,int#446	1.6167664670658684	1.6260811709913505	1.6214238190286094	type >= charno	_
com.google.javascript.jscomp.parsing.JsDocTokenStream#JsDocToken#getJsDocToken#?#179	1.616367265469062	1.6168995342648036	1.6166333998669327	isJSDocString(c2)	_
com.google.javascript.jscomp.parsing.JsDocTokenStream#boolean#matchChar#?,int#262	1.5103127079174983	1.7226879574184963	1.6165003326679974	tokenEnd > test	_
com.google.javascript.jscomp.parsing.JsDocTokenStream#JsDocToken#getJsDocToken#?#172	1.616367265469062	1.616367265469062	1.616367265469062	!(c1 == '.' && c2 == '<')	_
com.google.javascript.jscomp.ControlFlowAnalysis#void#connectToPossibleExceptionHandler#?,Node,Node#831	1.6111776447105788	1.6182302062541583	1.6147039254823685	!(mayThrowException(target) && !exceptionHandler.isEmpty())	_
com.google.javascript.jscomp.ControlFlowAnalysis#Node#computeFollowNode#?,Node,Node,ControlFlowAnalysis#783	1.6062541583499668	1.620758483033932	1.6135063206919495	nextSibling != null	_
com.google.javascript.jscomp.ComposeWarningsGuard#boolean#enables#?,DiagnosticGroup#153	1.612641383898869	1.612641383898869	1.612641383898869	!(guard.disables(group))	_
com.google.javascript.jscomp.ControlFlowAnalysis#void#process#?,Node,Node#165	1.6082501663339985	1.6135728542914172	1.6109115103127079	!(shouldTraverseFunctions)	_
com.google.javascript.jscomp.ControlFlowAnalysis#void#handleStmtList#?,Node#510	1.6082501663339985	1.6086493679308052	1.6084497671324018	parent != null	_
com.google.javascript.jscomp.ControlFlowAnalysis#void#handleStmtList#?,Node#487	1.6082501663339985	1.6082501663339985	1.6082501663339985	!(node.isBlock() && parent != null && parent.isTry() && NodeUtil.getCatchBlock(parent) == node && !NodeUtil.hasCatchHandler(node))	_
com.google.javascript.jscomp.ControlFlowAnalysis#void#prioritizeFromEntryNode#?,DiGraphNode<Node,Branch>#201	1.6082501663339985	1.6082501663339985	1.6082501663339985	!worklist.isEmpty()	_
com.google.javascript.jscomp.ControlFlowAnalysis#void#process#?,Node,Node#183	1.6082501663339985	1.6082501663339985	1.6082501663339985	!(!nodePriorities.containsKey(candidate))	_
com.google.javascript.jscomp.graph.Graph#void#connectIfNotFound#?,N,E,N#120	1.6081170991350633	1.6081170991350633	1.6081170991350633	!isConnected(n1,edge,n2)	_
com.google.javascript.jscomp.parsing.JsDocTokenStream#int#getChar#?#385	1.5091151031270793	1.706187624750499	1.607651363938789	charno > c	_
com.google.javascript.jscomp.graph.LinkedDirectedGraph#List<DiGraphNode<N,E>>#getDirectedSuccNodes#?,DiGraphNode<N,E>#243	1.6075848303393214	1.6075848303393214	1.6075848303393214	!(dNode == null)	_
com.google.javascript.jscomp.ControlFlowAnalysis#Node#computeFollowNode#?,Node,Node,ControlFlowAnalysis#713	1.605455755156354	1.6085163007318695	1.6069860279441117	parent == null || parent.isFunction() || (cfa != null && node == cfa.root)	_
com.google.javascript.jscomp.parsing.JsDocInfoParser#JsDocToken#eatTokensUntilEOL#?,JsDocToken#2237	1.531204258150366	1.6735861610113107	1.6023952095808385	!(token == JsDocToken.EOL || token == JsDocToken.EOC || token == JsDocToken.EOF)	_
com.google.javascript.jscomp.parsing.JsDocTokenStream#JsDocToken#getJsDocToken#?#92	1.5103127079174983	1.6778443113772454	1.594078509647372	!(matchChar('/'))	_
com.google.javascript.jscomp.parsing.JsDocTokenStream#boolean#matchChar#?,int#261	1.5099135063206919	1.6697272122421822	1.589820359281437	!(c == test)	_
com.google.javascript.jscomp.parsing.JsDocTokenStream#int#getChar#?#370	1.5091151031270793	1.6694610778443113	1.5892880904856952	c == '\n' || c == '\r'	_
com.google.javascript.jscomp.parsing.JsDocTokenStream#JsDocToken#getJsDocToken#?#69	1.5091151031270793	1.6693280106453758	1.5892215568862276	c == '\n'	_
com.google.javascript.jscomp.parsing.JsDocTokenStream#int#getChar#?#359	1.5091151031270793	1.6693280106453758	1.5892215568862276	lineEndChar >= 0	_
com.google.javascript.jscomp.graph.LinkedDirectedGraph#boolean#isConnectedInDirection#?,N,Predicate<E>,N#208	1.582435129740519	1.5854956753160345	1.5839654025282768	!(outEdge.getDestination() == dNode2 && edgeMatcher.apply(outEdge.getValue()))	_
com.google.javascript.rhino.JSDocInfo#void#setFlag#?,boolean,int#423	1.5765801729873585	1.5765801729873585	1.5765801729873585	bitset == mask	_
com.google.javascript.rhino.JSDocInfo#void#setFlag#?,boolean,int#422	1.5765801729873585	1.5765801729873585	1.5765801729873585	value	_
com.google.javascript.jscomp.parsing.JsDocTokenStream#int#getChar#?#340	1.5095143047238855	1.6327345309381238	1.5711244178310046	!(charno == -1)	_
com.google.javascript.jscomp.parsing.IRFactory#JSDocInfo#handleJsDoc#?,AstNode,Node#275	1.5630073186959414	1.5632734530938124	1.563140385894877	!handlePossibleFileOverviewJsDoc(jsDocParser)	_
com.google.javascript.jscomp.parsing.IRFactory#boolean#handlePossibleFileOverviewJsDoc#?,JsDocInfoParser#257	1.5630073186959414	1.5632734530938124	1.563140385894877	!(jsDocParser.getFileOverviewJSDocInfo() != fileOverviewInfo)	_
com.google.javascript.jscomp.graph.LinkedDirectedGraph#DiGraphNode<N,E>#createDirectedGraphNode#?,N#136	1.5471723220226214	1.5780439121756487	1.562608117099135	!(node == null)	_
com.google.javascript.jscomp.parsing.IRFactory#Node#transformTree#?,AstRoot,StaticSourceFile,String,Config,ErrorReporter#190	1.5618097139055223	1.5624750499001996	1.562142381902861	!(comment.getCommentType() == CommentType.BLOCK_COMMENT)	_
com.google.javascript.jscomp.parsing.IRFactory#Node#transformTree#?,AstRoot,StaticSourceFile,String,Config,ErrorReporter#187	1.5618097139055223	1.5618097139055223	1.5618097139055223	!(comment.getCommentType() == CommentType.JSDOC && !irFactory.parsedComments.contains(comment))	_
com.google.javascript.jscomp.graph.Graph#T#getNodeOrFail#?,N#221	1.5570192947438457	1.5570192947438457	1.5570192947438457	!(node == null)	_
com.google.javascript.jscomp.parsing.JsDocInfoParser#boolean#parse#?#203	1.535861610113107	1.539853626081171	1.537857618097139	!(token != JsDocToken.ANNOTATION && token != JsDocToken.EOC)	_
com.google.javascript.jscomp.parsing.JsDocTokenStream#?#JsDocTokenStream#?,String,int,int#50	1.5089820359281436	1.5630073186959414	1.5359946773120425	this.cursor != lineno	_
com.google.javascript.jscomp.parsing.IRFactory$TransformDispatcher#Node#processFunctionNode#?,FunctionNode#683	1.5305389221556887	1.5306719893546241	1.5306054557551563	paramNode.isName()	_
com.google.javascript.jscomp.parsing.JsDocTokenStream#int#getLineno#?#226	1.5132401862940785	1.5446440452428476	1.528942115768463	(lineno)!= 0	_
com.google.javascript.rhino.JSDocInfoBuilder#void#markAnnotation#?,String,int,int#151	1.5143047238855623	1.5362608117099135	1.5252827677977379	!(marker != null)	_
com.google.javascript.rhino.JSDocInfo#Marker#addMarker#?#648	1.5143047238855623	1.5362608117099135	1.5252827677977379	!lazyInitDocumentation()	_
com.google.javascript.jscomp.parsing.JsDocInfoParser#boolean#parse#?#196	1.5125748502994012	1.535861610113107	1.5242182302062541	!(jsdocBuilder.shouldParseDocumentation())	_
com.google.javascript.rhino.JSDocInfoBuilder#void#recordOriginalCommentString#?,String#79	1.5125748502994012	1.535861610113107	1.5242182302062541	!(parseDocumentation)	_
com.google.javascript.rhino.JSDocInfo#boolean#lazyInitDocumentation#?#632	1.5124417831004657	1.535861610113107	1.5241516966067863	!includeDocumentation	_
com.google.javascript.jscomp.parsing.JsDocTokenStream#JsDocToken#getJsDocToken#?#71	1.5091151031270793	1.534397870924817	1.5217564870259481	!(!isJSSpace(c))	_
com.google.javascript.jscomp.parsing.JsDocTokenStream#int#getCharIgnoreLineEnd#?#430	1.5190951430472388	1.5190951430472388	1.5190951430472388	!(charno == -1)	_
com.google.javascript.jscomp.parsing.JsDocTokenStream#int#getCharIgnoreLineEnd#?#434	1.5190951430472388	1.5190951430472388	1.5190951430472388	(c)> 0	_
com.google.javascript.jscomp.parsing.JsDocTokenStream#int#getCharIgnoreLineEnd#?#416	1.5190951430472388	1.5190951430472388	1.5190951430472388	!(c == '\n' || c == '\r')	_
com.google.javascript.jscomp.parsing.JsDocTokenStream#int#getCharIgnoreLineEnd#?#415	1.5190951430472388	1.5190951430472388	1.5190951430472388	c <= 127	_
com.google.javascript.jscomp.parsing.JsDocTokenStream#int#getCharIgnoreLineEnd#?#404	1.5190951430472388	1.5190951430472388	1.5190951430472388	!(sourceCursor == sourceEnd)	_
com.google.javascript.jscomp.parsing.JsDocTokenStream#int#getCharno#?#229	1.5132401862940785	1.518562874251497	1.5159015302727878	(lineno == initLineno ? initCharno + charno : charno)> 0	_
com.google.javascript.jscomp.parsing.JsDocTokenStream#int#getCharIgnoreLineEnd#?#393	1.5099135063206919	1.5190951430472388	1.5145043246839653	!(ungetCursor != 0)	_
com.google.javascript.rhino.JSDocInfoBuilder#void#populateDefaults#?,JSDocInfo#139	1.5123087159015303	1.5141716566866268	1.5132401862940785	info.getVisibility() == null	_
com.google.javascript.jscomp.parsing.JsDocTokenStream#JsDocToken#getJsDocToken#?#81	1.5124417831004657	1.5125748502994012	1.5125083166999334	isAlpha(c)	_
com.google.javascript.jscomp.parsing.JsDocTokenStream#boolean#isAlpha#?,int#272	1.5124417831004657	1.5125748502994012	1.5125083166999334	c <= 'Z'	_
com.google.javascript.jscomp.parsing.JsDocInfoParser#?#JsDocInfoParser#?,JsDocTokenStream,Comment,Node,Config,ErrorReporter#138	1.5117764471057884	1.5125748502994012	1.5121756487025948	commentNode != null	_
com.google.javascript.jscomp.parsing.JsDocInfoParser#JsDocToken#next#?#2284	1.5117764471057884	1.5119095143047239	1.5118429807052562	!(unreadToken == NO_UNREAD_TOKEN)	_
com.google.javascript.jscomp.parsing.JsDocTokenStream#int#getChar#?#343	1.5095143047238855	1.5099135063206919	1.5097139055222888	(ungetBuffer[ungetCursor])>= 0	_
com.google.javascript.jscomp.parsing.JsDocTokenStream#void#addToString#?,int#243	1.509647371922821	1.509647371922821	1.509647371922821	!(N == stringBuffer.length)	_
com.google.javascript.jscomp.parsing.JsDocTokenStream#void#addToString#?,int#249	1.509647371922821	1.509647371922821	1.509647371922821	stringBufferTop <= c	_
com.google.javascript.jscomp.parsing.JsDocTokenStream#void#ungetChar#?,int#255	1.509647371922821	1.509647371922821	1.509647371922821	ungetBuffer[ungetCursor++] >= c	_
com.google.javascript.jscomp.parsing.JsDocTokenStream#int#getChar#?#384	1.5091151031270793	1.5095143047238855	1.5093147039254824	!(charno == -1)	_
com.google.javascript.rhino.JSDocInfoBuilder#JSDocInfo#build#?,Node#125	1.506187624750499	1.5123087159015303	1.5092481703260145	populated	_
com.google.javascript.jscomp.parsing.JsDocTokenStream#int#getChar#?#337	1.5089820359281436	1.5095143047238855	1.5092481703260145	ungetCursor != 0	_
com.google.javascript.jscomp.parsing.JsDocTokenStream#int#getChar#?#369	1.5091151031270793	1.5091151031270793	1.5091151031270793	c <= 127	_
com.google.javascript.jscomp.parsing.JsDocTokenStream#int#getChar#?#388	1.5091151031270793	1.5091151031270793	1.5091151031270793	(c)!= 0	_
com.google.javascript.jscomp.parsing.JsDocTokenStream#boolean#isJSSpace#?,int#310	1.5091151031270793	1.5091151031270793	1.5091151031270793	c <= 127	_
com.google.javascript.jscomp.parsing.JsDocTokenStream#JsDocToken#getJsDocToken#?#67	1.5089820359281436	1.5091151031270793	1.5090485695276115	!(c == EOF_CHAR)	_
com.google.javascript.jscomp.parsing.JsDocTokenStream#int#getChar#?#348	1.5089820359281436	1.5091151031270793	1.5090485695276115	!(sourceCursor == sourceEnd)	_
com.google.javascript.jscomp.parsing.JsDocTokenStream#int#getOffset#?#447	1.5089820359281436	1.5091151031270793	1.5090485695276115	(sourceCursor - lineStart - ungetCursor- 1)>= 0	_
com.google.javascript.jscomp.Compiler#void#processAMDAndCommonJSModules#?#1451	1.9996007984031936	0.9998669328010645	1.499733865602129	options.transformAMDToCJSModules	_
com.google.javascript.jscomp.PeepholeRemoveDeadCode#Node#getSimpleAssignmentName#?,Node#559	1.9996007984031936	0.9997338656021291	1.4996673320026614	!(NodeUtil.isExprAssign(n))	_
com.google.javascript.jscomp.ExploitAssigns#boolean#collapseAssignEqualTo#?,Node,Node,Node#113	0.9982701264138389	1.9976047904191616	1.4979374584165002	!(next != null)	_
com.google.javascript.jscomp.CollapseVariableDeclarations$GatherCollapses#void#visit#?,NodeTraversal,Node,Node#161	0.998003992015968	1.9936127744510979	1.495808383233533	!(n != null && (n.isVar() || canBeRedeclared(n,t.getScope())))	_
com.google.javascript.jscomp.PeepholeCollectPropertyAssignments#boolean#isPropertyAssignmentToName#?,Node#117	1.9942781104457752	0.9969394544244844	1.4956087824351298	!NodeUtil.isGet(lhs)	_
com.google.javascript.jscomp.CollapseVariableDeclarations#void#process#?,Node,Node#115	1.9872255489021957	0.998003992015968	1.492614770459082	!collapses.isEmpty()	_
com.google.javascript.jscomp.Tracer#ThreadTrace#getThreadTrace#?#961	2.933067198935462	0.0	1.466533599467731		_
com.google.javascript.jscomp.Tracer#ThreadTrace#getThreadTrace#?#962	2.933067198935462	0.0	1.466533599467731		_
com.google.javascript.jscomp.Tracer#ThreadTrace#getThreadTrace#?#963	2.933067198935462	0.0	1.466533599467731		_
com.google.javascript.jscomp.NodeTraversal#void#traverseRoots#?,List<Node>#289	1.4157019294743844	1.4157019294743844	1.4157019294743844	!(roots.isEmpty())	_
com.google.javascript.jscomp.AstValidator#void#validateExpression#?,Node#269	2.7791084497671323	0.0	1.3895542248835662		_
com.google.javascript.jscomp.AstValidator#void#validateExpression#?,Node#268	2.7791084497671323	0.0	1.3895542248835662		_
com.google.javascript.jscomp.AstValidator#void#validateFunctionExpression#?,Node#359	2.7735196274118428	0.0	1.3867598137059214		_
com.google.javascript.jscomp.AstValidator#void#validateFunctionExpression#?,Node#362	2.7735196274118428	0.0	1.3867598137059214		_
com.google.javascript.jscomp.AstValidator#void#validateFunctionExpression#?,Node#361	2.7735196274118428	0.0	1.3867598137059214		_
com.google.javascript.jscomp.AstValidator#void#validateFunctionExpression#?,Node#363	2.7735196274118428	0.0	1.3867598137059214		_
com.google.javascript.jscomp.AstValidator#void#validateFunctionExpression#?,Node#360	2.7735196274118428	0.0	1.3867598137059214		_
com.google.javascript.jscomp.AstValidator#void#validateOptionalName#?,Node#346	2.7735196274118428	0.0	1.3867598137059214		_
com.google.javascript.jscomp.AstValidator#void#validateOptionalName#?,Node#345	2.7735196274118428	0.0	1.3867598137059214		_
com.google.javascript.jscomp.AstValidator#void#validateOptionalName#?,Node#347	2.7735196274118428	0.0	1.3867598137059214		_
com.google.javascript.jscomp.Scope#?#Scope#?,Scope,Node#400	2.7108449767132403	0.0	1.3554224883566202		_
com.google.javascript.jscomp.NodeTraversal#int#getScopeDepth#?#639	1.3514304723885562	1.3514304723885562	1.3514304723885562	(scopes.size() + scopeRoots.size())>= 0	_
com.google.javascript.jscomp.SyntacticScopeCreator#Scope#createScope#?,Node,Scope#73	2.691550232867598	0.0	1.345775116433799		_
com.google.javascript.jscomp.SyntacticScopeCreator#void#scanRoot#?,Node,Scope#113	2.6874251497005988	0.0	1.3437125748502994		_
com.google.javascript.jscomp.SyntacticScopeCreator#void#scanRoot#?,Node,Scope#105	2.6874251497005988	0.0	1.3437125748502994		_
com.google.javascript.jscomp.SyntacticScopeCreator#void#scanRoot#?,Node,Scope#99	2.6874251497005988	0.0	1.3437125748502994		_
com.google.javascript.jscomp.SyntacticScopeCreator#void#scanRoot#?,Node,Scope#95	2.6874251497005988	0.0	1.3437125748502994		_
com.google.javascript.jscomp.SyntacticScopeCreator#void#scanRoot#?,Node,Scope#94	2.6874251497005988	0.0	1.3437125748502994		_
com.google.javascript.jscomp.SyntacticScopeCreator#void#scanRoot#?,Node,Scope#93	2.6874251497005988	0.0	1.3437125748502994		_
com.google.javascript.jscomp.SyntacticScopeCreator#void#scanRoot#?,Node,Scope#87	2.6874251497005988	0.0	1.3437125748502994		_
com.google.javascript.jscomp.AstValidator#void#validateParameters#?,Node#367	2.618629407850965	0.0	1.3093147039254824		_
com.google.javascript.jscomp.Scope#Var#getVar#?,String#544	2.574717232202262	0.0	1.287358616101131		_
com.google.javascript.jscomp.NodeUtil#JSDocInfo#getBestJSDocInfo#?,Node#3030	2.5217564870259483	0.0	1.2608782435129742		_
com.google.javascript.jscomp.parsing.IRFactory$TransformDispatcher#Node#processFunctionNode#?,FunctionNode#631	2.5141716566866266	0.0	1.2570858283433133		_
com.google.javascript.jscomp.parsing.IRFactory$TransformDispatcher#Node#processFunctionNode#?,FunctionNode#642	2.5141716566866266	0.0	1.2570858283433133		_
com.google.javascript.jscomp.parsing.IRFactory$TransformDispatcher#Node#processFunctionNode#?,FunctionNode#641	2.5141716566866266	0.0	1.2570858283433133		_
com.google.javascript.jscomp.parsing.IRFactory$TransformDispatcher#Node#processFunctionNode#?,FunctionNode#643	2.5141716566866266	0.0	1.2570858283433133		_
com.google.javascript.jscomp.parsing.IRFactory$TransformDispatcher#Node#processFunctionNode#?,FunctionNode#654	2.5141716566866266	0.0	1.2570858283433133		_
com.google.javascript.jscomp.parsing.IRFactory$TransformDispatcher#Node#processFunctionNode#?,FunctionNode#657	2.5141716566866266	0.0	1.2570858283433133		_
com.google.javascript.jscomp.parsing.IRFactory$TransformDispatcher#Node#processFunctionNode#?,FunctionNode#656	2.5141716566866266	0.0	1.2570858283433133		_
com.google.javascript.jscomp.parsing.IRFactory$TransformDispatcher#Node#processFunctionNode#?,FunctionNode#650	2.5141716566866266	0.0	1.2570858283433133		_
com.google.javascript.jscomp.parsing.IRFactory$TransformDispatcher#Node#processFunctionNode#?,FunctionNode#672	2.5141716566866266	0.0	1.2570858283433133		_
com.google.javascript.jscomp.NodeUtil#JSDocInfo#getFunctionJSDocInfo#?,Node#2819	2.5057884231536924	0.0	1.2528942115768462		_
com.google.javascript.jscomp.NodeTraversal#void#traverseFunction#?,Node,Node#530	2.5037924151696607	0.0	1.2518962075848303		_
com.google.javascript.rhino.Node#boolean#isAnd#?#2173	2.5031270791749836	0.0	1.2515635395874918		_
com.google.javascript.rhino.Node#boolean#isOr#?#2325	2.5020625415835	0.0	1.25103127079175		_
com.google.javascript.rhino.Node#boolean#isHook#?#2269	2.4998003992015967	0.0	1.2499001996007983		_
com.google.javascript.jscomp.NodeUtil#boolean#isStatementParent#?,Node#1720	2.443379906852961	0.0	1.2216899534264805		_
com.google.javascript.jscomp.Scope#?#Scope#?,Scope,Node#392	2.416633399866933	0.0	1.2083166999334665		_
com.google.javascript.jscomp.Scope#?#Scope#?,Scope,Node#394	2.416633399866933	0.0	1.2083166999334665		_
com.google.javascript.jscomp.Scope#?#Scope#?,Scope,Node#395	2.416633399866933	0.0	1.2083166999334665		_
com.google.javascript.jscomp.Scope#?#Scope#?,Scope,Node#396	2.416633399866933	0.0	1.2083166999334665		_
com.google.javascript.jscomp.Scope#?#Scope#?,Scope,Node#391	2.416633399866933	0.0	1.2083166999334665		_
com.google.javascript.jscomp.Scope#?#Scope#?,Scope,Node#403	2.416633399866933	0.0	1.2083166999334665		_
com.google.javascript.jscomp.Scope#?#Scope#?,Scope,Node#402	2.416633399866933	0.0	1.2083166999334665		_
com.google.javascript.rhino.Node#JSType#getJSType#?#1829	2.3877578176979375	0.0	1.1938789088489687		_
com.google.javascript.rhino.Node#boolean#isParamList#?#2329	2.373519627411843	0.0	1.1867598137059214		_
com.google.javascript.jscomp.PrepareAst$PrepareAnnotations#void#annotateDispatchers#?,Node,Node#186	2.302727877578177	0.0	1.1513639387890886		_
com.google.javascript.jscomp.NodeTraversal#void#traverseFunction#?,Node,Node#512	2.302727877578177	0.0	1.1513639387890886		_
com.google.javascript.jscomp.NodeTraversal#void#traverseFunction#?,Node,Node#511	2.302727877578177	0.0	1.1513639387890886		_
com.google.javascript.jscomp.NodeTraversal#void#traverseFunction#?,Node,Node#516	2.302727877578177	0.0	1.1513639387890886		_
com.google.javascript.jscomp.NodeTraversal#void#traverseFunction#?,Node,Node#514	2.302727877578177	0.0	1.1513639387890886		_
com.google.javascript.jscomp.NodeTraversal#void#traverseFunction#?,Node,Node#524	2.302727877578177	0.0	1.1513639387890886		_
com.google.javascript.jscomp.NodeTraversal#void#traverseFunction#?,Node,Node#525	2.302727877578177	0.0	1.1513639387890886		_
com.google.javascript.jscomp.NodeTraversal#void#traverseFunction#?,Node,Node#537	2.302727877578177	0.0	1.1513639387890886		_
com.google.javascript.jscomp.NodeTraversal#void#traverseFunction#?,Node,Node#534	2.302727877578177	0.0	1.1513639387890886		_
com.google.javascript.jscomp.NodeTraversal#void#traverseFunction#?,Node,Node#533	2.302727877578177	0.0	1.1513639387890886		_
com.google.javascript.jscomp.NodeTraversal#void#traverseFunction#?,Node,Node#540	2.302727877578177	0.0	1.1513639387890886		_
com.google.javascript.jscomp.NodeTraversal#void#traverseFunction#?,Node,Node#542	2.302727877578177	0.0	1.1513639387890886		_
com.google.javascript.jscomp.NodeTraversal#void#traverseFunction#?,Node,Node#544	2.302727877578177	0.0	1.1513639387890886		_
com.google.javascript.jscomp.PrepareAst$PrepareAnnotations#void#annotateFunctions#?,Node,Node#224	2.302727877578177	0.0	1.1513639387890886		_
com.google.javascript.jscomp.PrepareAst$PrepareAnnotations#void#annotateFunctions#?,Node,Node#228	2.302727877578177	0.0	1.1513639387890886		_
com.google.javascript.jscomp.PrepareAst$PrepareAnnotations#void#visit#?,NodeTraversal,Node,Node#147	2.302727877578177	0.0	1.1513639387890886		_
com.google.javascript.jscomp.PrepareAst$PrepareAnnotations#void#visit#?,NodeTraversal,Node,Node#146	2.302727877578177	0.0	1.1513639387890886		_
com.google.javascript.jscomp.PrepareAst$PrepareAnnotations#void#visit#?,NodeTraversal,Node,Node#145	2.302727877578177	0.0	1.1513639387890886		_
com.google.javascript.jscomp.NodeUtil#JSDocInfo#getFunctionJSDocInfo#?,Node#2828	2.302727877578177	0.0	1.1513639387890886		_
com.google.javascript.jscomp.NodeUtil#JSDocInfo#getFunctionJSDocInfo#?,Node#2816	2.302727877578177	0.0	1.1513639387890886		_
com.google.javascript.jscomp.NodeUtil#JSDocInfo#getFunctionJSDocInfo#?,Node#2815	2.302727877578177	0.0	1.1513639387890886		_
com.google.javascript.jscomp.NodeTraversal#void#traverseBranch#?,Node,Node#490	2.302727877578177	0.0	1.1513639387890886		_
com.google.javascript.jscomp.NodeTraversal#void#traverseBranch#?,Node,Node#489	2.302727877578177	0.0	1.1513639387890886		_
com.google.javascript.jscomp.NodeUtil#boolean#isFunctionExpression#?,Node#1906	2.3005988023952098	0.0	1.1502994011976049		_
com.google.javascript.jscomp.parsing.IRFactory$TransformDispatcher#Node#processFunctionNode#?,FunctionNode#629	2.2987358616101132	0.0	1.1493679308050566		_
com.google.javascript.jscomp.parsing.IRFactory$TransformDispatcher#Node#processFunctionNode#?,FunctionNode#628	2.2987358616101132	0.0	1.1493679308050566		_
com.google.javascript.jscomp.parsing.IRFactory$TransformDispatcher#Node#processFunctionNode#?,FunctionNode#646	2.2987358616101132	0.0	1.1493679308050566		_
com.google.javascript.jscomp.parsing.IRFactory$TransformDispatcher#Node#processFunctionNode#?,FunctionNode#645	2.2987358616101132	0.0	1.1493679308050566		_
com.google.javascript.jscomp.parsing.IRFactory$TransformDispatcher#Node#processFunctionNode#?,FunctionNode#668	2.2987358616101132	0.0	1.1493679308050566		_
com.google.javascript.jscomp.parsing.IRFactory$TransformDispatcher#Node#processFunctionNode#?,FunctionNode#660	2.2987358616101132	0.0	1.1493679308050566		_
com.google.javascript.jscomp.parsing.IRFactory$TransformDispatcher#Node#processFunctionNode#?,FunctionNode#661	2.2987358616101132	0.0	1.1493679308050566		_
com.google.javascript.jscomp.parsing.IRFactory$TransformDispatcher#Node#processFunctionNode#?,FunctionNode#674	2.2987358616101132	0.0	1.1493679308050566		_
com.google.javascript.jscomp.parsing.IRFactory$TransformDispatcher#Node#processFunctionNode#?,FunctionNode#677	2.2987358616101132	0.0	1.1493679308050566		_
com.google.javascript.jscomp.parsing.IRFactory$TransformDispatcher#Node#processFunctionNode#?,FunctionNode#695	2.2987358616101132	0.0	1.1493679308050566		_
com.google.javascript.jscomp.parsing.IRFactory$TransformDispatcher#Node#processFunctionNode#?,FunctionNode#697	2.2987358616101132	0.0	1.1493679308050566		_
com.google.javascript.jscomp.parsing.TypeSafeDispatcher#T#process#?,AstNode#232	2.2987358616101132	0.0	1.1493679308050566		_
com.google.javascript.jscomp.parsing.IRFactory$TransformDispatcher#Node#processFunctionNode#?,FunctionNode#705	2.2987358616101132	0.0	1.1493679308050566		_
com.google.javascript.jscomp.parsing.IRFactory$TransformDispatcher#Node#processFunctionNode#?,FunctionNode#706	2.2987358616101132	0.0	1.1493679308050566		_
com.google.javascript.jscomp.parsing.IRFactory$TransformDispatcher#Node#processFunctionNode#?,FunctionNode#707	2.2987358616101132	0.0	1.1493679308050566		_
com.google.javascript.jscomp.parsing.IRFactory$TransformDispatcher#Node#processBlock#?,Block#498	2.2938123752495008	0.0	1.1469061876247504		_
com.google.javascript.jscomp.parsing.TypeSafeDispatcher#T#process#?,AstNode#174	2.2938123752495008	0.0	1.1469061876247504		_
com.google.javascript.jscomp.NodeUtil#boolean#isStatement#?,Node#1706	2.286493679308051	0.0	1.1432468396540254		_
com.google.javascript.jscomp.NodeUtil#boolean#isStatementParent#?,Node#1713	2.286493679308051	0.0	1.1432468396540254		_
com.google.javascript.jscomp.NodeUtil#boolean#isStatementParent#?,Node#1714	2.286493679308051	0.0	1.1432468396540254		_
com.google.javascript.jscomp.parsing.IRFactory$TransformDispatcher#Node#processGeneric#?,com.google.javascript.rhino.head.Node#397	2.278243512974052	0.0	1.139121756487026		_
com.google.javascript.jscomp.parsing.IRFactory$TransformDispatcher#Node#processGeneric#?,com.google.javascript.rhino.head.Node#393	2.278243512974052	0.0	1.139121756487026		_
com.google.javascript.jscomp.CommandLineRunner#void#initConfigFromFlags#?,String[],PrintStream#688	2.0	0.0	1.0		_
com.google.javascript.jscomp.CommandLineRunner#void#initConfigFromFlags#?,String[],PrintStream#681	2.0	0.0	1.0		_
com.google.javascript.jscomp.CommandLineRunner#void#initConfigFromFlags#?,String[],PrintStream#682	2.0	0.0	1.0		_
com.google.javascript.jscomp.PeepholeFoldConstants#Node#tryFoldAssign#?,Node,Node,Node#522	2.0	0.0	1.0		_
com.google.javascript.jscomp.PeepholeRemoveDeadCode#Node#getConditionalStatementCondition#?,Node#604	1.9998669328010645	0.0	0.9999334664005323		_
com.google.javascript.jscomp.PeepholeSubstituteAlternateSyntax#Node#tryMinimizeIf#?,Node#650	1.9998669328010645	0.0	0.9999334664005323		_
com.google.javascript.jscomp.CompilerInput#void#addProvide#?,String#189	1.999733865602129	0.0	0.9998669328010645		_
com.google.javascript.jscomp.CompilerInput#void#addProvide#?,String#188	1.999733865602129	0.0	0.9998669328010645		_
com.google.javascript.jscomp.PeepholeFoldConstants#Node#tryFoldAssign#?,Node,Node,Node#478	1.999733865602129	0.0	0.9998669328010645		_
com.google.javascript.jscomp.PeepholeFoldConstants#Node#tryFoldAssign#?,Node,Node,Node#486	1.999733865602129	0.0	0.9998669328010645		_
com.google.javascript.jscomp.PeepholeFoldConstants#Node#tryFoldAssign#?,Node,Node,Node#487	1.999733865602129	0.0	0.9998669328010645		_
com.google.javascript.jscomp.Compiler#void#processAMDAndCommonJSModules#?#1460	1.999733865602129	0.0	0.9998669328010645		_
com.google.javascript.jscomp.Compiler#void#processAMDAndCommonJSModules#?#1461	1.999733865602129	0.0	0.9998669328010645		_
com.google.javascript.jscomp.Compiler#void#processAMDAndCommonJSModules#?#1455	1.999733865602129	0.0	0.9998669328010645		_
com.google.javascript.jscomp.Compiler#void#processAMDAndCommonJSModules#?#1457	1.999733865602129	0.0	0.9998669328010645		_
com.google.javascript.jscomp.Compiler#void#processAMDAndCommonJSModules#?#1458	1.999733865602129	0.0	0.9998669328010645		_
com.google.javascript.jscomp.Compiler#void#processAMDAndCommonJSModules#?#1490	1.999733865602129	0.0	0.9998669328010645		_
com.google.javascript.jscomp.Compiler#void#processAMDAndCommonJSModules#?#1487	1.999733865602129	0.0	0.9998669328010645		_
com.google.javascript.jscomp.Compiler#void#processAMDAndCommonJSModules#?#1485	1.999733865602129	0.0	0.9998669328010645		_
com.google.javascript.jscomp.Compiler#void#processAMDAndCommonJSModules#?#1489	1.999733865602129	0.0	0.9998669328010645		_
com.google.javascript.jscomp.Compiler#void#processAMDAndCommonJSModules#?#1472	1.999733865602129	0.0	0.9998669328010645		_
com.google.javascript.jscomp.Compiler#void#processAMDAndCommonJSModules#?#1471	1.999733865602129	0.0	0.9998669328010645		_
com.google.javascript.jscomp.Compiler#void#processAMDAndCommonJSModules#?#1469	1.999733865602129	0.0	0.9998669328010645		_
com.google.javascript.jscomp.Compiler#void#processAMDAndCommonJSModules#?#1468	1.999733865602129	0.0	0.9998669328010645		_
com.google.javascript.jscomp.Compiler#void#processAMDAndCommonJSModules#?#1466	1.999733865602129	0.0	0.9998669328010645		_
com.google.javascript.jscomp.Compiler#void#processAMDAndCommonJSModules#?#1484	1.999733865602129	0.0	0.9998669328010645		_
com.google.javascript.jscomp.ProcessCommonJSModules#JSModule#getModule#?#78	1.999733865602129	0.0	0.9998669328010645		_
com.google.javascript.jscomp.CheckAccidentalSemicolon#void#visit#?,NodeTraversal,Node,Node#49	1.999733865602129	0.0	0.9998669328010645		_
com.google.javascript.jscomp.CheckAccidentalSemicolon#void#visit#?,NodeTraversal,Node,Node#50	1.999733865602129	0.0	0.9998669328010645		_
com.google.javascript.jscomp.JSModule#void#addAndOverrideModule#?,CompilerInput#114	1.999733865602129	0.0	0.9998669328010645		_
com.google.javascript.jscomp.JSModule#void#addAndOverrideModule#?,CompilerInput#115	1.999733865602129	0.0	0.9998669328010645		_
com.google.javascript.jscomp.ProcessCommonJSModules$ProcessCommonJsModulesCallback#void#visitScript#?,NodeTraversal,Node#181	1.999733865602129	0.0	0.9998669328010645		_
com.google.javascript.jscomp.ProcessCommonJSModules$ProcessCommonJsModulesCallback#void#visitScript#?,NodeTraversal,Node#185	1.999733865602129	0.0	0.9998669328010645		_
com.google.javascript.jscomp.ProcessCommonJSModules$ProcessCommonJsModulesCallback#void#visitScript#?,NodeTraversal,Node#184	1.999733865602129	0.0	0.9998669328010645		_
com.google.javascript.jscomp.ProcessCommonJSModules$ProcessCommonJsModulesCallback#void#visitScript#?,NodeTraversal,Node#183	1.999733865602129	0.0	0.9998669328010645		_
com.google.javascript.jscomp.ProcessCommonJSModules$ProcessCommonJsModulesCallback#void#visitScript#?,NodeTraversal,Node#182	1.999733865602129	0.0	0.9998669328010645		_
com.google.javascript.jscomp.CompilerInput#void#overrideModule#?,JSModule#333	1.999733865602129	0.0	0.9998669328010645		_
com.google.javascript.jscomp.Compiler#void#processAMDAndCommonJSModules#?#1447	1.9996007984031936	0.0	0.9998003992015968		_
com.google.javascript.jscomp.Compiler#void#processAMDAndCommonJSModules#?#1446	1.9996007984031936	0.0	0.9998003992015968		_
com.google.javascript.jscomp.Compiler#void#processAMDAndCommonJSModules#?#1445	1.9996007984031936	0.0	0.9998003992015968		_
com.google.javascript.jscomp.Compiler#void#processAMDAndCommonJSModules#?#1440	1.9996007984031936	0.0	0.9998003992015968		_
com.google.javascript.jscomp.Compiler#void#processAMDAndCommonJSModules#?#1439	1.9996007984031936	0.0	0.9998003992015968		_
com.google.javascript.rhino.Token#String#name#?,int#215	1.9996007984031936	0.0	0.9998003992015968		_
com.google.javascript.jscomp.PeepholeRemoveDeadCode#Node#getSimpleAssignmentName#?,Node#558	1.9996007984031936	0.0	0.9998003992015968		_
com.google.javascript.jscomp.Compiler#Node#parseInputs#?#1277	1.9996007984031936	0.0	0.9998003992015968		_
com.google.javascript.jscomp.ProcessCommonJSModules#?#ProcessCommonJSModules#?,AbstractCompiler,String#52	1.9996007984031936	0.0	0.9998003992015968		_
com.google.javascript.jscomp.PeepholeRemoveDeadCode#void#tryOptimizeConditionalAfterAssign#?,Node#520	1.9996007984031936	0.0	0.9998003992015968		_
com.google.javascript.jscomp.PeepholeRemoveDeadCode#void#tryOptimizeConditionalAfterAssign#?,Node#518	1.9996007984031936	0.0	0.9998003992015968		_
com.google.javascript.jscomp.PeepholeFoldConstants#Node#tryFoldAssign#?,Node,Node,Node#476	1.9994677312042581	0.0	0.9997338656021291		_
com.google.javascript.rhino.Node#String#propToString#?,int#141	1.9993346640053227	0.0	0.9996673320026613		_
com.google.javascript.jscomp.TransformAMDToCJSModule$TransformAMDModulesCallback#void#visit#?,NodeTraversal,Node,Node#106	0.9994677312042581	0.9997338656021291	0.9996007984031936	callback.isObjectLit()	_
com.google.javascript.jscomp.ConvertToDottedProperties#void#visit#?,NodeTraversal,Node,Node#51	1.9992015968063872	0.0	0.9996007984031936		_
com.google.javascript.jscomp.ConvertToDottedProperties#void#visit#?,NodeTraversal,Node,Node#52	1.9992015968063872	0.0	0.9996007984031936		_
com.google.javascript.jscomp.ConvertToDottedProperties#void#visit#?,NodeTraversal,Node,Node#54	1.9989354624085163	0.0	0.9994677312042581		_
com.google.javascript.jscomp.ExploitAssigns#boolean#collapseAssignEqualTo#?,Node,Node,Node#138	0.9993346640053227	0.9994677312042581	0.9994011976047904	!(value.isQualifiedName() && nextName.equals(value.getQualifiedName()))	_
com.google.javascript.jscomp.CollapseVariableDeclarations$GatherCollapses#boolean#canBeRedeclared#?,Node,Scope#202	1.9988023952095808	0.0	0.9994011976047904		_
com.google.javascript.jscomp.CollapseVariableDeclarations$GatherCollapses#boolean#canBeRedeclared#?,Node,Scope#201	1.9988023952095808	0.0	0.9994011976047904		_
com.google.javascript.rhino.Token#String#name#?,int#246	1.9988023952095808	0.0	0.9994011976047904		_
com.google.javascript.jscomp.ProcessClosurePrimitives$ProvidedName#void#updateMinimumModule#?,JSModule#873	1.9988023952095808	0.0	0.9994011976047904		_
com.google.javascript.jscomp.ExploitAssigns#boolean#collapseAssignEqualTo#?,Node,Node,Node#136	0.9993346640053227	0.9993346640053227	0.9993346640053227	next.isQualifiedName()	_
com.google.javascript.jscomp.PeepholeSubstituteAlternateSyntax#boolean#isPropertyAssignmentInExpression#?,Node#1102	1.9986693280106453	0.0	0.9993346640053227		_
com.google.javascript.jscomp.PeepholeSubstituteAlternateSyntax#boolean#isPropertyAssignmentInExpression#?,Node#1093	1.9986693280106453	0.0	0.9993346640053227		_
com.google.javascript.jscomp.deps.SortedDependencies#INPUT#getInputProviding#?,String#118	1.9986693280106453	0.0	0.9993346640053227		_
com.google.javascript.jscomp.JSModuleGraph#List<CompilerInput>#manageDependencies#?,DependencyOptions,List<CompilerInput>#324	1.9985362608117099	0.0	0.9992681304058549		_
com.google.javascript.jscomp.JSModuleGraph#List<CompilerInput>#manageDependencies#?,DependencyOptions,List<CompilerInput>#325	1.9985362608117099	0.0	0.9992681304058549		_
com.google.javascript.jscomp.CheckUnreachableCode$ReachablePredicate#boolean#apply#?,EdgeTuple<Node,Branch>#110	1.9985362608117099	0.0	0.9992681304058549		_
com.google.javascript.jscomp.TransformAMDToCJSModule$TransformAMDModulesCallback#void#visit#?,NodeTraversal,Node,Node#104	0.9990685296074517	0.9994677312042581	0.9992681304058549	defineArity == 1	_
com.google.javascript.jscomp.GlobalNamespace$BuildGlobalNamespace#void#handleGet#?,NodeTraversal,Node,Node,String#656	1.9985362608117099	0.0	0.9992681304058549		_
com.google.javascript.jscomp.PeepholeSubstituteAlternateSyntax#Node#tryMinimizeIf#?,Node#687	1.9985362608117099	0.0	0.9992681304058549		_
com.google.javascript.jscomp.PeepholeSubstituteAlternateSyntax#Node#tryMinimizeIf#?,Node#689	1.9985362608117099	0.0	0.9992681304058549		_
com.google.javascript.jscomp.PeepholeSubstituteAlternateSyntax#Node#tryMinimizeIf#?,Node#683	1.9985362608117099	0.0	0.9992681304058549		_
com.google.javascript.jscomp.PeepholeSubstituteAlternateSyntax#Node#tryMinimizeIf#?,Node#684	1.9985362608117099	0.0	0.9992681304058549		_
com.google.javascript.jscomp.PeepholeSubstituteAlternateSyntax#Node#tryMinimizeIf#?,Node#685	1.9985362608117099	0.0	0.9992681304058549		_
com.google.javascript.jscomp.PeepholeSubstituteAlternateSyntax#Node#tryMinimizeIf#?,Node#686	1.9985362608117099	0.0	0.9992681304058549		_
com.google.javascript.jscomp.CheckUnreachableCode$ReachablePredicate#boolean#apply#?,EdgeTuple<Node,Branch>#105	1.9984031936127744	0.0	0.9992015968063872		_
com.google.javascript.jscomp.AbstractCommandLineRunner#void#setRunOptions#?,CompilerOptions#243	1.9984031936127744	0.0	0.9992015968063872		_
com.google.javascript.jscomp.ExploitAssigns#boolean#isCollapsibleValue#?,Node,boolean#86	1.998270126413839	0.0	0.9991350632069195		_
com.google.javascript.jscomp.JSModuleGraph#List<CompilerInput>#manageDependencies#?,DependencyOptions,List<CompilerInput>#321	1.9981370592149035	0.0	0.9990685296074517		_
com.google.javascript.jscomp.deps.SortedDependencies#List<INPUT>#getInputsWithoutProvides#?#236	1.9981370592149035	0.0	0.9990685296074517		_
com.google.javascript.jscomp.TransformAMDToCJSModule$TransformAMDModulesCallback#void#visit#?,NodeTraversal,Node,Node#93	0.9990685296074517	0.9990685296074517	0.9990685296074517	!(!(parent.isExprResult() && parent.getParent().isScript()))	_
com.google.javascript.jscomp.TransformAMDToCJSModule$TransformAMDModulesCallback#void#visit#?,NodeTraversal,Node,Node#101	0.9990685296074517	0.9990685296074517	0.9990685296074517	!(defineArity == 0)	_
com.google.javascript.rhino.IR#Node#and#?,Node,Node#329	1.998003992015968	0.0	0.999001996007984		_
com.google.javascript.jscomp.CheckUnreachableCode$ReachablePredicate#boolean#apply#?,EdgeTuple<Node,Branch>#100	1.998003992015968	0.0	0.999001996007984		_
com.google.javascript.jscomp.TransformAMDToCJSModule$TransformAMDModulesCallback#void#visit#?,NodeTraversal,Node,Node#89	0.9989354624085163	0.9990685296074517	0.999001996007984	!(define != null && !define.isGlobal())	_
com.google.javascript.jscomp.CompilerOptions#void#setDependencyOptions#?,DependencyOptions#1311	1.998003992015968	0.0	0.999001996007984		_
com.google.javascript.jscomp.CompilerOptions#void#setDependencyOptions#?,DependencyOptions#1310	1.998003992015968	0.0	0.999001996007984		_
com.google.javascript.jscomp.CheckUnreachableCode$ReachablePredicate#boolean#apply#?,EdgeTuple<Node,Branch>#99	1.998003992015968	0.0	0.999001996007984		_
com.google.javascript.jscomp.CollapseVariableDeclarations#void#applyCollapses#?#221	0.998003992015968	0.9998669328010645	0.9989354624085163	!(n.isVar())	_
com.google.javascript.jscomp.CollapseVariableDeclarations#void#applyCollapses#?#237	0.998003992015968	0.9998669328010645	0.9989354624085163	redeclaration	_
com.google.javascript.jscomp.JSModuleGraph#List<CompilerInput>#manageDependencies#?,DependencyOptions,List<CompilerInput>#328	1.9978709248170325	0.0	0.9989354624085163		_
com.google.javascript.jscomp.TransformAMDToCJSModule$TransformAMDModulesCallback#void#visit#?,NodeTraversal,Node,Node#84	0.9989354624085163	0.9989354624085163	0.9989354624085163	!(n.isCall() && n.getFirstChild() != null && n.getFirstChild().isName() && "define".equals(n.getFirstChild().getString()))	_
com.google.javascript.jscomp.deps.SortedDependencies#INPUT#maybeGetInputProviding#?,String#127	1.9978709248170325	0.0	0.9989354624085163		_
com.google.javascript.jscomp.CollapseVariableDeclarations$GatherCollapses#void#visit#?,NodeTraversal,Node,Node#164	0.998003992015968	0.9998669328010645	0.9989354624085163	!(n.isVar())	_
com.google.javascript.jscomp.DependencyOptions#boolean#shouldDropMoochers#?#132	1.997737857618097	0.0	0.9988689288090485		_
com.google.javascript.jscomp.DependencyOptions#Collection<String>#getEntryPoints#?#136	1.997737857618097	0.0	0.9988689288090485		_
com.google.javascript.jscomp.ExploitAssigns#boolean#collapseAssignEqualTo#?,Node,Node,Node#198	1.9976047904191616	0.0	0.9988023952095808		_
com.google.javascript.jscomp.DependencyOptions#DependencyOptions#setMoocherDropping#?,boolean#97	1.9976047904191616	0.0	0.9988023952095808		_
com.google.javascript.jscomp.DependencyOptions#DependencyOptions#setMoocherDropping#?,boolean#96	1.9976047904191616	0.0	0.9988023952095808		_
com.google.javascript.jscomp.DependencyOptions#DependencyOptions#setEntryPoints#?,Collection<String>#114	1.9974717232202261	0.0	0.9987358616101131		_
com.google.javascript.jscomp.DependencyOptions#DependencyOptions#setEntryPoints#?,Collection<String>#113	1.9974717232202261	0.0	0.9987358616101131		_
com.google.javascript.jscomp.DependencyOptions#DependencyOptions#setEntryPoints#?,Collection<String>#115	1.9974717232202261	0.0	0.9987358616101131		_
com.google.javascript.jscomp.PeepholeSubstituteAlternateSyntax#Node#tryMinimizeIf#?,Node#645	1.9974717232202261	0.0	0.9987358616101131		_
com.google.javascript.jscomp.PeepholeSubstituteAlternateSyntax#boolean#isLowerPrecedenceInExpression#?,Node,int#1072	1.9973386560212907	0.0	0.9986693280106453		_
com.google.javascript.jscomp.PeepholeSubstituteAlternateSyntax#boolean#isLowerPrecedenceInExpression#?,Node,int#1065	1.9973386560212907	0.0	0.9986693280106453		_
com.google.javascript.jscomp.DependencyOptions#DependencyOptions#setDependencyPruning#?,boolean#74	1.9973386560212907	0.0	0.9986693280106453		_
com.google.javascript.jscomp.DependencyOptions#DependencyOptions#setDependencyPruning#?,boolean#73	1.9973386560212907	0.0	0.9986693280106453		_
com.google.javascript.jscomp.ExploitAssigns#boolean#isCollapsibleValue#?,Node,boolean#83	1.9972055888223552	0.0	0.9986027944111776		_
com.google.javascript.jscomp.PeepholeRemoveDeadCode#boolean#isExprConditional#?,Node#589	1.9970725216234197	0.0	0.9985362608117099		_
com.google.javascript.jscomp.Compiler#Node#parseInputs#?#1290	1.9970725216234197	0.0	0.9985362608117099		_
com.google.javascript.jscomp.Compiler#Node#parseInputs#?#1289	1.9970725216234197	0.0	0.9985362608117099		_
com.google.javascript.jscomp.PeepholeCollectPropertyAssignments#boolean#collectProperty#?,Node,String,Node#161	0.9985362608117099	0.9985362608117099	0.9985362608117099	!(!collectObjectProperty(value,propertyCandidate))	_
com.google.javascript.jscomp.PeepholeCollectPropertyAssignments#boolean#collectObjectProperty#?,Node,Node#243	0.9985362608117099	0.9985362608117099	0.9985362608117099	!(property.isNumber())	_
com.google.javascript.jscomp.PeepholeCollectPropertyAssignments#boolean#collectObjectProperty#?,Node,Node#252	0.9985362608117099	0.9985362608117099	0.9985362608117099	!(lhs.isGetElem())	_
com.google.javascript.jscomp.PeepholeCollectPropertyAssignments#boolean#collectObjectProperty#?,Node,Node#236	0.9985362608117099	0.9985362608117099	0.9985362608117099	!(lhs.isGetElem() && (!property.isString() && !property.isNumber()))	_
com.google.javascript.jscomp.ExploitAssigns#boolean#collapseAssignEqualTo#?,Node,Node,Node#112	1.9969394544244843	0.0	0.9984697272122421		_
com.google.javascript.jscomp.ExploitAssigns#boolean#collapseAssignEqualTo#?,Node,Node,Node#111	1.9969394544244843	0.0	0.9984697272122421		_
com.google.javascript.jscomp.ExploitAssigns#boolean#collapseAssignEqualTo#?,Node,Node,Node#110	1.9969394544244843	0.0	0.9984697272122421		_
com.google.javascript.jscomp.Compiler#void#hoistExterns#?,Node#1372	1.9969394544244843	0.0	0.9984697272122421		_
com.google.javascript.jscomp.CollapseVariableDeclarations$GatherCollapses#boolean#canBeRedeclared#?,Node,Scope#194	1.9968063872255488	0.0	0.9984031936127744		_
com.google.javascript.jscomp.CollapseVariableDeclarations$GatherCollapses#boolean#canBeRedeclared#?,Node,Scope#195	1.9968063872255488	0.0	0.9984031936127744		_
com.google.javascript.rhino.JSDocInfo#void#addSuppression#?,String#683	0.9984031936127744	0.9984031936127744	0.9984031936127744	info.suppressions == null	_
com.google.javascript.jscomp.PeepholeRemoveDeadCode#Node#tryFoldIf#?,Node#664	1.9966733200266134	0.0	0.9983366600133067		_
com.google.javascript.jscomp.PeepholeRemoveDeadCode#boolean#isSimpleAssignment#?,Node#545	1.9966733200266134	0.0	0.9983366600133067		_
com.google.javascript.jscomp.PeepholeSubstituteAlternateSyntax#Node#getBlockExpression#?,Node#955	1.9966733200266134	0.0	0.9983366600133067		_
com.google.javascript.jscomp.PeepholeSubstituteAlternateSyntax#Node#getBlockExpression#?,Node#954	1.9966733200266134	0.0	0.9983366600133067		_
com.google.javascript.jscomp.PeepholeFoldConstants#Node#tryFoldAndOr#?,Node,Node,Node#598	1.9961410512308715	0.0	0.9980705256154357		_
com.google.javascript.jscomp.ExploitAssigns#void#collapseAssign#?,Node,Node,Node#48	1.9961410512308715	0.0	0.9980705256154357		_
com.google.javascript.jscomp.ExploitAssigns#void#collapseAssign#?,Node,Node,Node#49	1.9961410512308715	0.0	0.9980705256154357		_
com.google.javascript.jscomp.ExploitAssigns#boolean#isCollapsibleValue#?,Node,boolean#77	1.9961410512308715	0.0	0.9980705256154357		_
com.google.javascript.jscomp.ExploitAssigns#Node#optimizeSubtree#?,Node#36	1.9961410512308715	0.0	0.9980705256154357		_
com.google.javascript.jscomp.CollapseVariableDeclarations#void#applyCollapses#?#215	0.998003992015968	0.998003992015968	0.998003992015968	!(n != collapse.endNode)	_
com.google.javascript.jscomp.CollapseVariableDeclarations#void#applyCollapses#?#222	0.998003992015968	0.998003992015968	0.998003992015968	n.hasChildren()	_
com.google.javascript.jscomp.PeepholeSubstituteAlternateSyntax#Node#tryMinimizeCondition#?,Node#1238	1.996007984031936	0.0	0.998003992015968		_
com.google.javascript.jscomp.PeepholeRemoveDeadCode#Node#tryFoldIf#?,Node#662	1.9957418496340653	0.0	0.9978709248170327		_
com.google.javascript.jscomp.PeepholeSubstituteAlternateSyntax#Node#tryMinimizeCondition#?,Node#1208	1.9956087824351298	0.0	0.9978043912175649		_
com.google.javascript.jscomp.PeepholeSubstituteAlternateSyntax#Node#tryMinimizeCondition#?,Node#1207	1.9956087824351298	0.0	0.9978043912175649		_
com.google.javascript.jscomp.PeepholeSubstituteAlternateSyntax#Node#tryMinimizeCondition#?,Node#1202	1.9956087824351298	0.0	0.9978043912175649		_
com.google.javascript.jscomp.PeepholeSubstituteAlternateSyntax#Node#tryMinimizeCondition#?,Node#1203	1.9956087824351298	0.0	0.9978043912175649		_
com.google.javascript.jscomp.PeepholeSubstituteAlternateSyntax#Node#tryMinimizeCondition#?,Node#1216	1.9956087824351298	0.0	0.9978043912175649		_
com.google.javascript.jscomp.deps.SortedDependencies#?#SortedDependencies#?,List<INPUT>#76	1.9956087824351298	0.0	0.9978043912175649		_
com.google.javascript.jscomp.deps.SortedDependencies#?#SortedDependencies#?,List<INPUT>#77	1.9956087824351298	0.0	0.9978043912175649		_
com.google.javascript.jscomp.PeepholeFoldConstants#Node#tryFoldAndOr#?,Node,Node,Node#565	1.9954757152361944	0.0	0.9977378576180972		_
com.google.javascript.jscomp.PeepholeFoldConstants#Node#tryFoldAndOr#?,Node,Node,Node#563	1.9954757152361944	0.0	0.9977378576180972		_
com.google.javascript.jscomp.PeepholeFoldConstants#Node#tryFoldAndOr#?,Node,Node,Node#569	1.9954757152361944	0.0	0.9977378576180972		_
com.google.javascript.jscomp.PeepholeFoldConstants#Node#tryFoldAndOr#?,Node,Node,Node#567	1.9954757152361944	0.0	0.9977378576180972		_
com.google.javascript.jscomp.PeepholeSubstituteAlternateSyntax#boolean#isFoldableExpressBlock#?,Node#941	1.9954757152361944	0.0	0.9977378576180972		_
com.google.javascript.jscomp.PeepholeFoldConstants#Node#tryFoldBinaryOperator#?,Node#125	1.9954757152361944	0.0	0.9977378576180972		_
com.google.javascript.rhino.Node#void#toString#?,StringBuilder,boolean,boolean,boolean#962	0.9976047904191617	0.9977378576180972	0.9976713240186295	!(first == null || first.getType() != Token.NAME)	_
com.google.javascript.jscomp.PeepholeRemoveDeadCode#Node#tryFoldIf#?,Node#622	1.995076513639388	0.0	0.997538256819694		_
com.google.javascript.jscomp.PeepholeRemoveDeadCode#Node#tryFoldIf#?,Node#621	1.995076513639388	0.0	0.997538256819694		_
com.google.javascript.jscomp.PeepholeRemoveDeadCode#Node#tryFoldIf#?,Node#620	1.995076513639388	0.0	0.997538256819694		_
com.google.javascript.jscomp.PeepholeRemoveDeadCode#Node#tryFoldIf#?,Node#618	1.995076513639388	0.0	0.997538256819694		_
com.google.javascript.jscomp.PeepholeRemoveDeadCode#Node#tryFoldIf#?,Node#619	1.995076513639388	0.0	0.997538256819694		_
com.google.javascript.jscomp.PeepholeRemoveDeadCode#Node#tryFoldIf#?,Node#616	1.995076513639388	0.0	0.997538256819694		_
com.google.javascript.jscomp.PeepholeRemoveDeadCode#Node#tryFoldIf#?,Node#617	1.995076513639388	0.0	0.997538256819694		_
com.google.javascript.jscomp.PeepholeRemoveDeadCode#Node#optimizeSubtree#?,Node#58	1.995076513639388	0.0	0.997538256819694		_
com.google.javascript.jscomp.PeepholeCollectPropertyAssignments#boolean#isPropertyAssignmentToName#?,Node#110	1.9949434464404525	0.0	0.9974717232202263		_
com.google.javascript.jscomp.PeepholeRemoveDeadCode#Node#trySimplifyUnusedResult#?,Node,boolean#202	1.994810379241517	0.0	0.9974051896207585		_
com.google.javascript.jscomp.PeepholeRemoveDeadCode#Node#trySimplifyUnusedResult#?,Node,boolean#210	1.994810379241517	0.0	0.9974051896207585		_
com.google.javascript.jscomp.PeepholeRemoveDeadCode#boolean#isExprConditional#?,Node#596	1.9946773120425816	0.0	0.9973386560212908		_
com.google.javascript.jscomp.PeepholeCollectPropertyAssignments#boolean#collectProperty#?,Node,String,Node#132	0.9952095808383233	0.9993346640053227	0.9972721224218231	!isPropertyAssignmentToName(propertyCandidate)	_
com.google.javascript.jscomp.NodeUtil#boolean#checkForStateChangeHelper#?,Node,boolean,AbstractCompiler#820	0.9969394544244844	0.9974717232202263	0.9972055888223553	!(checkForStateChangeHelper(c.getFirstChild(),checkForNewObjects,compiler))	_
com.google.javascript.jscomp.PeepholeCollectPropertyAssignments#boolean#isPropertyAssignmentToName#?,Node#116	1.9942781104457752	0.0	0.9971390552228876		_
com.google.javascript.jscomp.PeepholeCollectPropertyAssignments#boolean#isPropertyAssignmentToName#?,Node#113	1.9942781104457752	0.0	0.9971390552228876		_
com.google.javascript.rhino.Node#boolean#isNot#?#2309	1.9942781104457752	0.0	0.9971390552228876		_
com.google.javascript.jscomp.JSModuleGraph#JSModule#getDeepestCommonDependencyInclusive#?,JSModule,JSModule#187	1.9941450432468397	0.0	0.9970725216234199		_
com.google.javascript.jscomp.ProcessClosurePrimitives$ProvidedName#void#replace#?#901	1.9941450432468397	0.0	0.9970725216234199		_
com.google.javascript.jscomp.ProcessClosurePrimitives$ProvidedName#void#replace#?#900	1.9941450432468397	0.0	0.9970725216234199		_
com.google.javascript.jscomp.ProcessClosurePrimitives$ProvidedName#void#replace#?#904	1.9941450432468397	0.0	0.9970725216234199		_
com.google.javascript.jscomp.NodeUtil#boolean#checkForStateChangeHelper#?,Node,boolean,AbstractCompiler#819	0.9969394544244844	0.9969394544244844	0.9969394544244844	c != null	_
com.google.javascript.rhino.jstype.JSTypeRegistry#void#forwardDeclareType#?,String#844	1.9936127744510979	0.0	0.9968063872255489		_
com.google.javascript.jscomp.PeepholeFoldConstants#Node#tryFoldGetProp#?,Node,Node,Node#1406	1.9936127744510979	0.0	0.9968063872255489		_
com.google.javascript.jscomp.CollapseVariableDeclarations$GatherCollapses#void#visit#?,NodeTraversal,Node,Node#152	1.9936127744510979	0.0	0.9968063872255489		_
com.google.javascript.jscomp.CollapseVariableDeclarations$GatherCollapses#void#visit#?,NodeTraversal,Node,Node#154	1.9936127744510979	0.0	0.9968063872255489		_
com.google.javascript.jscomp.CollapseVariableDeclarations$GatherCollapses#void#visit#?,NodeTraversal,Node,Node#157	1.9936127744510979	0.0	0.9968063872255489		_
com.google.javascript.jscomp.CollapseVariableDeclarations$GatherCollapses#void#visit#?,NodeTraversal,Node,Node#159	1.9936127744510979	0.0	0.9968063872255489		_
com.google.javascript.jscomp.CollapseVariableDeclarations$GatherCollapses#void#visit#?,NodeTraversal,Node,Node#139	1.9936127744510979	0.0	0.9968063872255489		_
com.google.javascript.jscomp.AbstractPeepholeOptimization#boolean#areNodesEqualForInlining#?,Node,Node#74	1.9934797072521624	0.0	0.9967398536260812		_
com.google.javascript.jscomp.AbstractPeepholeOptimization#boolean#areNodesEqualForInlining#?,Node,Node#75	1.9934797072521624	0.0	0.9967398536260812		_
com.google.javascript.jscomp.RemoveUnusedVars#boolean#markReferencedVar#?,Var#777	1.993346640053227	0.0	0.9966733200266135		_
com.google.javascript.jscomp.PeepholeSubstituteAlternateSyntax#boolean#isFoldableExpressBlock#?,Node#920	1.9932135728542915	0.0	0.9966067864271457		_
com.google.javascript.jscomp.ClosureCodeRemoval$FindAbstractMethods#void#visit#?,NodeTraversal,Node,Node#142	1.9932135728542915	0.0	0.9966067864271457		_
com.google.javascript.jscomp.ClosureCodeRemoval$FindAbstractMethods#void#visit#?,NodeTraversal,Node,Node#143	1.9932135728542915	0.0	0.9966067864271457		_
com.google.javascript.jscomp.JSModule#String#getName#?#70	1.993080505655356	0.0	0.996540252827678		_
com.google.javascript.jscomp.RemoveUnusedVars#void#traverseNode#?,Node,Node,Scope#230	1.993080505655356	0.0	0.996540252827678		_
com.google.javascript.jscomp.PeepholeFoldConstants#Node#tryFoldGetProp#?,Node,Node,Node#1373	1.9929474384564205	0.0	0.9964737192282103		_
com.google.javascript.jscomp.PeepholeFoldConstants#Node#tryFoldBinaryOperator#?,Node#115	1.9929474384564205	0.0	0.9964737192282103		_
com.google.javascript.rhino.IR#Node#binaryOp#?,int,Node,Node#452	1.9926813040585496	0.0	0.9963406520292748		_
com.google.javascript.rhino.IR#Node#binaryOp#?,int,Node,Node#451	1.9926813040585496	0.0	0.9963406520292748		_
com.google.javascript.rhino.IR#Node#binaryOp#?,int,Node,Node#450	1.9926813040585496	0.0	0.9963406520292748		_
com.google.javascript.jscomp.PeepholeSubstituteAlternateSyntax#Node#tryMinimizeIf#?,Node#640	1.9925482368596141	0.0	0.9962741184298071		_
com.google.javascript.jscomp.PeepholeSubstituteAlternateSyntax#Node#tryMinimizeIf#?,Node#641	1.9925482368596141	0.0	0.9962741184298071		_
com.google.javascript.jscomp.SyntacticScopeCreator$DefaultRedeclarationHandler#void#onRedeclaration#?,Scope,String,Node,CompilerInput#209	0.9954757152361943	0.9969394544244844	0.9962075848303393	!(!allowDupe)	_
com.google.javascript.jscomp.Compiler#boolean#areNodesEqualForInlining#?,Node,Node#987	1.9922821024617432	0.0	0.9961410512308716		_
com.google.javascript.jscomp.PeepholeSubstituteAlternateSyntax#Node#optimizeSubtree#?,Node#107	1.9922821024617432	0.0	0.9961410512308716		_
com.google.javascript.jscomp.PeepholeSubstituteAlternateSyntax#Node#optimizeSubtree#?,Node#108	1.9922821024617432	0.0	0.9961410512308716		_
com.google.javascript.jscomp.PeepholeSubstituteAlternateSyntax#Node#tryMinimizeIf#?,Node#631	1.9922821024617432	0.0	0.9961410512308716		_
com.google.javascript.jscomp.PeepholeSubstituteAlternateSyntax#Node#tryMinimizeIf#?,Node#629	1.9922821024617432	0.0	0.9961410512308716		_
com.google.javascript.jscomp.PeepholeRemoveDeadCode#Node#tryFoldAssignment#?,Node#130	1.9921490352628077	0.0	0.9960745176314039		_
com.google.javascript.jscomp.PeepholeRemoveDeadCode#Node#tryFoldAssignment#?,Node#121	1.9920159680638723	0.0	0.9960079840319361		_
com.google.javascript.jscomp.PeepholeRemoveDeadCode#Node#tryFoldAssignment#?,Node#120	1.9920159680638723	0.0	0.9960079840319361		_
com.google.javascript.jscomp.PeepholeRemoveDeadCode#Node#tryFoldAssignment#?,Node#119	1.9920159680638723	0.0	0.9960079840319361		_
com.google.javascript.jscomp.PeepholeCollectPropertyAssignments#Node#getValue#?,Node#94	0.9948103792415169	0.9972055888223553	0.9960079840319361	n.isVar()	_
com.google.javascript.jscomp.PeepholeRemoveDeadCode#Node#optimizeSubtree#?,Node#44	1.9920159680638723	0.0	0.9960079840319361		_
com.google.javascript.jscomp.PeepholeCollectPropertyAssignments#boolean#collectProperty#?,Node,String,Node#149	0.9960079840319361	0.9960079840319361	0.9960079840319361	!(!NodeUtil.isLiteralValue(rhs,true) && mightContainForwardReference(rhs,name))	_
com.google.javascript.jscomp.PeepholeCollectPropertyAssignments#Node#optimizeSubtree#?,Node#71	0.9952095808383233	0.9968063872255489	0.9960079840319361	!collectProperty(propertyCandidate,name.getString(),value)	_
com.google.javascript.jscomp.PeepholeCollectPropertyAssignments#Node#getName#?,Node#85	0.9946773120425815	0.9972055888223553	0.9959414504324684	n.isVar()	_
com.google.javascript.jscomp.RemoveUnusedVars#void#traverseNode#?,Node,Node,Scope#286	1.9917498336660013	0.0	0.9958749168330007		_
com.google.javascript.jscomp.ReferenceCollectingCallback#boolean#isBlockBoundary#?,Node,Node#231	1.9917498336660013	0.0	0.9958749168330007		_
com.google.javascript.jscomp.RemoveUnusedVars#void#traverseNode#?,Node,Node,Scope#217	1.9916167664670659	0.0	0.9958083832335329		_
com.google.javascript.jscomp.RemoveUnusedVars#void#traverseNode#?,Node,Node,Scope#218	1.9916167664670659	0.0	0.9958083832335329		_
com.google.javascript.jscomp.RemoveUnusedVars#boolean#isRemovableVar#?,Var#301	1.9912175648702595	0.0	0.9956087824351297		_
com.google.javascript.jscomp.PeepholeCollectPropertyAssignments#boolean#collectProperty#?,Node,String,Node#144	0.9952095808383233	0.9960079840319361	0.9956087824351297	!(NodeUtil.mayHaveSideEffects(rhs) || NodeUtil.canBeSideEffected(rhs))	_
com.google.javascript.jscomp.PeepholeFoldConstants#Node#tryFoldAssign#?,Node,Node,Node#462	1.9909514304723885	0.0	0.9954757152361943		_
com.google.javascript.jscomp.SyntacticScopeCreator$DefaultRedeclarationHandler#void#onRedeclaration#?,Scope,String,Node,CompilerInput#201	0.9953426480372588	0.9954757152361943	0.9954091816367265	!(origParent.isCatch() && parent.isCatch())	_
com.google.javascript.jscomp.CommandLineRunner#?#CommandLineRunner#?,String[]#569	1.9906852960745176	0.0	0.9953426480372588		_
com.google.javascript.jscomp.CommandLineRunner#?#CommandLineRunner#?,String[]#568	1.9906852960745176	0.0	0.9953426480372588		_
com.google.javascript.jscomp.AbstractCommandLineRunner#?#AbstractCommandLineRunner#?#133	1.9906852960745176	0.0	0.9953426480372588		_
com.google.javascript.jscomp.RemoveUnusedVars$Assign#?#Assign#?,Node,Node,boolean#909	1.9905522288755821	0.0	0.9952761144377911		_
com.google.javascript.jscomp.RemoveUnusedVars$Assign#?#Assign#?,Node,Node,boolean#908	1.9905522288755821	0.0	0.9952761144377911		_
com.google.javascript.jscomp.RemoveUnusedVars$Assign#?#Assign#?,Node,Node,boolean#905	1.9905522288755821	0.0	0.9952761144377911		_
com.google.javascript.jscomp.RemoveUnusedVars$Assign#?#Assign#?,Node,Node,boolean#906	1.9905522288755821	0.0	0.9952761144377911		_
com.google.javascript.jscomp.RemoveUnusedVars$Assign#?#Assign#?,Node,Node,boolean#903	1.9905522288755821	0.0	0.9952761144377911		_
com.google.javascript.jscomp.RemoveUnusedVars$Assign#?#Assign#?,Node,Node,boolean#904	1.9905522288755821	0.0	0.9952761144377911		_
com.google.javascript.jscomp.RemoveUnusedVars#void#traverseNode#?,Node,Node,Scope#215	1.9905522288755821	0.0	0.9952761144377911		_
com.google.javascript.jscomp.RemoveUnusedVars$Assign#Assign#maybeCreateAssign#?,Node#942	1.9905522288755821	0.0	0.9952761144377911		_
com.google.javascript.jscomp.PeepholeFoldConstants#Node#tryFoldAssign#?,Node,Node,Node#459	1.9904191616766467	0.0	0.9952095808383233		_
com.google.javascript.jscomp.PeepholeRemoveDeadCode#boolean#isSimpleAssignment#?,Node#548	1.9904191616766467	0.0	0.9952095808383233		_
com.google.javascript.jscomp.PeepholeFoldConstants#Node#tryFoldBinaryOperator#?,Node#133	1.9904191616766467	0.0	0.9952095808383233		_
com.google.javascript.jscomp.PeepholeCollectPropertyAssignments#boolean#collectProperty#?,Node,String,Node#138	0.9952095808383233	0.9952095808383233	0.9952095808383233	!(!name.equals(lhs.getFirstChild().getString()))	_
com.google.javascript.jscomp.PeepholeCollectPropertyAssignments#Node#optimizeSubtree#?,Node#68	0.9952095808383233	0.9952095808383233	0.9952095808383233	(propertyCandidate=child.getNext()) != null	_
com.google.javascript.jscomp.InlineVariables#Predicate<Var>#getFilterForMode#?#94	1.9902860944777112	0.0	0.9951430472388556		_
com.google.javascript.jscomp.InlineVariables$IdentifyLocals#boolean#apply#?,Var#123	1.9902860944777112	0.0	0.9951430472388556		_
com.google.javascript.jscomp.AbstractCommandLineRunner#void#outputSourceMap#?,B,String#1172	1.9900199600798403	0.0	0.9950099800399201		_
com.google.javascript.jscomp.PeepholeCollectPropertyAssignments#Node#optimizeSubtree#?,Node#62	0.9948103792415169	0.9952095808383233	0.9950099800399201	!(value == null || !isInterestingValue(value))	_
com.google.javascript.jscomp.AbstractCommandLineRunner#int#processResults#?,Result,List<JSModule>,B#805	1.9898868928809048	0.0	0.9949434464404524		_
com.google.javascript.jscomp.AbstractCommandLineRunner#int#processResults#?,Result,List<JSModule>,B#810	1.9898868928809048	0.0	0.9949434464404524		_
com.google.javascript.jscomp.CommandLineRunner#List<String>#processArgs#?,String[]#612	1.9898868928809048	0.0	0.9949434464404524		_
com.google.javascript.jscomp.CommandLineRunner#List<String>#processArgs#?,String[]#615	1.9898868928809048	0.0	0.9949434464404524		_
com.google.javascript.jscomp.CommandLineRunner#List<String>#processArgs#?,String[]#614	1.9898868928809048	0.0	0.9949434464404524		_
com.google.javascript.jscomp.CommandLineRunner#List<String>#processArgs#?,String[]#619	1.9898868928809048	0.0	0.9949434464404524		_
com.google.javascript.jscomp.RemoveUnusedVars#void#traverseNode#?,Node,Node,Scope#211	1.9897538256819693	0.0	0.9948769128409847		_
com.google.javascript.jscomp.RemoveUnusedVars$Assign#Assign#maybeCreateAssign#?,Node#920	1.9897538256819693	0.0	0.9948769128409847		_
com.google.javascript.jscomp.RemoveUnusedVars$Assign#Assign#maybeCreateAssign#?,Node#927	1.9897538256819693	0.0	0.9948769128409847		_
com.google.javascript.jscomp.RemoveUnusedVars$Assign#Assign#maybeCreateAssign#?,Node#928	1.9897538256819693	0.0	0.9948769128409847		_
com.google.javascript.jscomp.ReferenceCollectingCallback#boolean#shouldTraverse#?,NodeTraversal,Node,Node#199	1.9894876912840984	0.0	0.9947438456420492		_
com.google.javascript.jscomp.ReferenceCollectingCallback#void#visit#?,NodeTraversal,Node,Node#162	1.9894876912840984	0.0	0.9947438456420492		_
com.google.javascript.jscomp.PeepholeCollectPropertyAssignments#Node#optimizeSubtree#?,Node#57	0.9946773120425815	0.9948103792415169	0.9947438456420492	!(!name.isName())	_
com.google.javascript.jscomp.PeepholeCollectPropertyAssignments#boolean#isPropertyAssignmentToName#?,Node#123	0.9946773120425815	0.9946773120425815	0.9946773120425815	!(!obj.isName())	_
com.google.javascript.jscomp.DefaultPassConfig#List<PassFactory>#getMainOptimizationLoop#?#701	1.989354624085163	0.0	0.9946773120425815		_
com.google.javascript.rhino.Node#Node#removeChildAfter#?,Node#1678	0.9942781104457751	0.9950765136393879	0.9946773120425815	!(child == last)	_
com.google.javascript.jscomp.AbstractCommandLineRunner#int#processResults#?,Result,List<JSModule>,B#865	1.9892215568862275	0.0	0.9946107784431137		_
com.google.javascript.jscomp.AbstractCommandLineRunner#int#processResults#?,Result,List<JSModule>,B#868	1.9892215568862275	0.0	0.9946107784431137		_
com.google.javascript.jscomp.AbstractCommandLineRunner#int#processResults#?,Result,List<JSModule>,B#869	1.9892215568862275	0.0	0.9946107784431137		_
com.google.javascript.jscomp.AbstractCommandLineRunner#void#outputNameMaps#?,B#1223	1.9892215568862275	0.0	0.9946107784431137		_
com.google.javascript.jscomp.AbstractCommandLineRunner#void#outputNameMaps#?,B#1224	1.9892215568862275	0.0	0.9946107784431137		_
com.google.javascript.jscomp.AbstractCommandLineRunner#void#outputNameMaps#?,B#1225	1.9892215568862275	0.0	0.9946107784431137		_
com.google.javascript.jscomp.AbstractCommandLineRunner#void#outputManifestOrBundle#?,List<String>,boolean#1374	1.9892215568862275	0.0	0.9946107784431137		_
com.google.javascript.jscomp.AbstractCommandLineRunner#void#outputBundle#?#1364	1.9892215568862275	0.0	0.9946107784431137		_
com.google.javascript.jscomp.AbstractCommandLineRunner#void#outputManifest#?#1360	1.9892215568862275	0.0	0.9946107784431137		_
com.google.javascript.jscomp.AbstractCommandLineRunner#void#writeOutput#?,Appendable,Compiler,String,String,String#653	1.9892215568862275	0.0	0.9946107784431137		_
com.google.javascript.jscomp.AbstractCommandLineRunner#void#writeOutput#?,Appendable,Compiler,String,String,String#680	1.9892215568862275	0.0	0.9946107784431137		_
com.google.javascript.jscomp.AbstractCommandLineRunner#void#writeOutput#?,Appendable,Compiler,String,String,String#679	1.9892215568862275	0.0	0.9946107784431137		_
com.google.javascript.jscomp.GlobalNamespace$BuildGlobalNamespace#void#collect#?,NodeTraversal,Node,Node#354	1.9892215568862275	0.0	0.9946107784431137		_
com.google.javascript.jscomp.GlobalNamespace$BuildGlobalNamespace#void#collect#?,NodeTraversal,Node,Node#355	1.9892215568862275	0.0	0.9946107784431137		_
com.google.javascript.jscomp.ProcessClosurePrimitives#void#registerAnyProvidedPrefixes#?,String,Node,JSModule#781	1.9889554224883566	0.0	0.9944777112441783		_
com.google.javascript.jscomp.ProcessClosurePrimitives$ProvidedName#void#addProvide#?,Node,JSModule,boolean#841	1.9889554224883566	0.0	0.9944777112441783		_
com.google.javascript.jscomp.ProcessClosurePrimitives$ProvidedName#void#addProvide#?,Node,JSModule,boolean#842	1.9889554224883566	0.0	0.9944777112441783		_
com.google.javascript.jscomp.ProcessClosurePrimitives$ProvidedName#void#addProvide#?,Node,JSModule,boolean#840	1.9889554224883566	0.0	0.9944777112441783		_
com.google.javascript.jscomp.ProcessClosurePrimitives$ProvidedName#void#addProvide#?,Node,JSModule,boolean#843	1.9889554224883566	0.0	0.9944777112441783		_
com.google.javascript.jscomp.ProcessClosurePrimitives#boolean#verifyProvide#?,NodeTraversal,Node,Node#703	1.9889554224883566	0.0	0.9944777112441783		_
com.google.javascript.jscomp.ProcessClosurePrimitives#void#processProvideCall#?,NodeTraversal,Node,Node#334	1.9889554224883566	0.0	0.9944777112441783		_
com.google.javascript.jscomp.ProcessClosurePrimitives#void#processProvideCall#?,NodeTraversal,Node,Node#335	1.9889554224883566	0.0	0.9944777112441783		_
com.google.javascript.jscomp.ProcessClosurePrimitives#void#processProvideCall#?,NodeTraversal,Node,Node#323	1.9889554224883566	0.0	0.9944777112441783		_
com.google.javascript.jscomp.ProcessClosurePrimitives#void#processProvideCall#?,NodeTraversal,Node,Node#322	1.9889554224883566	0.0	0.9944777112441783		_
com.google.javascript.jscomp.ProcessClosurePrimitives#void#processProvideCall#?,NodeTraversal,Node,Node#320	1.9889554224883566	0.0	0.9944777112441783		_
com.google.javascript.jscomp.ProcessClosurePrimitives#boolean#verifyProvide#?,NodeTraversal,Node,Node#697	1.988822355289421	0.0	0.9944111776447105		_
com.google.javascript.jscomp.ProcessClosurePrimitives#void#visit#?,NodeTraversal,Node,Node#197	1.988822355289421	0.0	0.9944111776447105		_
com.google.javascript.jscomp.ProcessClosurePrimitives#void#maybeAddStringNodeToSymbolTable#?,Node#1099	1.988822355289421	0.0	0.9944111776447105		_
com.google.javascript.jscomp.ProcessClosurePrimitives#void#processProvideCall#?,NodeTraversal,Node,Node#317	1.988822355289421	0.0	0.9944111776447105		_
com.google.javascript.jscomp.ProcessClosurePrimitives#void#processProvideCall#?,NodeTraversal,Node,Node#318	1.988822355289421	0.0	0.9944111776447105		_
com.google.javascript.jscomp.NodeUtil#boolean#isExpressionResultUsed#?,Node#3095	1.9886892880904856	0.0	0.9943446440452428		_
com.google.javascript.jscomp.NodeUtil#boolean#checkForStateChangeHelper#?,Node,boolean,AbstractCompiler#877	1.9886892880904856	0.0	0.9943446440452428		_
com.google.javascript.jscomp.CompilerOptions#void#setInlineFunctions#?,Reach#1158	1.9885562208915502	0.0	0.9942781104457751		_
com.google.javascript.jscomp.CompilerOptions#void#setInlineFunctions#?,Reach#1157	1.9885562208915502	0.0	0.9942781104457751		_
com.google.javascript.jscomp.CompilerOptions#void#setInlineFunctions#?,Reach#1156	1.9885562208915502	0.0	0.9942781104457751		_
com.google.javascript.jscomp.RemoveUnusedVars$Assign#Assign#maybeCreateAssign#?,Node#933	0.9941450432468396	0.9944111776447105	0.9942781104457751	!(current.isGetProp() && current.getLastChild().getString().equals("prototype"))	_
com.google.javascript.jscomp.ProcessClosurePrimitives#boolean#verifyArgument#?,NodeTraversal,Node,Node,int#738	1.9884231536926147	0.0	0.9942115768463073		_
com.google.javascript.jscomp.CompilerOptions#void#setRemoveUnusedVariables#?,Reach#1217	1.9884231536926147	0.0	0.9942115768463073		_
com.google.javascript.jscomp.CompilerOptions#void#setRemoveUnusedVariables#?,Reach#1216	1.9884231536926147	0.0	0.9942115768463073		_
com.google.javascript.jscomp.CompilerOptions#void#setRemoveUnusedVariables#?,Reach#1215	1.9884231536926147	0.0	0.9942115768463073		_
com.google.javascript.jscomp.SyntacticScopeCreator$DefaultRedeclarationHandler#void#onRedeclaration#?,Scope,String,Node,CompilerInput#198	0.993080505655356	0.9953426480372588	0.9942115768463073	scope.isGlobal()	_
com.google.javascript.jscomp.CompilerOptions#void#setInlineVariables#?,Reach#1179	1.9884231536926147	0.0	0.9942115768463073		_
com.google.javascript.jscomp.CompilerOptions#void#setInlineVariables#?,Reach#1178	1.9884231536926147	0.0	0.9942115768463073		_
com.google.javascript.jscomp.CompilerOptions#void#setInlineVariables#?,Reach#1180	1.9884231536926147	0.0	0.9942115768463073		_
com.google.javascript.jscomp.ProcessClosurePrimitives#boolean#verifyArgument#?,NodeTraversal,Node,Node,int#724	1.9882900864936792	0.0	0.9941450432468396		_
com.google.javascript.jscomp.ProcessClosurePrimitives#boolean#verifyArgument#?,NodeTraversal,Node,Node#713	1.9882900864936792	0.0	0.9941450432468396		_
com.google.javascript.jscomp.RenameVars$ProcessVars#void#visit#?,NodeTraversal,Node,Node#236	1.9881570192947438	0.0	0.9940785096473719		_
com.google.javascript.jscomp.RenameVars$ProcessVars#void#visit#?,NodeTraversal,Node,Node#235	1.9881570192947438	0.0	0.9940785096473719		_
com.google.javascript.jscomp.DefaultPassConfig#List<PassFactory>#getOptimizations#?#514	1.9880239520958083	0.0	0.9940119760479041		_
com.google.javascript.jscomp.parsing.IRFactory$TransformDispatcher#Node#processObjectLiteral#?,ObjectLiteral#816	0.9938789088489687	0.9941450432468396	0.9940119760479041	!(el.isSetter())	_
com.google.javascript.jscomp.DefaultPassConfig#List<PassFactory>#getOptimizations#?#607	1.9880239520958083	0.0	0.9940119760479041		_
com.google.javascript.jscomp.AbstractCommandLineRunner#int#doRun#?#739	1.9880239520958083	0.0	0.9940119760479041		_
com.google.javascript.jscomp.AbstractCommandLineRunner#List<SourceFile>#createSourceInputs#?,List<String>#448	1.9880239520958083	0.0	0.9940119760479041		_
com.google.javascript.jscomp.PeepholeRemoveDeadCode#boolean#isConditionalStatement#?,Node#581	1.9880239520958083	0.0	0.9940119760479041		_
com.google.javascript.jscomp.DefaultPassConfig#List<PassFactory>#getOptimizations#?#360	1.9878908848968728	0.0	0.9939454424484364		_
com.google.javascript.jscomp.DefaultPassConfig#List<PassFactory>#getOptimizations#?#571	1.9878908848968728	0.0	0.9939454424484364		_
com.google.javascript.jscomp.DefaultPassConfig#List<PassFactory>#getOptimizations#?#509	1.9878908848968728	0.0	0.9939454424484364		_
com.google.javascript.jscomp.CompilerOptions#boolean#assumeStrictThis#?#1466	1.9878908848968728	0.0	0.9939454424484364		_
com.google.javascript.jscomp.DefaultPassConfig#List<PassFactory>#getOptimizations#?#612	1.9878908848968728	0.0	0.9939454424484364		_
com.google.javascript.jscomp.DefaultPassConfig#List<PassFactory>#getOptimizations#?#613	1.9878908848968728	0.0	0.9939454424484364		_
com.google.javascript.jscomp.DefaultPassConfig#List<PassFactory>#getOptimizations#?#644	1.9878908848968728	0.0	0.9939454424484364		_
com.google.javascript.jscomp.DefaultPassConfig#List<PassFactory>#getMainOptimizationLoop#?#685	1.9878908848968728	0.0	0.9939454424484364		_
com.google.javascript.jscomp.AbstractCommandLineRunner#int#doRun#?#735	1.9878908848968728	0.0	0.9939454424484364		_
com.google.javascript.jscomp.OptimizeArgumentsArray#?#OptimizeArgumentsArray#?,AbstractCompiler#76	1.9878908848968728	0.0	0.9939454424484364		_
com.google.javascript.jscomp.CoalesceVariableNames#void#process#?,Node,Node#88	1.9877578176979374	0.0	0.9938789088489687		_
com.google.javascript.jscomp.DeadAssignmentsElimination#void#process#?,Node,Node#65	1.9877578176979374	0.0	0.9938789088489687		_
com.google.javascript.jscomp.DeadAssignmentsElimination#void#process#?,Node,Node#66	1.9877578176979374	0.0	0.9938789088489687		_
com.google.javascript.jscomp.DeadAssignmentsElimination#void#process#?,Node,Node#67	1.9877578176979374	0.0	0.9938789088489687		_
com.google.javascript.jscomp.DefaultPassConfig#List<PassFactory>#getOptimizations#?#601	1.9877578176979374	0.0	0.9938789088489687		_
com.google.javascript.jscomp.AbstractCommandLineRunner#void#setRunOptions#?,CompilerOptions#300	1.9877578176979374	0.0	0.9938789088489687		_
com.google.javascript.jscomp.DefaultPassConfig#List<PassFactory>#getMainOptimizationLoop#?#698	1.9877578176979374	0.0	0.9938789088489687		_
com.google.javascript.jscomp.NodeUtil#TernaryValue#getImpureBooleanValue#?,Node#114	1.9877578176979374	0.0	0.9938789088489687		_
com.google.javascript.jscomp.DefaultPassConfig#List<PassFactory>#getCodeRemovingPasses#?#715	1.9877578176979374	0.0	0.9938789088489687		_
com.google.javascript.jscomp.AbstractCommandLineRunner#Writer#streamToLegacyOutputWriter#?,OutputStream#1145	1.987624750499002	0.0	0.993812375249501		_
com.google.javascript.jscomp.AbstractCommandLineRunner#int#doRun#?#722	1.987624750499002	0.0	0.993812375249501		_
com.google.javascript.jscomp.NodeUtil#TernaryValue#getImpureBooleanValue#?,Node#77	1.987624750499002	0.0	0.993812375249501		_
com.google.javascript.jscomp.AbstractCommandLineRunner#int#processResults#?,Result,List<JSModule>,B#796	1.9874916833000664	0.0	0.9937458416500332		_
com.google.javascript.jscomp.RenameLabels#?#RenameLabels#?,AbstractCompiler#77	1.9874916833000664	0.0	0.9937458416500332		_
com.google.javascript.jscomp.AbstractCommandLineRunner#Map<String,String>#constructRootRelativePathsMap#?#1502	1.9874916833000664	0.0	0.9937458416500332		_
com.google.javascript.jscomp.AbstractCommandLineRunner#Map<String,String>#constructRootRelativePathsMap#?#1511	1.9874916833000664	0.0	0.9937458416500332		_
com.google.javascript.jscomp.RenameVars#?#RenameVars#?,AbstractCompiler,String,boolean,boolean,boolean,boolean,VariableMap,char[],Set<String>#158	1.9874916833000664	0.0	0.9937458416500332		_
com.google.javascript.jscomp.GlobalNamespace$BuildGlobalNamespace#void#collect#?,NodeTraversal,Node,Node#357	1.9874916833000664	0.0	0.9937458416500332		_
com.google.javascript.jscomp.DefaultPassConfig#List<PassFactory>#getCodeRemovingPasses#?#731	1.9874916833000664	0.0	0.9937458416500332		_
com.google.javascript.jscomp.ConvertToDottedProperties#?#ConvertToDottedProperties#?,AbstractCompiler#36	1.9873586161011312	0.0	0.9936793080505656		_
com.google.javascript.jscomp.CombinedCompilerPass#void#traverse#?,AbstractCompiler,Node,List<Callback>#76	1.9873586161011312	0.0	0.9936793080505656		_
com.google.javascript.jscomp.AbstractCommandLineRunner$RunTimeStats#void#recordStartRun#?#1524	1.9873586161011312	0.0	0.9936793080505656		_
com.google.javascript.jscomp.AbstractCommandLineRunner$RunTimeStats#void#recordStartRun#?#1525	1.9873586161011312	0.0	0.9936793080505656		_
com.google.javascript.jscomp.AbstractCommandLineRunner#A#getCompiler#?#334	1.9873586161011312	0.0	0.9936793080505656		_
com.google.javascript.jscomp.ConvertToDottedProperties#void#visit#?,NodeTraversal,Node,Node#46	1.9873586161011312	0.0	0.9936793080505656		_
com.google.javascript.jscomp.PhaseOptimizer#List<List<String>>#getLoopsRun#?#103	1.9873586161011312	0.0	0.9936793080505656		_
com.google.javascript.jscomp.AbstractCommandLineRunner#int#doRun#?#748	1.9873586161011312	0.0	0.9936793080505656		_
com.google.javascript.jscomp.AbstractCommandLineRunner#int#doRun#?#743	1.9873586161011312	0.0	0.9936793080505656		_
com.google.javascript.jscomp.AbstractCommandLineRunner#void#enableTestMode#?,Supplier<List<SourceFile>>,Supplier<List<SourceFile>>,Supplier<List<JSModule>>,Function<Integer,Boolean>#158	1.9873586161011312	0.0	0.9936793080505656		_
com.google.javascript.jscomp.AbstractCommandLineRunner#void#enableTestMode#?,Supplier<List<SourceFile>>,Supplier<List<SourceFile>>,Supplier<List<JSModule>>,Function<Integer,Boolean>#160	1.9873586161011312	0.0	0.9936793080505656		_
com.google.javascript.jscomp.AbstractCommandLineRunner#void#enableTestMode#?,Supplier<List<SourceFile>>,Supplier<List<SourceFile>>,Supplier<List<JSModule>>,Function<Integer,Boolean>#161	1.9873586161011312	0.0	0.9936793080505656		_
com.google.javascript.jscomp.AbstractCommandLineRunner#void#enableTestMode#?,Supplier<List<SourceFile>>,Supplier<List<SourceFile>>,Supplier<List<JSModule>>,Function<Integer,Boolean>#162	1.9873586161011312	0.0	0.9936793080505656		_
com.google.javascript.jscomp.AbstractCommandLineRunner#void#enableTestMode#?,Supplier<List<SourceFile>>,Supplier<List<SourceFile>>,Supplier<List<JSModule>>,Function<Integer,Boolean>#163	1.9873586161011312	0.0	0.9936793080505656		_
com.google.javascript.jscomp.AbstractCommandLineRunner#void#enableTestMode#?,Supplier<List<SourceFile>>,Supplier<List<SourceFile>>,Supplier<List<JSModule>>,Function<Integer,Boolean>#164	1.9873586161011312	0.0	0.9936793080505656		_
com.google.javascript.jscomp.AbstractCommandLineRunner$RunTimeStats#void#recordEndRun#?#1532	1.9873586161011312	0.0	0.9936793080505656		_
com.google.javascript.jscomp.AbstractCommandLineRunner$RunTimeStats#void#recordEndRun#?#1533	1.9873586161011312	0.0	0.9936793080505656		_
com.google.javascript.jscomp.AbstractCommandLineRunner$RunTimeStats#void#recordEndRun#?#1536	1.9873586161011312	0.0	0.9936793080505656		_
com.google.javascript.jscomp.NodeUtil#boolean#isExpressionResultUsed#?,Node#3093	1.9873586161011312	0.0	0.9936793080505656		_
com.google.javascript.jscomp.NodeUtil#boolean#isExpressionResultUsed#?,Node#3092	1.9873586161011312	0.0	0.9936793080505656		_
com.google.javascript.jscomp.PhaseOptimizer#void#clearLoopsRun#?#110	1.9873586161011312	0.0	0.9936793080505656		_
com.google.javascript.jscomp.ConvertToDottedProperties#void#process#?,Node,Node#41	1.9873586161011312	0.0	0.9936793080505656		_
com.google.javascript.jscomp.AbstractCommandLineRunner#void#run#?#368	1.9873586161011312	0.0	0.9936793080505656		_
com.google.javascript.jscomp.AbstractCommandLineRunner#void#run#?#375	1.9873586161011312	0.0	0.9936793080505656		_
com.google.javascript.jscomp.AbstractCommandLineRunner#void#run#?#343	1.9873586161011312	0.0	0.9936793080505656		_
com.google.javascript.jscomp.AbstractCommandLineRunner#void#run#?#342	1.9873586161011312	0.0	0.9936793080505656		_
com.google.javascript.jscomp.AbstractCommandLineRunner#void#run#?#350	1.9873586161011312	0.0	0.9936793080505656		_
com.google.javascript.jscomp.AbstractCommandLineRunner#void#run#?#352	1.9873586161011312	0.0	0.9936793080505656		_
com.google.javascript.jscomp.parsing.IRFactory$TransformDispatcher#Node#processObjectLiteral#?,ObjectLiteral#813	0.9934797072521624	0.9938789088489687	0.9936793080505655	!(el.isGetter())	_
com.google.javascript.jscomp.CollapseVariableDeclarations$GatherCollapses#boolean#canBeRedeclared#?,Node,Scope#192	1.9872255489021957	0.0	0.9936127744510979		_
com.google.javascript.jscomp.PrintStreamErrorManager#?#PrintStreamErrorManager#?,MessageFormatter,PrintStream#46	1.9872255489021957	0.0	0.9936127744510979		_
com.google.javascript.jscomp.PrintStreamErrorManager#?#PrintStreamErrorManager#?,MessageFormatter,PrintStream#45	1.9872255489021957	0.0	0.9936127744510979		_
com.google.javascript.jscomp.CollapseVariableDeclarations#void#process#?,Node,Node#111	1.9872255489021957	0.0	0.9936127744510979		_
com.google.javascript.jscomp.CollapseVariableDeclarations#void#process#?,Node,Node#110	1.9872255489021957	0.0	0.9936127744510979		_
com.google.javascript.jscomp.CollapseVariableDeclarations#void#process#?,Node,Node#113	1.9872255489021957	0.0	0.9936127744510979		_
com.google.javascript.jscomp.CollapseVariableDeclarations#?#CollapseVariableDeclarations#?,AbstractCompiler#104	1.9872255489021957	0.0	0.9936127744510979		_
com.google.javascript.jscomp.CollapseVariableDeclarations#?#CollapseVariableDeclarations#?,AbstractCompiler#105	1.9872255489021957	0.0	0.9936127744510979		_
com.google.javascript.jscomp.DefaultPassConfig#List<PassFactory>#getOptimizations#?#631	1.9872255489021957	0.0	0.9936127744510979		_
com.google.javascript.jscomp.AbstractCommandLineRunner#void#setRunOptions#?,CompilerOptions#330	1.9872255489021957	0.0	0.9936127744510979		_
com.google.javascript.jscomp.AbstractCommandLineRunner#void#setRunOptions#?,CompilerOptions#329	1.9872255489021957	0.0	0.9936127744510979		_
com.google.javascript.jscomp.AbstractCommandLineRunner#void#setRunOptions#?,CompilerOptions#328	1.9872255489021957	0.0	0.9936127744510979		_
com.google.javascript.jscomp.AbstractCommandLineRunner#void#setRunOptions#?,CompilerOptions#327	1.9872255489021957	0.0	0.9936127744510979		_
com.google.javascript.jscomp.AbstractCommandLineRunner#void#setRunOptions#?,CompilerOptions#278	1.9872255489021957	0.0	0.9936127744510979		_
com.google.javascript.jscomp.AbstractCommandLineRunner#void#setRunOptions#?,CompilerOptions#279	1.9872255489021957	0.0	0.9936127744510979		_
com.google.javascript.jscomp.AbstractCommandLineRunner#void#setRunOptions#?,CompilerOptions#256	1.9872255489021957	0.0	0.9936127744510979		_
com.google.javascript.jscomp.AbstractCommandLineRunner#void#setRunOptions#?,CompilerOptions#255	1.9872255489021957	0.0	0.9936127744510979		_
com.google.javascript.jscomp.AbstractCommandLineRunner#void#setRunOptions#?,CompilerOptions#254	1.9872255489021957	0.0	0.9936127744510979		_
com.google.javascript.jscomp.AbstractCommandLineRunner#void#setRunOptions#?,CompilerOptions#252	1.9872255489021957	0.0	0.9936127744510979		_
com.google.javascript.jscomp.AbstractCommandLineRunner#void#setRunOptions#?,CompilerOptions#251	1.9872255489021957	0.0	0.9936127744510979		_
com.google.javascript.jscomp.AbstractCommandLineRunner#void#setRunOptions#?,CompilerOptions#250	1.9872255489021957	0.0	0.9936127744510979		_
com.google.javascript.jscomp.CommandLineRunner#List<String>#processArgs#?,String[]#622	1.9872255489021957	0.0	0.9936127744510979		_
com.google.javascript.jscomp.CommandLineRunner#boolean#shouldRunCompiler#?#908	1.9872255489021957	0.0	0.9936127744510979		_
com.google.javascript.jscomp.DefaultPassConfig#VariableMap#runVariableRenaming#?,AbstractCompiler,VariableMap,Node,Node#2092	1.9872255489021957	0.0	0.9936127744510979		_
com.google.javascript.jscomp.DefaultPassConfig#VariableMap#runVariableRenaming#?,AbstractCompiler,VariableMap,Node,Node#2094	1.9872255489021957	0.0	0.9936127744510979		_
com.google.javascript.jscomp.DefaultPassConfig#VariableMap#runVariableRenaming#?,AbstractCompiler,VariableMap,Node,Node#2096	1.9872255489021957	0.0	0.9936127744510979		_
com.google.javascript.jscomp.AbstractCommandLineRunner#int#doRun#?#726	1.9872255489021957	0.0	0.9936127744510979		_
com.google.javascript.jscomp.AbstractCommandLineRunner#int#doRun#?#725	1.9872255489021957	0.0	0.9936127744510979		_
com.google.javascript.jscomp.AbstractCommandLineRunner#int#doRun#?#718	1.9872255489021957	0.0	0.9936127744510979		_
com.google.javascript.jscomp.AbstractCommandLineRunner#String#getLegacyOutputCharset#?#998	1.9872255489021957	0.0	0.9936127744510979		_
com.google.javascript.jscomp.ShadowVariables$GatherReferenceInfo#void#visit#?,NodeTraversal,Node,Node#141	1.9872255489021957	0.0	0.9936127744510979		_
com.google.javascript.jscomp.DefaultPassConfig#VariableMap#runVariableRenaming#?,AbstractCompiler,VariableMap,Node,Node#2107	1.9872255489021957	0.0	0.9936127744510979		_
com.google.javascript.jscomp.DefaultPassConfig#VariableMap#runVariableRenaming#?,AbstractCompiler,VariableMap,Node,Node#2106	1.9872255489021957	0.0	0.9936127744510979		_
com.google.javascript.jscomp.DefaultPassConfig#List<PassFactory>#getCodeRemovingPasses#?#719	1.9872255489021957	0.0	0.9936127744510979		_
com.google.javascript.jscomp.Compiler#void#initOptions#?,CompilerOptions#249	1.9872255489021957	0.0	0.9936127744510979		_
com.google.javascript.jscomp.Compiler#void#initOptions#?,CompilerOptions#252	1.9872255489021957	0.0	0.9936127744510979		_
com.google.javascript.jscomp.Compiler#void#initOptions#?,CompilerOptions#251	1.9872255489021957	0.0	0.9936127744510979		_
com.google.javascript.jscomp.AbstractCommandLineRunner#Charset#getOutputCharset2#?#1013	1.9872255489021957	0.0	0.9936127744510979		_
com.google.javascript.jscomp.AbstractCommandLineRunner#Charset#getInputCharset#?#975	1.9872255489021957	0.0	0.9936127744510979		_
com.google.javascript.jscomp.AbstractCommandLineRunner$CommandLineConfig#CommandLineConfig#setProcessCommonJSModules#?,boolean#2011	1.9870924817032602	0.0	0.9935462408516301		_
com.google.javascript.jscomp.AbstractCommandLineRunner$CommandLineConfig#CommandLineConfig#setProcessCommonJSModules#?,boolean#2010	1.9870924817032602	0.0	0.9935462408516301		_
com.google.javascript.jscomp.AbstractCommandLineRunner$CommandLineConfig#CommandLineConfig#setManageClosureDependencies#?,boolean#1895	1.9870924817032602	0.0	0.9935462408516301		_
com.google.javascript.jscomp.AbstractCommandLineRunner$CommandLineConfig#CommandLineConfig#setManageClosureDependencies#?,boolean#1896	1.9870924817032602	0.0	0.9935462408516301		_
com.google.javascript.jscomp.CommandLineRunner#void#initConfigFromFlags#?,String[],PrintStream#696	1.9870924817032602	0.0	0.9935462408516301		_
com.google.javascript.jscomp.AbstractCommandLineRunner#boolean#isInTestMode#?#171	1.9870924817032602	0.0	0.9935462408516301		_
com.google.javascript.jscomp.Compiler#void#setLoggingLevel#?,Level#2187	1.9870924817032602	0.0	0.9935462408516301		_
com.google.javascript.jscomp.AbstractCommandLineRunner$CommandLineConfig#CommandLineConfig#setPropertyMapOutputFile#?,String#1731	1.9870924817032602	0.0	0.9935462408516301		_
com.google.javascript.jscomp.AbstractCommandLineRunner$CommandLineConfig#CommandLineConfig#setPropertyMapOutputFile#?,String#1730	1.9870924817032602	0.0	0.9935462408516301		_
com.google.javascript.jscomp.AbstractCommandLineRunner$CommandLineConfig#CommandLineConfig#setModuleWrapper#?,List<String>#1777	1.9870924817032602	0.0	0.9935462408516301		_
com.google.javascript.jscomp.AbstractCommandLineRunner$CommandLineConfig#CommandLineConfig#setModuleWrapper#?,List<String>#1778	1.9870924817032602	0.0	0.9935462408516301		_
com.google.javascript.jscomp.AbstractCommandLineRunner$CommandLineConfig#CommandLineConfig#setModuleWrapper#?,List<String>#1776	1.9870924817032602	0.0	0.9935462408516301		_
com.google.javascript.jscomp.AbstractCommandLineRunner$CommandLineConfig#CommandLineConfig#setClosureEntryPoints#?,List<String>#1918	1.9870924817032602	0.0	0.9935462408516301		_
com.google.javascript.jscomp.AbstractCommandLineRunner$CommandLineConfig#CommandLineConfig#setClosureEntryPoints#?,List<String>#1919	1.9870924817032602	0.0	0.9935462408516301		_
com.google.javascript.jscomp.AbstractCommandLineRunner$CommandLineConfig#CommandLineConfig#setClosureEntryPoints#?,List<String>#1920	1.9870924817032602	0.0	0.9935462408516301		_
com.google.javascript.jscomp.AbstractCommandLineRunner$CommandLineConfig#CommandLineConfig#setModule#?,List<String>#1672	1.9870924817032602	0.0	0.9935462408516301		_
com.google.javascript.jscomp.AbstractCommandLineRunner$CommandLineConfig#CommandLineConfig#setModule#?,List<String>#1673	1.9870924817032602	0.0	0.9935462408516301		_
com.google.javascript.jscomp.AbstractCommandLineRunner$CommandLineConfig#CommandLineConfig#setModule#?,List<String>#1671	1.9870924817032602	0.0	0.9935462408516301		_
com.google.javascript.jscomp.AbstractCommandLineRunner#List<SourceFile>#createExterns#?#1018	1.9870924817032602	0.0	0.9935462408516301		_
com.google.javascript.jscomp.AbstractCommandLineRunner$CommandLineConfig#CommandLineConfig#setJs#?,List<String>#1647	1.9870924817032602	0.0	0.9935462408516301		_
com.google.javascript.jscomp.AbstractCommandLineRunner$CommandLineConfig#CommandLineConfig#setJs#?,List<String>#1646	1.9870924817032602	0.0	0.9935462408516301		_
com.google.javascript.jscomp.AbstractCommandLineRunner$CommandLineConfig#CommandLineConfig#setJs#?,List<String>#1645	1.9870924817032602	0.0	0.9935462408516301		_
com.google.javascript.jscomp.AbstractCommandLineRunner$CommandLineConfig#CommandLineConfig#setVariableMapInputFile#?,String#1684	1.9870924817032602	0.0	0.9935462408516301		_
com.google.javascript.jscomp.AbstractCommandLineRunner$CommandLineConfig#CommandLineConfig#setVariableMapInputFile#?,String#1683	1.9870924817032602	0.0	0.9935462408516301		_
com.google.javascript.jscomp.CommandLineRunner#void#initConfigFromFlags#?,String[],PrintStream#702	1.9870924817032602	0.0	0.9935462408516301		_
com.google.javascript.jscomp.CommandLineRunner#void#initConfigFromFlags#?,String[],PrintStream#705	1.9870924817032602	0.0	0.9935462408516301		_
com.google.javascript.jscomp.AbstractCommandLineRunner$CommandLineConfig#CommandLineConfig#setLoggingLevel#?,String#1625	1.9870924817032602	0.0	0.9935462408516301		_
com.google.javascript.jscomp.AbstractCommandLineRunner$CommandLineConfig#CommandLineConfig#setLoggingLevel#?,String#1624	1.9870924817032602	0.0	0.9935462408516301		_
com.google.javascript.jscomp.CommandLineRunner#List<SourceFile>#createExterns#?#807	1.9870924817032602	0.0	0.9935462408516301		_
com.google.javascript.jscomp.CommandLineRunner#List<SourceFile>#createExterns#?#809	1.9870924817032602	0.0	0.9935462408516301		_
com.google.javascript.jscomp.CommandLineRunner#Compiler#createCompiler#?#801	1.9870924817032602	0.0	0.9935462408516301		_
com.google.javascript.jscomp.AbstractCommandLineRunner$CommandLineConfig#CommandLineConfig#setWarningGuardSpec#?,WarningGuardSpec#1835	1.9870924817032602	0.0	0.9935462408516301		_
com.google.javascript.jscomp.AbstractCommandLineRunner$CommandLineConfig#CommandLineConfig#setWarningGuardSpec#?,WarningGuardSpec#1836	1.9870924817032602	0.0	0.9935462408516301		_
com.google.javascript.jscomp.AbstractCommandLineRunner$CommandLineConfig#CommandLineConfig#setTransformAMDToCJSModules#?,boolean#1999	1.9870924817032602	0.0	0.9935462408516301		_
com.google.javascript.jscomp.AbstractCommandLineRunner$CommandLineConfig#CommandLineConfig#setTransformAMDToCJSModules#?,boolean#2000	1.9870924817032602	0.0	0.9935462408516301		_
com.google.javascript.jscomp.AbstractCommandLineRunner#void#setRunOptions#?,CompilerOptions#216	1.9870924817032602	0.0	0.9935462408516301		_
com.google.javascript.jscomp.AbstractCommandLineRunner#void#setRunOptions#?,CompilerOptions#224	1.9870924817032602	0.0	0.9935462408516301		_
com.google.javascript.jscomp.AbstractCommandLineRunner#void#setRunOptions#?,CompilerOptions#226	1.9870924817032602	0.0	0.9935462408516301		_
com.google.javascript.jscomp.AbstractCommandLineRunner#void#setRunOptions#?,CompilerOptions#227	1.9870924817032602	0.0	0.9935462408516301		_
com.google.javascript.jscomp.AbstractCommandLineRunner$CommandLineConfig#CommandLineConfig#setDefine#?,List<String>#1850	1.9870924817032602	0.0	0.9935462408516301		_
com.google.javascript.jscomp.AbstractCommandLineRunner$CommandLineConfig#CommandLineConfig#setDefine#?,List<String>#1851	1.9870924817032602	0.0	0.9935462408516301		_
com.google.javascript.jscomp.AbstractCommandLineRunner$CommandLineConfig#CommandLineConfig#setDefine#?,List<String>#1849	1.9870924817032602	0.0	0.9935462408516301		_
com.google.javascript.jscomp.AbstractCommandLineRunner$CommandLineConfig#CommandLineConfig#setVariableMapOutputFile#?,String#1706	1.9870924817032602	0.0	0.9935462408516301		_
com.google.javascript.jscomp.AbstractCommandLineRunner$CommandLineConfig#CommandLineConfig#setVariableMapOutputFile#?,String#1705	1.9870924817032602	0.0	0.9935462408516301		_
com.google.javascript.jscomp.AbstractCommandLineRunner$CommandLineConfig#CommandLineConfig#setCharset#?,String#1885	1.9870924817032602	0.0	0.9935462408516301		_
com.google.javascript.jscomp.AbstractCommandLineRunner$CommandLineConfig#CommandLineConfig#setCharset#?,String#1884	1.9870924817032602	0.0	0.9935462408516301		_
com.google.javascript.jscomp.AbstractCommandLineRunner$CommandLineConfig#CommandLineConfig#setCreateNameMapFiles#?,boolean#1719	1.9870924817032602	0.0	0.9935462408516301		_
com.google.javascript.jscomp.AbstractCommandLineRunner$CommandLineConfig#CommandLineConfig#setCreateNameMapFiles#?,boolean#1720	1.9870924817032602	0.0	0.9935462408516301		_
com.google.javascript.jscomp.AbstractCommandLineRunner$CommandLineConfig#CommandLineConfig#setModuleOutputPathPrefix#?,String#1789	1.9870924817032602	0.0	0.9935462408516301		_
com.google.javascript.jscomp.AbstractCommandLineRunner$CommandLineConfig#CommandLineConfig#setModuleOutputPathPrefix#?,String#1790	1.9870924817032602	0.0	0.9935462408516301		_
com.google.javascript.jscomp.AbstractCommandLineRunner$CommandLineConfig#CommandLineConfig#setSummaryDetailLevel#?,int#1755	1.9870924817032602	0.0	0.9935462408516301		_
com.google.javascript.jscomp.AbstractCommandLineRunner$CommandLineConfig#CommandLineConfig#setPrintPassGraph#?,boolean#1604	1.9870924817032602	0.0	0.9935462408516301		_
com.google.javascript.jscomp.AbstractCommandLineRunner$CommandLineConfig#CommandLineConfig#setPrintPassGraph#?,boolean#1605	1.9870924817032602	0.0	0.9935462408516301		_
com.google.javascript.jscomp.AbstractCommandLineRunner$CommandLineConfig#CommandLineConfig#setAcceptConstKeyword#?,boolean#1956	1.9870924817032602	0.0	0.9935462408516301		_
com.google.javascript.jscomp.AbstractCommandLineRunner$CommandLineConfig#CommandLineConfig#setAcceptConstKeyword#?,boolean#1957	1.9870924817032602	0.0	0.9935462408516301		_
com.google.javascript.jscomp.AbstractCommandLineRunner$CommandLineConfig#CommandLineConfig#setCreateSourceMap#?,String#1803	1.9870924817032602	0.0	0.9935462408516301		_
com.google.javascript.jscomp.AbstractCommandLineRunner$CommandLineConfig#CommandLineConfig#setCreateSourceMap#?,String#1804	1.9870924817032602	0.0	0.9935462408516301		_
com.google.javascript.jscomp.AbstractCommandLineRunner#int#doRun#?#706	1.9870924817032602	0.0	0.9935462408516301		_
com.google.javascript.jscomp.AbstractCommandLineRunner#int#doRun#?#708	1.9870924817032602	0.0	0.9935462408516301		_
com.google.javascript.jscomp.AbstractCommandLineRunner#int#doRun#?#716	1.9870924817032602	0.0	0.9935462408516301		_
com.google.javascript.jscomp.CompilerOptions#void#setTweakProcessing#?,TweakProcessing#1380	1.9870924817032602	0.0	0.9935462408516301		_
com.google.javascript.jscomp.AbstractCommandLineRunner#int#doRun#?#710	1.9870924817032602	0.0	0.9935462408516301		_
com.google.javascript.jscomp.AbstractCommandLineRunner#int#doRun#?#713	1.9870924817032602	0.0	0.9935462408516301		_
com.google.javascript.jscomp.AbstractCommandLineRunner#int#doRun#?#714	1.9870924817032602	0.0	0.9935462408516301		_
com.google.javascript.jscomp.AbstractCommandLineRunner#int#doRun#?#711	1.9870924817032602	0.0	0.9935462408516301		_
com.google.javascript.jscomp.AbstractCommandLineRunner$CommandLineConfig#CommandLineConfig#setCodingConvention#?,CodingConvention#1741	1.9870924817032602	0.0	0.9935462408516301		_
com.google.javascript.jscomp.AbstractCommandLineRunner$CommandLineConfig#CommandLineConfig#setCodingConvention#?,CodingConvention#1740	1.9870924817032602	0.0	0.9935462408516301		_
com.google.javascript.jscomp.AbstractCommandLineRunner$CommandLineConfig#CommandLineConfig#setPrintTree#?,boolean#1575	1.9870924817032602	0.0	0.9935462408516301		_
com.google.javascript.jscomp.AbstractCommandLineRunner$CommandLineConfig#CommandLineConfig#setPrintTree#?,boolean#1574	1.9870924817032602	0.0	0.9935462408516301		_
com.google.javascript.jscomp.AbstractCommandLineRunner$CommandLineConfig#CommandLineConfig#setPropertyMapInputFile#?,String#1695	1.9870924817032602	0.0	0.9935462408516301		_
com.google.javascript.jscomp.AbstractCommandLineRunner$CommandLineConfig#CommandLineConfig#setPropertyMapInputFile#?,String#1694	1.9870924817032602	0.0	0.9935462408516301		_
com.google.javascript.jscomp.AbstractCommandLineRunner$CommandLineConfig#CommandLineConfig#setPrintAst#?,boolean#1597	1.9870924817032602	0.0	0.9935462408516301		_
com.google.javascript.jscomp.AbstractCommandLineRunner$CommandLineConfig#CommandLineConfig#setPrintAst#?,boolean#1596	1.9870924817032602	0.0	0.9935462408516301		_
com.google.javascript.jscomp.CommandLineRunner$Flags#List<String>#getJsFiles#?#431	1.9870924817032602	0.0	0.9935462408516301		_
com.google.javascript.jscomp.CommandLineRunner$Flags#List<String>#getJsFiles#?#430	1.9870924817032602	0.0	0.9935462408516301		_
com.google.javascript.jscomp.CommandLineRunner$Flags#List<String>#getJsFiles#?#427	1.9870924817032602	0.0	0.9935462408516301		_
com.google.javascript.jscomp.CommandLineRunner$Flags#List<String>#getJsFiles#?#429	1.9870924817032602	0.0	0.9935462408516301		_
com.google.javascript.jscomp.AbstractCommandLineRunner$CommandLineConfig#CommandLineConfig#setOutputWrapper#?,String#1766	1.9870924817032602	0.0	0.9935462408516301		_
com.google.javascript.jscomp.AbstractCommandLineRunner$CommandLineConfig#CommandLineConfig#setOutputWrapper#?,String#1765	1.9870924817032602	0.0	0.9935462408516301		_
com.google.javascript.jscomp.AbstractCommandLineRunner$CommandLineConfig#CommandLineConfig#setLanguageIn#?,String#1967	1.9870924817032602	0.0	0.9935462408516301		_
com.google.javascript.jscomp.AbstractCommandLineRunner$CommandLineConfig#CommandLineConfig#setLanguageIn#?,String#1968	1.9870924817032602	0.0	0.9935462408516301		_
com.google.javascript.jscomp.AbstractCommandLineRunner$CommandLineConfig#CommandLineConfig#setJscompDevMode#?,CompilerOptions.DevMode#1613	1.9870924817032602	0.0	0.9935462408516301		_
com.google.javascript.jscomp.AbstractCommandLineRunner$CommandLineConfig#CommandLineConfig#setJscompDevMode#?,CompilerOptions.DevMode#1612	1.9870924817032602	0.0	0.9935462408516301		_
com.google.javascript.jscomp.AbstractCommandLineRunner$CommandLineConfig#CommandLineConfig#setExterns#?,List<String>#1636	1.9870924817032602	0.0	0.9935462408516301		_
com.google.javascript.jscomp.AbstractCommandLineRunner$CommandLineConfig#CommandLineConfig#setJsOutputFile#?,String#1657	1.9870924817032602	0.0	0.9935462408516301		_
com.google.javascript.jscomp.AbstractCommandLineRunner$CommandLineConfig#CommandLineConfig#setJsOutputFile#?,String#1656	1.9870924817032602	0.0	0.9935462408516301		_
com.google.javascript.jscomp.AbstractCommandLineRunner$CommandLineConfig#CommandLineConfig#setExterns#?,List<String>#1634	1.9870924817032602	0.0	0.9935462408516301		_
com.google.javascript.jscomp.AbstractCommandLineRunner$CommandLineConfig#CommandLineConfig#setExterns#?,List<String>#1635	1.9870924817032602	0.0	0.9935462408516301		_
com.google.javascript.jscomp.AbstractCommandLineRunner$CommandLineConfig#CommandLineConfig#setCommonJSModulePathPrefix#?,String#2024	1.9870924817032602	0.0	0.9935462408516301		_
com.google.javascript.jscomp.AbstractCommandLineRunner$CommandLineConfig#CommandLineConfig#setCommonJSModulePathPrefix#?,String#2023	1.9870924817032602	0.0	0.9935462408516301		_
com.google.javascript.jscomp.AbstractCommandLineRunner#DiagnosticGroups#getDiagnosticGroups#?#201	1.9870924817032602	0.0	0.9935462408516301		_
com.google.javascript.jscomp.AbstractCommandLineRunner#CommandLineConfig#getCommandLineConfig#?#178	1.9870924817032602	0.0	0.9935462408516301		_
com.google.javascript.jscomp.AbstractCommandLineRunner$CommandLineConfig#CommandLineConfig#setOnlyClosureDependencies#?,boolean#1908	1.9870924817032602	0.0	0.9935462408516301		_
com.google.javascript.jscomp.AbstractCommandLineRunner$CommandLineConfig#CommandLineConfig#setOnlyClosureDependencies#?,boolean#1907	1.9870924817032602	0.0	0.9935462408516301		_
com.google.javascript.jscomp.AbstractCommandLineRunner$CommandLineConfig#CommandLineConfig#setOutputManifest#?,List<String>#1930	1.9870924817032602	0.0	0.9935462408516301		_
com.google.javascript.jscomp.AbstractCommandLineRunner$CommandLineConfig#CommandLineConfig#setOutputManifest#?,List<String>#1931	1.9870924817032602	0.0	0.9935462408516301		_
com.google.javascript.jscomp.AbstractCommandLineRunner$CommandLineConfig#CommandLineConfig#setOutputManifest#?,List<String>#1936	1.9870924817032602	0.0	0.9935462408516301		_
com.google.javascript.jscomp.AbstractCommandLineRunner$CommandLineConfig#CommandLineConfig#setOutputManifest#?,List<String>#1937	1.9870924817032602	0.0	0.9935462408516301		_
com.google.javascript.jscomp.AbstractCommandLineRunner$CommandLineConfig#CommandLineConfig#setSourceMapFormat#?,SourceMap.Format#1826	1.9870924817032602	0.0	0.9935462408516301		_
com.google.javascript.jscomp.AbstractCommandLineRunner$CommandLineConfig#CommandLineConfig#setSourceMapFormat#?,SourceMap.Format#1825	1.9870924817032602	0.0	0.9935462408516301		_
com.google.javascript.jscomp.AbstractCommandLineRunner#PrintStream#getErrorPrintStream#?#386	1.9870924817032602	0.0	0.9935462408516301		_
com.google.javascript.jscomp.CommandLineRunner#CompilerOptions#createOptions#?#766	1.9870924817032602	0.0	0.9935462408516301		_
com.google.javascript.jscomp.CommandLineRunner#CompilerOptions#createOptions#?#767	1.9870924817032602	0.0	0.9935462408516301		_
com.google.javascript.jscomp.CommandLineRunner#CompilerOptions#createOptions#?#752	1.9870924817032602	0.0	0.9935462408516301		_
com.google.javascript.jscomp.CommandLineRunner#CompilerOptions#createOptions#?#751	1.9870924817032602	0.0	0.9935462408516301		_
com.google.javascript.jscomp.CommandLineRunner#CompilerOptions#createOptions#?#748	1.9870924817032602	0.0	0.9935462408516301		_
com.google.javascript.jscomp.CommandLineRunner#CompilerOptions#createOptions#?#744	1.9870924817032602	0.0	0.9935462408516301		_
com.google.javascript.jscomp.CommandLineRunner#CompilerOptions#createOptions#?#796	1.9870924817032602	0.0	0.9935462408516301		_
com.google.javascript.jscomp.CommandLineRunner#CompilerOptions#createOptions#?#774	1.9870924817032602	0.0	0.9935462408516301		_
com.google.javascript.jscomp.CommandLineRunner#CompilerOptions#createOptions#?#772	1.9870924817032602	0.0	0.9935462408516301		_
com.google.javascript.jscomp.AbstractCommandLineRunner$WarningGuardSpec#void#clear#?#2052	1.9869594145043248	0.0	0.9934797072521624		_
com.google.javascript.jscomp.CommandLineRunner#void#initConfigFromFlags#?,String[],PrintStream#654	1.9869594145043248	0.0	0.9934797072521624		_
com.google.javascript.jscomp.CommandLineRunner#void#initConfigFromFlags#?,String[],PrintStream#655	1.9869594145043248	0.0	0.9934797072521624		_
com.google.javascript.jscomp.CommandLineRunner#void#initConfigFromFlags#?,String[],PrintStream#652	1.9869594145043248	0.0	0.9934797072521624		_
com.google.javascript.jscomp.CommandLineRunner#void#initConfigFromFlags#?,String[],PrintStream#658	1.9869594145043248	0.0	0.9934797072521624		_
com.google.javascript.jscomp.CommandLineRunner#void#initConfigFromFlags#?,String[],PrintStream#656	1.9869594145043248	0.0	0.9934797072521624		_
com.google.javascript.jscomp.CommandLineRunner$BooleanOptionHandler#?#BooleanOptionHandler#?,CmdLineParser,OptionDef,Setter<? super Boolean>#445	1.9869594145043248	0.0	0.9934797072521624		_
com.google.javascript.jscomp.CommandLineRunner$WarningGuardSetter#?#WarningGuardSetter#?,Setter<? super String>,CheckLevel#514	1.9869594145043248	0.0	0.9934797072521624		_
com.google.javascript.jscomp.CommandLineRunner$WarningGuardSetter#?#WarningGuardSetter#?,Setter<? super String>,CheckLevel#515	1.9869594145043248	0.0	0.9934797072521624		_
com.google.javascript.jscomp.CommandLineRunner#?#CommandLineRunner#?,String[],PrintStream,PrintStream#574	1.9869594145043248	0.0	0.9934797072521624		_
com.google.javascript.jscomp.CommandLineRunner#?#CommandLineRunner#?,String[],PrintStream,PrintStream#573	1.9869594145043248	0.0	0.9934797072521624		_
com.google.javascript.jscomp.CommandLineRunner$WarningGuardWarningOptionHandler#?#WarningGuardWarningOptionHandler#?,CmdLineParser,OptionDef,Setter<? super String>#494	1.9869594145043248	0.0	0.9934797072521624		_
com.google.javascript.jscomp.CommandLineRunner#List<String>#processArgs#?,String[]#609	1.9869594145043248	0.0	0.9934797072521624		_
com.google.javascript.jscomp.CommandLineRunner#List<String>#processArgs#?,String[]#607	1.9869594145043248	0.0	0.9934797072521624		_
com.google.javascript.jscomp.CommandLineRunner#List<String>#processArgs#?,String[]#605	1.9869594145043248	0.0	0.9934797072521624		_
com.google.javascript.jscomp.CommandLineRunner#List<String>#processArgs#?,String[]#606	1.9869594145043248	0.0	0.9934797072521624		_
com.google.javascript.jscomp.CommandLineRunner#List<String>#processArgs#?,String[]#610	1.9869594145043248	0.0	0.9934797072521624		_
com.google.javascript.jscomp.AbstractCommandLineRunner#?#AbstractCommandLineRunner#?,PrintStream,PrintStream#139	1.9869594145043248	0.0	0.9934797072521624		_
com.google.javascript.jscomp.AbstractCommandLineRunner#?#AbstractCommandLineRunner#?,PrintStream,PrintStream#138	1.9869594145043248	0.0	0.9934797072521624		_
com.google.javascript.jscomp.AbstractCommandLineRunner#?#AbstractCommandLineRunner#?,PrintStream,PrintStream#137	1.9869594145043248	0.0	0.9934797072521624		_
com.google.javascript.jscomp.CommandLineRunner#List<String>#processArgs#?,String[]#626	1.9869594145043248	0.0	0.9934797072521624		_
com.google.javascript.jscomp.CommandLineRunner$WarningGuardOffOptionHandler#?#WarningGuardOffOptionHandler#?,CmdLineParser,OptionDef,Setter<? super String>#504	1.9869594145043248	0.0	0.9934797072521624		_
com.google.javascript.jscomp.CommandLineRunner$WarningGuardErrorOptionHandler#?#WarningGuardErrorOptionHandler#?,CmdLineParser,OptionDef,Setter<? super String>#485	1.9869594145043248	0.0	0.9934797072521624		_
com.google.javascript.jscomp.NodeUtil#boolean#isValidSimpleName#?,String#2417	1.9868263473053893	0.0	0.9934131736526947		_
com.google.javascript.jscomp.NodeUtil#boolean#isValidPropertyName#?,String#2451	1.9868263473053893	0.0	0.9934131736526947		_
com.google.javascript.jscomp.RemoveUnusedVars#boolean#markReferencedVar#?,Var#775	1.9868263473053893	0.0	0.9934131736526947		_
com.google.javascript.jscomp.ExploitAssigns#Node#optimizeSubtree#?,Node#38	1.9868263473053893	0.0	0.9934131736526947		_
com.google.javascript.jscomp.ExploitAssigns#Node#optimizeSubtree#?,Node#34	1.9868263473053893	0.0	0.9934131736526947		_
com.google.javascript.jscomp.ExploitAssigns#Node#optimizeSubtree#?,Node#40	1.9868263473053893	0.0	0.9934131736526947		_
com.google.javascript.jscomp.CheckSideEffects#void#process#?,Node,Node#74	1.9866932801064539	0.0	0.9933466400532269		_
com.google.javascript.jscomp.RenameVars$ProcessVars#void#visit#?,NodeTraversal,Node,Node#264	1.9865602129075184	0.0	0.9932801064537592		_
com.google.javascript.jscomp.StatementFusion#boolean#canFuseIntoOneStatement#?,Node#54	1.986427145708583	0.0	0.9932135728542915		_
com.google.javascript.jscomp.PeepholeCollectPropertyAssignments#Node#optimizeSubtree#?,Node#52	1.9862940785096475	0.0	0.9931470392548237		_
com.google.javascript.jscomp.CompilerOptions#void#setRenamingPolicy#?,VariableRenamingPolicy,PropertyRenamingPolicy#1103	1.986161011310712	0.0	0.993080505655356		_
com.google.javascript.jscomp.CompilerOptions#void#setRenamingPolicy#?,VariableRenamingPolicy,PropertyRenamingPolicy#1104	1.986161011310712	0.0	0.993080505655356		_
com.google.javascript.jscomp.CompilerOptions#void#setInlineFunctions#?,Reach#1150	1.986161011310712	0.0	0.993080505655356		_
com.google.javascript.jscomp.CompilerOptions#void#setAssumeClosuresOnlyCaptureReferences#?,boolean#1488	1.986161011310712	0.0	0.993080505655356		_
com.google.javascript.jscomp.CompilerOptions#void#setRemoveUnusedVariables#?,Reach#1209	1.9860279441117765	0.0	0.9930139720558883		_
com.google.javascript.jscomp.CompilerOptions#void#setInlineVariables#?,Reach#1172	1.9860279441117765	0.0	0.9930139720558883		_
com.google.javascript.jscomp.ShadowVariables$DoShadowVariables#void#enterScope#?,NodeTraversal#179	1.985894876912841	0.0	0.9929474384564205		_
com.google.javascript.jscomp.ShadowVariables$DoShadowVariables#void#enterScope#?,NodeTraversal#177	1.985894876912841	0.0	0.9929474384564205		_
com.google.javascript.jscomp.RenameVars#void#process#?,Node,Node#341	1.985894876912841	0.0	0.9929474384564205		_
com.google.javascript.jscomp.DefaultPassConfig#List<PassFactory>#getOptimizations#?#648	1.985894876912841	0.0	0.9929474384564205		_
com.google.javascript.jscomp.ShadowVariables#?#ShadowVariables#?,AbstractCompiler,SortedMap<String,Assignment>,SortedSet<Assignment>,Map<Node,String>#105	1.985894876912841	0.0	0.9929474384564205		_
com.google.javascript.jscomp.ShadowVariables#?#ShadowVariables#?,AbstractCompiler,SortedMap<String,Assignment>,SortedSet<Assignment>,Map<Node,String>#106	1.985894876912841	0.0	0.9929474384564205		_
com.google.javascript.jscomp.ShadowVariables#?#ShadowVariables#?,AbstractCompiler,SortedMap<String,Assignment>,SortedSet<Assignment>,Map<Node,String>#103	1.985894876912841	0.0	0.9929474384564205		_
com.google.javascript.jscomp.ShadowVariables#?#ShadowVariables#?,AbstractCompiler,SortedMap<String,Assignment>,SortedSet<Assignment>,Map<Node,String>#104	1.985894876912841	0.0	0.9929474384564205		_
com.google.javascript.jscomp.ShadowVariables#?#ShadowVariables#?,AbstractCompiler,SortedMap<String,Assignment>,SortedSet<Assignment>,Map<Node,String>#102	1.985894876912841	0.0	0.9929474384564205		_
com.google.javascript.jscomp.ShadowVariables$GatherReferenceInfo#void#visit#?,NodeTraversal,Node,Node#133	1.985894876912841	0.0	0.9929474384564205		_
com.google.javascript.jscomp.ShadowVariables#void#process#?,Node,Node#120	1.985894876912841	0.0	0.9929474384564205		_
com.google.javascript.jscomp.ShadowVariables#void#process#?,Node,Node#121	1.985894876912841	0.0	0.9929474384564205		_
com.google.javascript.jscomp.DefaultPassConfig#List<PassFactory>#getCodeRemovingPasses#?#727	1.985894876912841	0.0	0.9929474384564205		_
com.google.javascript.jscomp.DefaultPassConfig#List<PassFactory>#getCodeRemovingPasses#?#726	1.985894876912841	0.0	0.9929474384564205		_
com.google.javascript.jscomp.NodeUtil#boolean#isRelationalOperation#?,Node#536	1.9856287425149701	0.0	0.9928143712574851		_
com.google.javascript.jscomp.NodeUtil#boolean#isRelationalOperation#?,Node#543	1.9856287425149701	0.0	0.9928143712574851		_
com.google.javascript.jscomp.NodeUtil#boolean#isSymmetricOperation#?,Node#528	1.9856287425149701	0.0	0.9928143712574851		_
com.google.javascript.jscomp.NodeUtil#boolean#isSymmetricOperation#?,Node#519	1.9856287425149701	0.0	0.9928143712574851		_
com.google.javascript.jscomp.ReorderConstantExpression#Node#optimizeSubtree#?,Node#56	1.9856287425149701	0.0	0.9928143712574851		_
com.google.javascript.jscomp.OptimizeArgumentsArray#void#enterScope#?,NodeTraversal#101	1.9854956753160347	0.0	0.9927478376580173		_
com.google.javascript.jscomp.OptimizeArgumentsArray#?#OptimizeArgumentsArray#?,AbstractCompiler,String#84	1.9854956753160347	0.0	0.9927478376580173		_
com.google.javascript.jscomp.OptimizeArgumentsArray#?#OptimizeArgumentsArray#?,AbstractCompiler,String#85	1.9854956753160347	0.0	0.9927478376580173		_
com.google.javascript.jscomp.OptimizeArgumentsArray#void#enterScope#?,NodeTraversal#99	1.9854956753160347	0.0	0.9927478376580173		_
com.google.javascript.jscomp.OptimizeArgumentsArray#void#enterScope#?,NodeTraversal#95	1.9854956753160347	0.0	0.9927478376580173		_
com.google.javascript.jscomp.OptimizeArgumentsArray#boolean#shouldTraverse#?,NodeTraversal,Node,Node#145	1.9854956753160347	0.0	0.9927478376580173		_
com.google.javascript.jscomp.OptimizeArgumentsArray#void#exitScope#?,NodeTraversal#120	1.9854956753160347	0.0	0.9927478376580173		_
com.google.javascript.jscomp.OptimizeArgumentsArray#void#visit#?,NodeTraversal,Node,Node#160	1.9854956753160347	0.0	0.9927478376580173		_
com.google.javascript.jscomp.OptimizeArgumentsArray#void#visit#?,NodeTraversal,Node,Node#150	1.9854956753160347	0.0	0.9927478376580173		_
com.google.javascript.jscomp.OptimizeArgumentsArray#void#visit#?,NodeTraversal,Node,Node#151	1.9854956753160347	0.0	0.9927478376580173		_
com.google.javascript.jscomp.OptimizeArgumentsArray#void#exitScope#?,NodeTraversal#114	1.9854956753160347	0.0	0.9927478376580173		_
com.google.javascript.jscomp.OptimizeArgumentsArray#void#process#?,Node,Node#90	1.9854956753160347	0.0	0.9927478376580173		_
com.google.javascript.jscomp.PeepholeRemoveDeadCode#Node#tryOptimizeBlock#?,Node#485	1.9853626081170992	0.0	0.9926813040585496		_
com.google.javascript.jscomp.NodeUtil#String#opToStr#?,int#2130	1.9853626081170992	0.0	0.9926813040585496		_
com.google.javascript.jscomp.DefaultPassConfig#List<PassFactory>#getOptimizations#?#437	1.9852295409181637	0.0	0.9926147704590819		_
com.google.javascript.jscomp.DefaultPassConfig#List<PassFactory>#getOptimizations#?#367	1.9852295409181637	0.0	0.9926147704590819		_
com.google.javascript.jscomp.RenameVars#VariableMap#getVariableMap#?#530	1.9852295409181637	0.0	0.9926147704590819		_
com.google.javascript.jscomp.UnreachableCodeElimination#void#visit#?,NodeTraversal,Node,Node#109	1.9850964737192283	0.0	0.9925482368596141		_
com.google.javascript.jscomp.UnreachableCodeElimination#Node#tryRemoveUnconditionalBranching#?,Node#178	1.9850964737192283	0.0	0.9925482368596141		_
com.google.javascript.jscomp.UnreachableCodeElimination#Node#tryRemoveUnconditionalBranching#?,Node#147	1.9850964737192283	0.0	0.9925482368596141		_
com.google.javascript.jscomp.UnreachableCodeElimination#Node#tryRemoveUnconditionalBranching#?,Node#153	1.9850964737192283	0.0	0.9925482368596141		_
com.google.javascript.jscomp.DefaultPassConfig#boolean#isInliningForbidden#?#2201	1.9849634065202928	0.0	0.9924817032601464		_
com.google.javascript.jscomp.NodeUtil#boolean#tryMergeBlock#?,Node#1835	1.9849634065202928	0.0	0.9924817032601464		_
com.google.javascript.jscomp.GlobalNamespace$Name#void#addRef#?,Ref#959	1.9848303393213573	0.0	0.9924151696606787		_
com.google.javascript.jscomp.GlobalNamespace$Name#void#addRef#?,Ref#958	1.9848303393213573	0.0	0.9924151696606787		_
com.google.javascript.jscomp.DependencyOptions#DependencyOptions#setDependencySorting#?,boolean#57	1.9848303393213573	0.0	0.9924151696606787		_
com.google.javascript.jscomp.DependencyOptions#DependencyOptions#setDependencySorting#?,boolean#56	1.9848303393213573	0.0	0.9924151696606787		_
com.google.javascript.jscomp.parsing.JsDocInfoParser#Node#parseParamTypeExpressionAnnotation#?,JsDocToken#1589	1.9848303393213573	0.0	0.9924151696606787		_
com.google.javascript.jscomp.parsing.JsDocInfoParser#Node#parseParamTypeExpressionAnnotation#?,JsDocToken#1582	1.9848303393213573	0.0	0.9924151696606787		_
com.google.javascript.jscomp.UnreachableCodeElimination#void#visit#?,NodeTraversal,Node,Node#101	1.9846972721224219	0.0	0.9923486360612109		_
com.google.javascript.jscomp.parsing.JsDocInfoParser#Node#parseParamTypeExpressionAnnotation#?,JsDocToken#1577	1.9846972721224219	0.0	0.9923486360612109		_
com.google.javascript.jscomp.UnreachableCodeElimination#void#visit#?,NodeTraversal,Node,Node#99	1.9846972721224219	0.0	0.9923486360612109		_
com.google.javascript.jscomp.ReferenceCollectingCallback#void#visit#?,NodeTraversal,Node,Node#152	1.9846972721224219	0.0	0.9923486360612109		_
com.google.javascript.jscomp.NodeUtil#int#precedence#?,int#1180	1.9845642049234864	0.0	0.9922821024617432		_
com.google.javascript.jscomp.ClosureOptimizePrimitives#void#process#?,Node,Node#66	1.9845642049234864	0.0	0.9922821024617432		_
com.google.javascript.jscomp.ClosureOptimizePrimitives#void#process#?,Node,Node#68	1.9845642049234864	0.0	0.9922821024617432		_
com.google.javascript.jscomp.ClosureOptimizePrimitives#void#process#?,Node,Node#67	1.9845642049234864	0.0	0.9922821024617432		_
com.google.javascript.jscomp.ClosureOptimizePrimitives#?#ClosureOptimizePrimitives#?,AbstractCompiler#61	1.9845642049234864	0.0	0.9922821024617432		_
com.google.javascript.jscomp.StatementFusion#boolean#canFuseIntoOneStatement#?,Node#49	1.984431137724551	0.0	0.9922155688622755		_
com.google.javascript.jscomp.StatementFusion#Node#optimizeSubtree#?,Node#43	1.984431137724551	0.0	0.9922155688622755		_
com.google.javascript.jscomp.CoalesceVariableNames#boolean#shouldOptimizeScope#?,Scope#97	1.98416500332668	0.0	0.99208250166334		_
com.google.javascript.jscomp.CoalesceVariableNames#void#visit#?,NodeTraversal,Node,Node#152	1.98416500332668	0.0	0.99208250166334		_
com.google.javascript.jscomp.CoalesceVariableNames#?#CoalesceVariableNames#?,AbstractCompiler,boolean#82	1.98416500332668	0.0	0.99208250166334		_
com.google.javascript.jscomp.CoalesceVariableNames#?#CoalesceVariableNames#?,AbstractCompiler,boolean#81	1.98416500332668	0.0	0.99208250166334		_
com.google.javascript.jscomp.CoalesceVariableNames#?#CoalesceVariableNames#?,AbstractCompiler,boolean#83	1.98416500332668	0.0	0.99208250166334		_
com.google.javascript.jscomp.CoalesceVariableNames#?#CoalesceVariableNames#?,AbstractCompiler,boolean#79	1.98416500332668	0.0	0.99208250166334		_
com.google.javascript.jscomp.CoalesceVariableNames#void#enterScope#?,NodeTraversal#112	1.98416500332668	0.0	0.99208250166334		_
com.google.javascript.jscomp.CoalesceVariableNames#void#enterScope#?,NodeTraversal#110	1.98416500332668	0.0	0.99208250166334		_
com.google.javascript.jscomp.RemoveUnusedVars#void#traverseNode#?,Node,Node,Scope#255	1.98416500332668	0.0	0.99208250166334		_
com.google.javascript.jscomp.MinimizeExitPoints#void#process#?,Node,Node#48	1.98416500332668	0.0	0.99208250166334		_
com.google.javascript.jscomp.CoalesceVariableNames#void#exitScope#?,NodeTraversal#142	1.98416500332668	0.0	0.99208250166334		_
com.google.javascript.jscomp.ClosureCodeRemoval#?#ClosureCodeRemoval#?,AbstractCompiler,boolean,boolean#191	1.983898868928809	0.0	0.9919494344644045		_
com.google.javascript.jscomp.ClosureCodeRemoval#?#ClosureCodeRemoval#?,AbstractCompiler,boolean,boolean#193	1.983898868928809	0.0	0.9919494344644045		_
com.google.javascript.jscomp.ClosureCodeRemoval#?#ClosureCodeRemoval#?,AbstractCompiler,boolean,boolean#192	1.983898868928809	0.0	0.9919494344644045		_
com.google.javascript.jscomp.ClosureCodeRemoval#void#process#?,Node,Node#198	1.983898868928809	0.0	0.9919494344644045		_
com.google.javascript.jscomp.ClosureCodeRemoval#void#process#?,Node,Node#200	1.983898868928809	0.0	0.9919494344644045		_
com.google.javascript.jscomp.ClosureCodeRemoval#void#process#?,Node,Node#205	1.983898868928809	0.0	0.9919494344644045		_
com.google.javascript.jscomp.PeepholeReplaceKnownMethods#Node#optimizeSubtree#?,Node#51	1.983898868928809	0.0	0.9919494344644045		_
com.google.javascript.jscomp.InlineObjectLiterals$InliningBehavior#void#afterExitScope#?,NodeTraversal,ReferenceMap#89	1.9837658017298736	0.0	0.9918829008649368		_
com.google.javascript.jscomp.InlineObjectLiterals$InliningBehavior#void#afterExitScope#?,NodeTraversal,ReferenceMap#86	1.9837658017298736	0.0	0.9918829008649368		_
com.google.javascript.jscomp.UnreachableCodeElimination#void#process#?,Node,Node#87	1.9837658017298736	0.0	0.9918829008649368		_
com.google.javascript.jscomp.UnreachableCodeElimination#void#exitScope#?,NodeTraversal#82	1.9837658017298736	0.0	0.9918829008649368		_
com.google.javascript.jscomp.UnreachableCodeElimination#?#UnreachableCodeElimination#?,AbstractCompiler,boolean#63	1.9837658017298736	0.0	0.9918829008649368		_
com.google.javascript.jscomp.UnreachableCodeElimination#?#UnreachableCodeElimination#?,AbstractCompiler,boolean#62	1.9837658017298736	0.0	0.9918829008649368		_
com.google.javascript.jscomp.InlineObjectLiterals$InliningBehavior#boolean#isVarInlineForbidden#?,Var#140	1.9837658017298736	0.0	0.9918829008649368		_
com.google.javascript.jscomp.RenameVars$ProcessVars#void#visit#?,NodeTraversal,Node,Node#221	1.9837658017298736	0.0	0.9918829008649368		_
com.google.javascript.jscomp.InlineObjectLiterals#?#InlineObjectLiterals#?,AbstractCompiler,Supplier<String>#60	1.9837658017298736	0.0	0.9918829008649368		_
com.google.javascript.jscomp.InlineObjectLiterals#?#InlineObjectLiterals#?,AbstractCompiler,Supplier<String>#59	1.9837658017298736	0.0	0.9918829008649368		_
com.google.javascript.jscomp.UnreachableCodeElimination#void#enterScope#?,NodeTraversal#74	1.9837658017298736	0.0	0.9918829008649368		_
com.google.javascript.jscomp.UnreachableCodeElimination#void#enterScope#?,NodeTraversal#73	1.9837658017298736	0.0	0.9918829008649368		_
com.google.javascript.jscomp.UnreachableCodeElimination#void#enterScope#?,NodeTraversal#76	1.9837658017298736	0.0	0.9918829008649368		_
com.google.javascript.jscomp.UnreachableCodeElimination#void#enterScope#?,NodeTraversal#72	1.9837658017298736	0.0	0.9918829008649368		_
com.google.javascript.jscomp.UnreachableCodeElimination#void#enterScope#?,NodeTraversal#71	1.9837658017298736	0.0	0.9918829008649368		_
com.google.javascript.jscomp.UnreachableCodeElimination#void#enterScope#?,NodeTraversal#68	1.9837658017298736	0.0	0.9918829008649368		_
com.google.javascript.jscomp.InlineObjectLiterals#void#process#?,Node,Node#65	1.9837658017298736	0.0	0.9918829008649368		_
com.google.javascript.jscomp.InlineObjectLiterals#void#process#?,Node,Node#67	1.9837658017298736	0.0	0.9918829008649368		_
com.google.javascript.jscomp.UnreachableCodeElimination#void#visit#?,NodeTraversal,Node,Node#93	1.9837658017298736	0.0	0.9918829008649368		_
com.google.javascript.jscomp.UnreachableCodeElimination#void#visit#?,NodeTraversal,Node,Node#96	1.9837658017298736	0.0	0.9918829008649368		_
com.google.javascript.jscomp.ProcessClosurePrimitives#void#handleCandidateProvideDefinition#?,NodeTraversal,Node,Node#379	1.9836327345309381	0.0	0.9918163672654691		_
com.google.javascript.jscomp.PeepholeReplaceKnownMethods#?#PeepholeReplaceKnownMethods#?,boolean#43	1.9836327345309381	0.0	0.9918163672654691		_
com.google.javascript.jscomp.NodeUtil#boolean#nodeTypeMayHaveSideEffects#?,Node,AbstractCompiler#1076	1.9834996673320027	0.0	0.9917498336660013		_
com.google.javascript.jscomp.ProcessClosurePrimitives$ProvidedName#void#addDefinition#?,Node,JSModule#865	1.9833666001330672	0.0	0.9916833000665336		_
com.google.javascript.jscomp.ProcessClosurePrimitives$ProvidedName#void#addDefinition#?,Node,JSModule#864	1.9833666001330672	0.0	0.9916833000665336		_
com.google.javascript.jscomp.ProcessClosurePrimitives$ProvidedName#void#addDefinition#?,Node,JSModule#862	1.9833666001330672	0.0	0.9916833000665336		_
com.google.javascript.jscomp.ProcessClosurePrimitives$ProvidedName#void#addDefinition#?,Node,JSModule#859	1.9833666001330672	0.0	0.9916833000665336		_
com.google.javascript.jscomp.MinimizeExitPoints#?#MinimizeExitPoints#?,AbstractCompiler#43	1.9833666001330672	0.0	0.9916833000665336		_
com.google.javascript.jscomp.MinimizeExitPoints#void#visit#?,NodeTraversal,Node,Node#53	1.9833666001330672	0.0	0.9916833000665336		_
com.google.javascript.jscomp.Compiler$CodeBuilder#CodeBuilder#append#?,String#1800	1.9831004657351963	0.0	0.9915502328675981		_
com.google.javascript.jscomp.Compiler$CodeBuilder#CodeBuilder#append#?,String#1783	1.9831004657351963	0.0	0.9915502328675981		_
com.google.javascript.jscomp.Compiler$CodeBuilder#CodeBuilder#append#?,String#1787	1.9831004657351963	0.0	0.9915502328675981		_
com.google.javascript.jscomp.Compiler$CodeBuilder#CodeBuilder#append#?,String#1786	1.9831004657351963	0.0	0.9915502328675981		_
com.google.javascript.jscomp.PhaseOptimizer$LoopInternal#void#optimizePasses#?#399	1.9831004657351963	0.0	0.9915502328675981		_
com.google.javascript.jscomp.PhaseOptimizer$LoopInternal#void#optimizePasses#?#398	1.9831004657351963	0.0	0.9915502328675981		_
com.google.javascript.jscomp.Compiler#String#toSource#?#1559	1.9828343313373253	0.0	0.9914171656686627		_
com.google.javascript.rhino.JSDocInfoBuilder#boolean#recordThisType#?,JSTypeExpression#554	1.9827012641383899	0.0	0.9913506320691949		_
com.google.javascript.rhino.JSDocInfoBuilder#boolean#recordThisType#?,JSTypeExpression#555	1.9827012641383899	0.0	0.9913506320691949		_
com.google.javascript.rhino.JSDocInfoBuilder#boolean#recordThisType#?,JSTypeExpression#553	1.9827012641383899	0.0	0.9913506320691949		_
com.google.javascript.rhino.JSDocInfo#void#setThisType#?,JSTypeExpression#1120	1.9827012641383899	0.0	0.9913506320691949		_
com.google.javascript.jscomp.InlineVariables$InliningBehavior#void#doInlinesForScope#?,NodeTraversal,ReferenceMap#208	1.982435129740519	0.0	0.9912175648702595		_
com.google.javascript.jscomp.DefaultPassConfig#List<PassFactory>#getChecks#?#283	1.982435129740519	0.0	0.9912175648702595		_
com.google.javascript.jscomp.PeepholeFoldConstants#Node#tryFoldBinaryOperator#?,Node#177	1.982168995342648	0.0	0.991084497671324		_
com.google.javascript.jscomp.CheckAccidentalSemicolon#void#visit#?,NodeTraversal,Node,Node#58	1.982168995342648	0.0	0.991084497671324		_
com.google.javascript.jscomp.CheckAccidentalSemicolon#void#visit#?,NodeTraversal,Node,Node#46	1.982168995342648	0.0	0.991084497671324		_
com.google.javascript.jscomp.CheckAccidentalSemicolon#void#visit#?,NodeTraversal,Node,Node#47	1.982168995342648	0.0	0.991084497671324		_
com.google.javascript.jscomp.CheckAccidentalSemicolon#?#CheckAccidentalSemicolon#?,CheckLevel#41	1.982168995342648	0.0	0.991084497671324		_
com.google.javascript.jscomp.NodeUtil#boolean#checkForStateChangeHelper#?,Node,boolean,AbstractCompiler#816	0.9908183632734531	0.9913506320691949	0.991084497671324	!(checkForNewObjects)	_
com.google.javascript.jscomp.NodeUtil#boolean#checkForStateChangeHelper#?,Node,boolean,AbstractCompiler#837	1.982168995342648	0.0	0.991084497671324		_
com.google.javascript.jscomp.DefaultPassConfig#List<PassFactory>#getChecks#?#222	1.982168995342648	0.0	0.991084497671324		_
com.google.javascript.jscomp.PeepholeCollectPropertyAssignments#Node#optimizeSubtree#?,Node#38	1.9820359281437125	0.0	0.9910179640718563		_
com.google.javascript.jscomp.graph.GraphReachability#?#GraphReachability#?,DiGraph<N,E>#39	1.981902860944777	0.0	0.9909514304723885		_
com.google.javascript.jscomp.Compiler#void#toSource#?,CodeBuilder,int,Node#1675	1.9817697937458416	0.0	0.9908848968729208		_
com.google.javascript.jscomp.DefaultPassConfig#void#assertAllLoopablePasses#?,List<PassFactory>#816	1.9817697937458416	0.0	0.9908848968729208		_
com.google.javascript.jscomp.DefaultPassConfig#void#assertAllLoopablePasses#?,List<PassFactory>#817	1.9817697937458416	0.0	0.9908848968729208		_
com.google.javascript.jscomp.Compiler$CodeBuilder#String#toString#?#1806	1.9816367265469061	0.0	0.9908183632734531		_
com.google.javascript.jscomp.DeadAssignmentsElimination#void#enterScope#?,NodeTraversal#77	1.9815036593479707	0.0	0.9907518296739853		_
com.google.javascript.jscomp.DeadAssignmentsElimination#void#enterScope#?,NodeTraversal#72	1.9815036593479707	0.0	0.9907518296739853		_
com.google.javascript.jscomp.DeadAssignmentsElimination#?#DeadAssignmentsElimination#?,AbstractCompiler#60	1.9815036593479707	0.0	0.9907518296739853		_
com.google.javascript.jscomp.ControlStructureCheck#?#ControlStructureCheck#?,AbstractCompiler#36	1.9813705921490352	0.0	0.9906852960745176		_
com.google.javascript.jscomp.ControlStructureCheck#void#process#?,Node,Node#41	1.9813705921490352	0.0	0.9906852960745176		_
com.google.javascript.jscomp.ControlStructureCheck#void#check#?,Node#55	1.9813705921490352	0.0	0.9906852960745176		_
com.google.javascript.jscomp.ControlStructureCheck#void#check#?,Node#69	1.9813705921490352	0.0	0.9906852960745176		_
com.google.javascript.jscomp.ControlStructureCheck#void#check#?,Node#68	1.9813705921490352	0.0	0.9906852960745176		_
com.google.javascript.jscomp.ControlStructureCheck#void#check#?,Node#67	1.9813705921490352	0.0	0.9906852960745176		_
com.google.javascript.jscomp.PeepholeCollectPropertyAssignments#Node#optimizeSubtree#?,Node#48	1.9813705921490352	0.0	0.9906852960745176		_
com.google.javascript.jscomp.PeepholeCollectPropertyAssignments#Node#optimizeSubtree#?,Node#41	1.9813705921490352	0.0	0.9906852960745176		_
com.google.javascript.jscomp.PeepholeCollectPropertyAssignments#Node#optimizeSubtree#?,Node#81	1.9813705921490352	0.0	0.9906852960745176		_
com.google.javascript.jscomp.DefaultPassConfig#List<PassFactory>#getChecks#?#217	1.9812375249500997	0.0	0.9906187624750499		_
com.google.javascript.jscomp.PhaseOptimizer#void#consume#?,List<PassFactory>#134	1.9811044577511643	0.0	0.9905522288755821		_
com.google.javascript.jscomp.PhaseOptimizer#void#consume#?,List<PassFactory>#133	1.9811044577511643	0.0	0.9905522288755821		_
com.google.javascript.jscomp.PhaseOptimizer#void#consume#?,List<PassFactory>#131	1.9811044577511643	0.0	0.9905522288755821		_
com.google.javascript.jscomp.DefaultPassConfig#HotSwapCompilerPass#combineChecks#?,AbstractCompiler,List<Callback>#1216	1.9809713905522288	0.0	0.9904856952761144		_
com.google.javascript.jscomp.DefaultPassConfig#HotSwapCompilerPass#combineChecks#?,AbstractCompiler,List<Callback>#1214	1.9809713905522288	0.0	0.9904856952761144		_
com.google.javascript.jscomp.DefaultPassConfig#HotSwapCompilerPass#combineChecks#?,AbstractCompiler,List<Callback>#1215	1.9809713905522288	0.0	0.9904856952761144		_
com.google.javascript.jscomp.PhaseOptimizer#void#consume#?,List<PassFactory>#139	1.9809713905522288	0.0	0.9904856952761144		_
com.google.javascript.jscomp.PhaseOptimizer#void#consume#?,List<PassFactory>#138	1.9809713905522288	0.0	0.9904856952761144		_
com.google.javascript.jscomp.NodeUtil#boolean#isUndefined#?,Node#1361	1.9809713905522288	0.0	0.9904856952761144		_
com.google.javascript.jscomp.NodeUtil#boolean#has#?,Node,Predicate<Node>,Predicate<Node>#2672	1.9808383233532934	0.0	0.9904191616766467		_
com.google.javascript.jscomp.ProcessDefines#Map<String,DefineInfo>#collectDefines#?,Node,GlobalNamespace#198	1.9805721889554224	0.0	0.9902860944777112		_
com.google.javascript.jscomp.ProcessDefines#Map<String,DefineInfo>#collectDefines#?,Node,GlobalNamespace#196	1.9805721889554224	0.0	0.9902860944777112		_
com.google.javascript.jscomp.ProcessDefines#Map<String,DefineInfo>#collectDefines#?,Node,GlobalNamespace#197	1.9805721889554224	0.0	0.9902860944777112		_
com.google.javascript.jscomp.SyntacticScopeCreator#boolean#hasDuplicateDeclarationSuppression#?,Node,Scope.Var#263	0.9833666001330672	0.9970725216234199	0.9902195608782436	info != null && info.getSuppressions().contains("duplicate")	_
com.google.javascript.jscomp.graph.GraphReachability$EdgeTuple#?#EdgeTuple#?,N,E,N#95	1.980439121756487	0.0	0.9902195608782435		_
com.google.javascript.jscomp.graph.GraphReachability$EdgeTuple#?#EdgeTuple#?,N,E,N#94	1.980439121756487	0.0	0.9902195608782435		_
com.google.javascript.jscomp.graph.GraphReachability$EdgeTuple#?#EdgeTuple#?,N,E,N#93	1.980439121756487	0.0	0.9902195608782435		_
com.google.javascript.jscomp.CheckUnreachableCode#boolean#shouldTraverse#?,NodeTraversal,Node,Node#73	1.980439121756487	0.0	0.9902195608782435		_
com.google.javascript.jscomp.CheckUnreachableCode#boolean#shouldTraverse#?,NodeTraversal,Node,Node#53	1.980439121756487	0.0	0.9902195608782435		_
com.google.javascript.jscomp.CheckUnreachableCode#void#initScope#?,ControlFlowGraph<Node>#77	1.980439121756487	0.0	0.9902195608782435		_
com.google.javascript.jscomp.VariableMap#?#VariableMap#?,Map<String,String>#44	1.980439121756487	0.0	0.9902195608782435		_
com.google.javascript.jscomp.CheckUnreachableCode#void#enterScope#?,NodeTraversal#48	1.980439121756487	0.0	0.9902195608782435		_
com.google.javascript.jscomp.CheckUnreachableCode#?#CheckUnreachableCode#?,AbstractCompiler,CheckLevel#43	1.980439121756487	0.0	0.9902195608782435		_
com.google.javascript.jscomp.CheckUnreachableCode#?#CheckUnreachableCode#?,AbstractCompiler,CheckLevel#42	1.980439121756487	0.0	0.9902195608782435		_
com.google.javascript.jscomp.CheckUnreachableCode$ReachablePredicate#boolean#apply#?,EdgeTuple<Node,Branch>#97	1.980439121756487	0.0	0.9902195608782435		_
com.google.javascript.jscomp.CheckUnreachableCode$ReachablePredicate#boolean#apply#?,EdgeTuple<Node,Branch>#95	1.980439121756487	0.0	0.9902195608782435		_
com.google.javascript.jscomp.PeepholeSubstituteAlternateSyntax#Node#optimizeSubtree#?,Node#111	1.980439121756487	0.0	0.9902195608782435		_
com.google.javascript.jscomp.PeepholeSubstituteAlternateSyntax#Node#optimizeSubtree#?,Node#112	1.980439121756487	0.0	0.9902195608782435		_
com.google.javascript.jscomp.PhaseOptimizer$LoopInternal#void#optimizePasses#?#405	1.9803060545575515	0.0	0.9901530272787757		_
com.google.javascript.jscomp.PhaseOptimizer$LoopInternal#void#optimizePasses#?#404	1.9803060545575515	0.0	0.9901530272787757		_
com.google.javascript.jscomp.PhaseOptimizer$LoopInternal#void#optimizePasses#?#395	1.9803060545575515	0.0	0.9901530272787757		_
com.google.javascript.jscomp.PhaseOptimizer$LoopInternal#void#optimizePasses#?#396	1.9803060545575515	0.0	0.9901530272787757		_
com.google.javascript.jscomp.PhaseOptimizer$LoopInternal#void#optimizePasses#?#394	1.9803060545575515	0.0	0.9901530272787757		_
com.google.javascript.jscomp.PhaseOptimizer$LoopInternal#void#process#?,Node,Node#350	1.9803060545575515	0.0	0.9901530272787757		_
com.google.javascript.jscomp.PhaseOptimizer$LoopInternal#void#process#?,Node,Node#371	1.9803060545575515	0.0	0.9901530272787757		_
com.google.javascript.jscomp.PhaseOptimizer$LoopInternal#void#process#?,Node,Node#344	1.9803060545575515	0.0	0.9901530272787757		_
com.google.javascript.jscomp.PhaseOptimizer$LoopInternal#void#process#?,Node,Node#340	1.9803060545575515	0.0	0.9901530272787757		_
com.google.javascript.jscomp.PhaseOptimizer$LoopInternal#void#process#?,Node,Node#339	1.9803060545575515	0.0	0.9901530272787757		_
com.google.javascript.jscomp.Compiler#boolean#hasRegExpGlobalReferences#?#2304	1.980172987358616	0.0	0.990086493679308		_
com.google.javascript.jscomp.Compiler#void#repartitionInputs#?#1430	1.979906852960745	0.0	0.9899534264803725		_
com.google.javascript.jscomp.Compiler#void#repartitionInputs#?#1429	1.979906852960745	0.0	0.9899534264803725		_
com.google.javascript.jscomp.Compiler#void#rebuildInputsFromModules#?#447	1.979906852960745	0.0	0.9899534264803725		_
com.google.javascript.jscomp.Compiler#void#rebuildInputsFromModules#?#446	1.979906852960745	0.0	0.9899534264803725		_
com.google.javascript.jscomp.Compiler#Node#parseInputs#?#1321	1.979906852960745	0.0	0.9899534264803725		_
com.google.javascript.jscomp.Compiler#Node#parseInputs#?#1298	1.979906852960745	0.0	0.9899534264803725		_
com.google.javascript.jscomp.CodingConventions$Proxy#boolean#isConstantKey#?,String#68	1.9797737857618096	0.0	0.9898868928809048		_
com.google.javascript.jscomp.PhaseOptimizer$LoopInternal#void#addLoopedPass#?,PassFactory#320	1.9797737857618096	0.0	0.9898868928809048		_
com.google.javascript.jscomp.PhaseOptimizer$LoopInternal#void#addLoopedPass#?,PassFactory#322	1.9797737857618096	0.0	0.9898868928809048		_
com.google.javascript.jscomp.PhaseOptimizer$LoopInternal#void#addLoopedPass#?,PassFactory#323	1.9797737857618096	0.0	0.9898868928809048		_
com.google.javascript.jscomp.PhaseOptimizer$LoopInternal#void#addLoopedPass#?,PassFactory#319	1.9797737857618096	0.0	0.9898868928809048		_
com.google.javascript.jscomp.RenameVars#?#RenameVars#?,AbstractCompiler,String,boolean,boolean,boolean,boolean,VariableMap,char[],Set<String>#150	1.9797737857618096	0.0	0.9898868928809048		_
com.google.javascript.jscomp.CodingConventions$DefaultCodingConvention#boolean#isConstantKey#?,String#254	1.9797737857618096	0.0	0.9898868928809048		_
com.google.javascript.jscomp.NodeUtil#boolean#has#?,Node,Predicate<Node>,Predicate<Node>#2663	1.9796407185628742	0.0	0.9898203592814371		_
com.google.javascript.jscomp.RenameVars$ProcessVars#void#enterScope#?,NodeTraversal#199	1.9796407185628742	0.0	0.9898203592814371		_
com.google.javascript.jscomp.Scope$Var#boolean#isBleedingFunction#?#191	1.9796407185628742	0.0	0.9898203592814371		_
com.google.javascript.jscomp.ControlFlowGraph$Branch#boolean#isConditional#?#122	1.9795076513639387	0.0	0.9897538256819693		_
com.google.javascript.jscomp.FlowSensitiveInlineVariables$GatherCandiates#void#visit#?,NodeTraversal,Node,Node#179	1.9795076513639387	0.0	0.9897538256819693		_
com.google.javascript.jscomp.FlowSensitiveInlineVariables$GatherCandiates#void#visit#?,NodeTraversal,Node,Node#185	1.9795076513639387	0.0	0.9897538256819693		_
com.google.javascript.jscomp.FlowSensitiveInlineVariables$GatherCandiates#void#visit#?,NodeTraversal,Node,Node#184	1.9795076513639387	0.0	0.9897538256819693		_
com.google.javascript.jscomp.FlowSensitiveInlineVariables$GatherCandiates#void#visit#?,NodeTraversal,Node,Node#187	1.9795076513639387	0.0	0.9897538256819693		_
com.google.javascript.jscomp.FlowSensitiveInlineVariables$GatherCandiates#void#visit#?,NodeTraversal,Node,Node#186	1.9795076513639387	0.0	0.9897538256819693		_
com.google.javascript.jscomp.FlowSensitiveInlineVariables$GatherCandiates#void#visit#?,NodeTraversal,Node,Node#223	1.9795076513639387	0.0	0.9897538256819693		_
com.google.javascript.jscomp.RemoveUnusedVars#void#traverseNode#?,Node,Node,Scope#290	1.9795076513639387	0.0	0.9897538256819693		_
com.google.javascript.jscomp.PeepholeSubstituteAlternateSyntax#Node#tryMinimizeCondition#?,Node#1298	1.9795076513639387	0.0	0.9897538256819693		_
com.google.javascript.jscomp.Compiler#Node#parseInputs#?#1286	1.9795076513639387	0.0	0.9897538256819693		_
com.google.javascript.jscomp.Compiler#Node#parseInputs#?#1295	1.9795076513639387	0.0	0.9897538256819693		_
com.google.javascript.jscomp.FlowSensitiveInlineVariables#void#enterScope#?,NodeTraversal#144	1.9795076513639387	0.0	0.9897538256819693		_
com.google.javascript.jscomp.FlowSensitiveInlineVariables#void#enterScope#?,NodeTraversal#143	1.9795076513639387	0.0	0.9897538256819693		_
com.google.javascript.jscomp.FlowSensitiveInlineVariables#void#enterScope#?,NodeTraversal#128	1.9795076513639387	0.0	0.9897538256819693		_
com.google.javascript.jscomp.FlowSensitiveInlineVariables#void#enterScope#?,NodeTraversal#135	1.9795076513639387	0.0	0.9897538256819693		_
com.google.javascript.jscomp.FlowSensitiveInlineVariables#void#enterScope#?,NodeTraversal#134	1.9795076513639387	0.0	0.9897538256819693		_
com.google.javascript.jscomp.FlowSensitiveInlineVariables#void#enterScope#?,NodeTraversal#133	1.9795076513639387	0.0	0.9897538256819693		_
com.google.javascript.jscomp.FlowSensitiveInlineVariables#void#enterScope#?,NodeTraversal#132	1.9795076513639387	0.0	0.9897538256819693		_
com.google.javascript.jscomp.FlowSensitiveInlineVariables#void#enterScope#?,NodeTraversal#131	1.9795076513639387	0.0	0.9897538256819693		_
com.google.javascript.jscomp.FlowSensitiveInlineVariables#void#enterScope#?,NodeTraversal#130	1.9795076513639387	0.0	0.9897538256819693		_
com.google.javascript.jscomp.FlowSensitiveInlineVariables#void#enterScope#?,NodeTraversal#139	1.9795076513639387	0.0	0.9897538256819693		_
com.google.javascript.jscomp.CombinedCompilerPass$CallbackWrapper#void#enterScopeIfActive#?,NodeTraversal#137	1.9793745841650032	0.0	0.9896872920825016		_
com.google.javascript.jscomp.JSModuleGraph#List<CompilerInput>#manageDependencies#?,DependencyOptions,List<CompilerInput>#358	1.9793745841650032	0.0	0.9896872920825016		_
com.google.javascript.jscomp.JSModuleGraph#List<CompilerInput>#manageDependencies#?,DependencyOptions,List<CompilerInput>#357	1.9793745841650032	0.0	0.9896872920825016		_
com.google.javascript.jscomp.JSModuleGraph#List<CompilerInput>#manageDependencies#?,DependencyOptions,List<CompilerInput>#343	1.9793745841650032	0.0	0.9896872920825016		_
com.google.javascript.jscomp.JSModuleGraph#List<CompilerInput>#manageDependencies#?,DependencyOptions,List<CompilerInput>#345	1.9793745841650032	0.0	0.9896872920825016		_
com.google.javascript.jscomp.JSModuleGraph#List<CompilerInput>#manageDependencies#?,DependencyOptions,List<CompilerInput>#344	1.9793745841650032	0.0	0.9896872920825016		_
com.google.javascript.jscomp.JSModuleGraph#List<CompilerInput>#manageDependencies#?,DependencyOptions,List<CompilerInput>#346	1.9793745841650032	0.0	0.9896872920825016		_
com.google.javascript.jscomp.JSModuleGraph#List<CompilerInput>#manageDependencies#?,DependencyOptions,List<CompilerInput>#376	1.9793745841650032	0.0	0.9896872920825016		_
com.google.javascript.jscomp.JSModuleGraph#List<CompilerInput>#manageDependencies#?,DependencyOptions,List<CompilerInput>#379	1.9793745841650032	0.0	0.9896872920825016		_
com.google.javascript.jscomp.JSModuleGraph#List<CompilerInput>#manageDependencies#?,DependencyOptions,List<CompilerInput>#377	1.9793745841650032	0.0	0.9896872920825016		_
com.google.javascript.jscomp.JSModuleGraph#List<CompilerInput>#manageDependencies#?,DependencyOptions,List<CompilerInput>#363	1.9793745841650032	0.0	0.9896872920825016		_
com.google.javascript.jscomp.JSModuleGraph#List<CompilerInput>#manageDependencies#?,DependencyOptions,List<CompilerInput>#362	1.9793745841650032	0.0	0.9896872920825016		_
com.google.javascript.jscomp.JSModuleGraph#List<CompilerInput>#manageDependencies#?,DependencyOptions,List<CompilerInput>#365	1.9793745841650032	0.0	0.9896872920825016		_
com.google.javascript.jscomp.JSModule#void#removeAll#?#146	1.9793745841650032	0.0	0.9896872920825016		_
com.google.javascript.jscomp.JSModule#void#removeAll#?#147	1.9793745841650032	0.0	0.9896872920825016		_
com.google.javascript.jscomp.FlowSensitiveInlineVariables#?#FlowSensitiveInlineVariables#?,AbstractCompiler#112	1.9793745841650032	0.0	0.9896872920825016		_
com.google.javascript.jscomp.CombinedCompilerPass$CallbackWrapper#void#exitScopeIfActive#?,NodeTraversal#143	1.9793745841650032	0.0	0.9896872920825016		_
com.google.javascript.jscomp.FlowSensitiveInlineVariables#void#process#?,Node,Node#157	1.9793745841650032	0.0	0.9896872920825016		_
com.google.javascript.jscomp.CombinedCompilerPass$CallbackWrapper#?#CallbackWrapper#?,Callback#111	1.9793745841650032	0.0	0.9896872920825016		_
com.google.javascript.jscomp.FlowSensitiveInlineVariables#void#enterScope#?,NodeTraversal#119	1.9793745841650032	0.0	0.9896872920825016		_
com.google.javascript.jscomp.JSModuleGraph#List<CompilerInput>#manageDependencies#?,DependencyOptions,List<CompilerInput>#389	1.9792415169660678	0.0	0.9896207584830339		_
com.google.javascript.jscomp.JSModuleGraph#List<CompilerInput>#manageDependencies#?,DependencyOptions,List<CompilerInput>#384	1.9792415169660678	0.0	0.9896207584830339		_
com.google.javascript.jscomp.JSModuleGraph#List<CompilerInput>#manageDependencies#?,DependencyOptions,List<CompilerInput>#385	1.9792415169660678	0.0	0.9896207584830339		_
com.google.javascript.jscomp.JSModuleGraph#List<CompilerInput>#manageDependencies#?,DependencyOptions,List<CompilerInput>#386	1.9792415169660678	0.0	0.9896207584830339		_
com.google.javascript.jscomp.JSModuleGraph#List<CompilerInput>#manageDependencies#?,DependencyOptions,List<CompilerInput>#352	1.9792415169660678	0.0	0.9896207584830339		_
com.google.javascript.jscomp.JSModuleGraph#List<CompilerInput>#manageDependencies#?,DependencyOptions,List<CompilerInput>#351	1.9792415169660678	0.0	0.9896207584830339		_
com.google.javascript.jscomp.JSModuleGraph#List<CompilerInput>#manageDependencies#?,DependencyOptions,List<CompilerInput>#341	1.9792415169660678	0.0	0.9896207584830339		_
com.google.javascript.jscomp.JSModuleGraph#List<CompilerInput>#manageDependencies#?,DependencyOptions,List<CompilerInput>#337	1.9792415169660678	0.0	0.9896207584830339		_
com.google.javascript.jscomp.DependencyOptions#boolean#shouldSortDependencies#?#124	1.9792415169660678	0.0	0.9896207584830339		_
com.google.javascript.jscomp.JSModule#void#removeAll#?#149	1.9792415169660678	0.0	0.9896207584830339		_
com.google.javascript.jscomp.parsing.JsDocTokenStream#JsDocToken#getJsDocToken#?#146	1.9792415169660678	0.0	0.9896207584830339		_
com.google.javascript.jscomp.RenameVars$ProcessVars#void#enterScope#?,NodeTraversal#197	1.9792415169660678	0.0	0.9896207584830339		_
com.google.javascript.jscomp.DependencyOptions#boolean#shouldPruneDependencies#?#128	1.9791084497671323	0.0	0.9895542248835661		_
com.google.javascript.jscomp.JSModuleGraph#List<CompilerInput>#manageDependencies#?,DependencyOptions,List<CompilerInput>#318	1.9791084497671323	0.0	0.9895542248835661		_
com.google.javascript.jscomp.parsing.JsDocTokenStream#JsDocToken#getJsDocToken#?#144	1.9789753825681968	0.0	0.9894876912840984		_
com.google.javascript.jscomp.deps.SortedDependencies#List<INPUT>#getDependenciesOf#?,List<INPUT>,boolean#227	1.9789753825681968	0.0	0.9894876912840984		_
com.google.javascript.jscomp.deps.SortedDependencies#List<INPUT>#getDependenciesOf#?,List<INPUT>,boolean#229	1.9789753825681968	0.0	0.9894876912840984		_
com.google.javascript.jscomp.deps.SortedDependencies#List<INPUT>#getDependenciesOf#?,List<INPUT>,boolean#215	1.9789753825681968	0.0	0.9894876912840984		_
com.google.javascript.jscomp.NodeUtil#boolean#tryMergeBlock#?,Node#1822	1.9789753825681968	0.0	0.9894876912840984		_
com.google.javascript.jscomp.NodeUtil#boolean#tryMergeBlock#?,Node#1821	1.9789753825681968	0.0	0.9894876912840984		_
com.google.javascript.jscomp.deps.JsFileLineParser#?#JsFileLineParser#?,ErrorManager#92	1.9788423153692616	0.0	0.9894211576846308		_
com.google.javascript.jscomp.CompilerInput#String#getCode#?#315	1.9788423153692616	0.0	0.9894211576846308		_
com.google.javascript.jscomp.deps.JsFileParser#?#JsFileParser#?,ErrorManager#66	1.9788423153692616	0.0	0.9894211576846308		_
com.google.javascript.jscomp.JSModuleGraph#List<CompilerInput>#manageDependencies#?,DependencyOptions,List<CompilerInput>#316	1.9788423153692616	0.0	0.9894211576846308		_
com.google.javascript.jscomp.NodeUtil#boolean#isUndefined#?,Node#1357	1.9788423153692616	0.0	0.9894211576846308		_
com.google.javascript.jscomp.DefaultPassConfig#Map<String,Node>#getAdditionalReplacements#?,CompilerOptions#2229	1.9788423153692616	0.0	0.9894211576846308		_
com.google.javascript.jscomp.deps.JsFileParser#boolean#parseLine#?,String#186	1.9788423153692616	0.0	0.9894211576846308		_
com.google.javascript.jscomp.CompilerInput#Collection<String>#getRequires#?#163	1.9788423153692616	0.0	0.9894211576846308		_
com.google.javascript.jscomp.CompilerInput#Collection<String>#getRequires#?#162	1.9788423153692616	0.0	0.9894211576846308		_
com.google.javascript.jscomp.CompilerInput#Collection<String>#getRequires#?#160	1.9788423153692616	0.0	0.9894211576846308		_
com.google.javascript.jscomp.CompilerInput#String#toString#?#361	1.9788423153692616	0.0	0.9894211576846308		_
com.google.javascript.jscomp.CompilerInput#void#regenerateDependencyInfoIfNecessary#?#247	1.9788423153692616	0.0	0.9894211576846308		_
com.google.javascript.jscomp.CompilerInput#void#regenerateDependencyInfoIfNecessary#?#245	1.9788423153692616	0.0	0.9894211576846308		_
com.google.javascript.jscomp.CompilerInput#void#regenerateDependencyInfoIfNecessary#?#244	1.9788423153692616	0.0	0.9894211576846308		_
com.google.javascript.jscomp.CompilerInput#void#regenerateDependencyInfoIfNecessary#?#239	1.9788423153692616	0.0	0.9894211576846308		_
com.google.javascript.jscomp.deps.SortedDependencies#List<INPUT>#getDependenciesOf#?,List<INPUT>,boolean#232	1.9788423153692616	0.0	0.9894211576846308		_
com.google.javascript.jscomp.deps.SortedDependencies#List<INPUT>#getDependenciesOf#?,List<INPUT>,boolean#226	1.9788423153692616	0.0	0.9894211576846308		_
com.google.javascript.jscomp.deps.SortedDependencies#List<INPUT>#getDependenciesOf#?,List<INPUT>,boolean#212	1.9788423153692616	0.0	0.9894211576846308		_
com.google.javascript.jscomp.deps.SortedDependencies#List<INPUT>#getDependenciesOf#?,List<INPUT>,boolean#213	1.9788423153692616	0.0	0.9894211576846308		_
com.google.javascript.jscomp.deps.SortedDependencies#List<INPUT>#getDependenciesOf#?,List<INPUT>,boolean#211	1.9788423153692616	0.0	0.9894211576846308		_
com.google.javascript.jscomp.CompilerInput#void#checkErrorManager#?#153	1.9788423153692616	0.0	0.9894211576846308		_
com.google.javascript.jscomp.CompilerInput#void#checkErrorManager#?#151	1.9788423153692616	0.0	0.9894211576846308		_
com.google.javascript.jscomp.CompilerInput#Collection<String>#getProvides#?#176	1.9788423153692616	0.0	0.9894211576846308		_
com.google.javascript.jscomp.CompilerInput#Collection<String>#getProvides#?#177	1.9788423153692616	0.0	0.9894211576846308		_
com.google.javascript.jscomp.CompilerInput#Collection<String>#getProvides#?#174	1.9788423153692616	0.0	0.9894211576846308		_
com.google.javascript.jscomp.ReplaceCssNames#CssRenamingMap#getCssRenamingMap#?#135	1.9787092481703261	0.0	0.9893546240851631		_
com.google.javascript.jscomp.GlobalNamespace$BuildGlobalNamespace#void#handleGet#?,NodeTraversal,Node,Node,String#688	1.9787092481703261	0.0	0.9893546240851631		_
com.google.javascript.jscomp.GlobalNamespace$BuildGlobalNamespace#void#handleGet#?,NodeTraversal,Node,Node,String#687	1.9787092481703261	0.0	0.9893546240851631		_
com.google.javascript.jscomp.deps.JsFileParser#boolean#parseLine#?,String#139	1.9785761809713907	0.0	0.9892880904856953		_
com.google.javascript.jscomp.Compiler#CssRenamingMap#getCssRenamingMap#?#1861	1.9784431137724552	0.0	0.9892215568862276		_
com.google.javascript.jscomp.InlineVariables$InliningBehavior#boolean#maybeEscapedOrModifiedArguments#?,Scope,ReferenceMap#227	1.9783100465735197	0.0	0.9891550232867599		_
com.google.javascript.jscomp.InlineVariables$InliningBehavior#boolean#maybeEscapedOrModifiedArguments#?,Scope,ReferenceMap#228	1.9783100465735197	0.0	0.9891550232867599		_
com.google.javascript.jscomp.deps.SortedDependencies#List<T>#topologicalStableSort#?,List<T>,Multimap<T,T>#278	1.9783100465735197	0.0	0.9891550232867599		_
com.google.javascript.jscomp.deps.SortedDependencies#List<T>#topologicalStableSort#?,List<T>,Multimap<T,T>#277	1.9783100465735197	0.0	0.9891550232867599		_
com.google.javascript.jscomp.deps.SortedDependencies#List<T>#topologicalStableSort#?,List<T>,Multimap<T,T>#271	1.9783100465735197	0.0	0.9891550232867599		_
com.google.javascript.jscomp.PeepholeSubstituteAlternateSyntax#Node#tryMinimizeCondition#?,Node#1121	1.9783100465735197	0.0	0.9891550232867599		_
com.google.javascript.jscomp.PeepholeSubstituteAlternateSyntax#Node#tryMinimizeCondition#?,Node#1123	1.9783100465735197	0.0	0.9891550232867599		_
com.google.javascript.jscomp.deps.JsFileParser#JsFileParser#setIncludeGoogBase#?,boolean#84	1.9783100465735197	0.0	0.9891550232867599		_
com.google.javascript.jscomp.deps.JsFileParser#JsFileParser#setIncludeGoogBase#?,boolean#83	1.9783100465735197	0.0	0.9891550232867599		_
com.google.javascript.jscomp.PeepholeSubstituteAlternateSyntax#Node#tryMinimizeCondition#?,Node#1291	1.9783100465735197	0.0	0.9891550232867599		_
com.google.javascript.jscomp.MaybeReachingVariableUse#ReachingUses#createEntryLattice#?#137	1.9783100465735197	0.0	0.9891550232867599		_
com.google.javascript.jscomp.MaybeReachingVariableUse#boolean#isForward#?#132	1.9781769793745843	0.0	0.9890884896872921		_
com.google.javascript.jscomp.RenameVars#boolean#okToRenameVar#?,String,boolean#537	1.9781769793745843	0.0	0.9890884896872921		_
com.google.javascript.jscomp.deps.SimpleDependencyInfo#Collection<String>#getProvides#?#76	1.9781769793745843	0.0	0.9890884896872921		_
com.google.javascript.jscomp.MaybeReachingVariableUse#ReachingUses#flowThrough#?,Node,ReachingUses#147	1.9781769793745843	0.0	0.9890884896872921		_
com.google.javascript.jscomp.MaybeReachingVariableUse#ReachingUses#flowThrough#?,Node,ReachingUses#148	1.9781769793745843	0.0	0.9890884896872921		_
com.google.javascript.jscomp.MaybeReachingVariableUse#ReachingUses#flowThrough#?,Node,ReachingUses#149	1.9781769793745843	0.0	0.9890884896872921		_
com.google.javascript.jscomp.MaybeReachingVariableUse$ReachingUses#?#ReachingUses#?#88	1.9781769793745843	0.0	0.9890884896872921		_
com.google.javascript.jscomp.MaybeReachingVariableUse#ReachingUses#createInitialEstimateLattice#?#142	1.9781769793745843	0.0	0.9890884896872921		_
com.google.javascript.jscomp.deps.SimpleDependencyInfo#Collection<String>#getRequires#?#81	1.9781769793745843	0.0	0.9890884896872921		_
com.google.javascript.jscomp.MaybeReachingVariableUse$ReachingUses#boolean#equals#?,Object#102	1.9781769793745843	0.0	0.9890884896872921		_
com.google.javascript.jscomp.MaybeReachingVariableUse#?#MaybeReachingVariableUse#?,ControlFlowGraph<Node>,Scope,AbstractCompiler#52	1.9781769793745843	0.0	0.9890884896872921		_
com.google.javascript.jscomp.MaybeReachingVariableUse#?#MaybeReachingVariableUse#?,ControlFlowGraph<Node>,Scope,AbstractCompiler#53	1.9781769793745843	0.0	0.9890884896872921		_
com.google.javascript.jscomp.MaybeReachingVariableUse#?#MaybeReachingVariableUse#?,ControlFlowGraph<Node>,Scope,AbstractCompiler#54	1.9781769793745843	0.0	0.9890884896872921		_
com.google.javascript.jscomp.MaybeReachingVariableUse#?#MaybeReachingVariableUse#?,ControlFlowGraph<Node>,Scope,AbstractCompiler#58	1.9781769793745843	0.0	0.9890884896872921		_
com.google.javascript.jscomp.MaybeReachingVariableUse#void#computeMayUse#?,Node,Node,ReachingUses,boolean#154	1.9781769793745843	0.0	0.9890884896872921		_
com.google.javascript.jscomp.MaybeReachingVariableUse#void#computeMayUse#?,Node,Node,ReachingUses,boolean#158	1.9781769793745843	0.0	0.9890884896872921		_
com.google.javascript.jscomp.MaybeReachingVariableUse$ReachingUses#?#ReachingUses#?,ReachingUses#97	1.9781769793745843	0.0	0.9890884896872921		_
com.google.javascript.jscomp.deps.SortedDependencies#List<T>#topologicalStableSort#?,List<T>,Multimap<T,T>#269	1.9780439121756488	0.0	0.9890219560878244		_
com.google.javascript.jscomp.deps.SortedDependencies#List<T>#topologicalStableSort#?,List<T>,Multimap<T,T>#267	1.9780439121756488	0.0	0.9890219560878244		_
com.google.javascript.jscomp.deps.SortedDependencies#List<T>#topologicalStableSort#?,List<T>,Multimap<T,T>#268	1.9780439121756488	0.0	0.9890219560878244		_
com.google.javascript.jscomp.deps.SortedDependencies#List<T>#topologicalStableSort#?,List<T>,Multimap<T,T>#262	1.9780439121756488	0.0	0.9890219560878244		_
com.google.javascript.jscomp.deps.SortedDependencies#List<T>#topologicalStableSort#?,List<T>,Multimap<T,T>#264	1.9780439121756488	0.0	0.9890219560878244		_
com.google.javascript.jscomp.deps.SortedDependencies#List<T>#topologicalStableSort#?,List<T>,Multimap<T,T>#263	1.9780439121756488	0.0	0.9890219560878244		_
com.google.javascript.jscomp.deps.SortedDependencies#List<T>#topologicalStableSort#?,List<T>,Multimap<T,T>#260	1.9780439121756488	0.0	0.9890219560878244		_
com.google.javascript.jscomp.deps.SortedDependencies#List<T>#topologicalStableSort#?,List<T>,Multimap<T,T>#287	1.9780439121756488	0.0	0.9890219560878244		_
com.google.javascript.jscomp.deps.SortedDependencies#List<T>#topologicalStableSort#?,List<T>,Multimap<T,T>#252	1.9780439121756488	0.0	0.9890219560878244		_
com.google.javascript.jscomp.deps.SortedDependencies#List<T>#topologicalStableSort#?,List<T>,Multimap<T,T>#249	1.9780439121756488	0.0	0.9890219560878244		_
com.google.javascript.jscomp.deps.SortedDependencies#List<T>#topologicalStableSort#?,List<T>,Multimap<T,T>#247	1.9780439121756488	0.0	0.9890219560878244		_
com.google.javascript.jscomp.deps.SortedDependencies#?#SortedDependencies#?,List<INPUT>#70	1.9780439121756488	0.0	0.9890219560878244		_
com.google.javascript.jscomp.deps.SortedDependencies#?#SortedDependencies#?,List<INPUT>#71	1.9780439121756488	0.0	0.9890219560878244		_
com.google.javascript.jscomp.deps.SortedDependencies#?#SortedDependencies#?,List<INPUT>#83	1.9780439121756488	0.0	0.9890219560878244		_
com.google.javascript.jscomp.CompilerOptions#AliasTransformationHandler#getAliasTransformationHandler#?#1427	1.9779108449767133	0.0	0.9889554224883567		_
com.google.javascript.jscomp.deps.SortedDependencies#?#SortedDependencies#?,List<INPUT>#67	1.9779108449767133	0.0	0.9889554224883567		_
com.google.javascript.jscomp.deps.SortedDependencies#?#SortedDependencies#?,List<INPUT>#66	1.9779108449767133	0.0	0.9889554224883567		_
com.google.javascript.jscomp.deps.SortedDependencies#?#SortedDependencies#?,List<INPUT>#93	1.9779108449767133	0.0	0.9889554224883567		_
com.google.javascript.jscomp.deps.SortedDependencies#?#SortedDependencies#?,List<INPUT>#82	1.9779108449767133	0.0	0.9889554224883567		_
com.google.javascript.jscomp.DefaultPassConfig#List<PassFactory>#getChecks#?#304	1.9779108449767133	0.0	0.9889554224883567		_
com.google.javascript.jscomp.RemoveUnusedVars#void#traverseNode#?,Node,Node,Scope#253	1.9779108449767133	0.0	0.9889554224883567		_
com.google.javascript.jscomp.DefaultPassConfig#List<PassFactory>#getChecks#?#194	1.9779108449767133	0.0	0.9889554224883567		_
com.google.javascript.jscomp.DefaultPassConfig#List<PassFactory>#getChecks#?#245	1.9779108449767133	0.0	0.9889554224883567		_
com.google.javascript.jscomp.ProcessClosurePrimitives#Set<String>#getExportedVariableNames#?#140	1.9777777777777779	0.0	0.9888888888888889		_
com.google.javascript.jscomp.deps.JsFileParser#DependencyInfo#parseReader#?,String,String,Reader#130	1.9776447105788424	0.0	0.9888223552894212		_
com.google.javascript.jscomp.deps.JsFileParser#DependencyInfo#parseReader#?,String,String,Reader#129	1.9776447105788424	0.0	0.9888223552894212		_
com.google.javascript.jscomp.deps.JsFileParser#DependencyInfo#parseReader#?,String,String,Reader#127	1.9776447105788424	0.0	0.9888223552894212		_
com.google.javascript.jscomp.deps.JsFileParser#DependencyInfo#parseReader#?,String,String,Reader#120	1.9776447105788424	0.0	0.9888223552894212		_
com.google.javascript.jscomp.deps.JsFileParser#DependencyInfo#parseReader#?,String,String,Reader#121	1.9776447105788424	0.0	0.9888223552894212		_
com.google.javascript.jscomp.deps.JsFileParser#DependencyInfo#parseReader#?,String,String,Reader#122	1.9776447105788424	0.0	0.9888223552894212		_
com.google.javascript.jscomp.deps.JsFileParser#DependencyInfo#parseReader#?,String,String,Reader#124	1.9776447105788424	0.0	0.9888223552894212		_
com.google.javascript.jscomp.deps.JsFileParser#DependencyInfo#parseReader#?,String,String,Reader#125	1.9776447105788424	0.0	0.9888223552894212		_
com.google.javascript.jscomp.RenameVars#void#process#?,Node,Node#383	1.9776447105788424	0.0	0.9888223552894212		_
com.google.javascript.jscomp.RenameVars#void#process#?,Node,Node#382	1.9776447105788424	0.0	0.9888223552894212		_
com.google.javascript.jscomp.RenameVars#void#process#?,Node,Node#330	1.9776447105788424	0.0	0.9888223552894212		_
com.google.javascript.jscomp.RenameVars#void#process#?,Node,Node#338	1.9776447105788424	0.0	0.9888223552894212		_
com.google.javascript.jscomp.RenameVars#void#process#?,Node,Node#336	1.9776447105788424	0.0	0.9888223552894212		_
com.google.javascript.jscomp.RenameVars#void#process#?,Node,Node#333	1.9776447105788424	0.0	0.9888223552894212		_
com.google.javascript.jscomp.RenameVars#void#process#?,Node,Node#329	1.9776447105788424	0.0	0.9888223552894212		_
com.google.javascript.jscomp.RenameVars#void#process#?,Node,Node#326	1.9776447105788424	0.0	0.9888223552894212		_
com.google.javascript.jscomp.RenameVars#void#process#?,Node,Node#352	1.9776447105788424	0.0	0.9888223552894212		_
com.google.javascript.jscomp.RenameVars#void#process#?,Node,Node#354	1.9776447105788424	0.0	0.9888223552894212		_
com.google.javascript.jscomp.RenameVars#void#process#?,Node,Node#367	1.9776447105788424	0.0	0.9888223552894212		_
com.google.javascript.jscomp.deps.SimpleDependencyInfo#String#toString#?#99	1.9776447105788424	0.0	0.9888223552894212		_
com.google.javascript.jscomp.RenameVars$ProcessVars#void#visit#?,NodeTraversal,Node,Node#217	1.9776447105788424	0.0	0.9888223552894212		_
com.google.javascript.jscomp.RenameVars$ProcessVars#void#visit#?,NodeTraversal,Node,Node#214	1.9776447105788424	0.0	0.9888223552894212		_
com.google.javascript.jscomp.RenameVars$ProcessVars#void#visit#?,NodeTraversal,Node,Node#228	1.9776447105788424	0.0	0.9888223552894212		_
com.google.javascript.jscomp.RenameVars$ProcessVars#?#ProcessVars#?,boolean#190	1.9776447105788424	0.0	0.9888223552894212		_
com.google.javascript.jscomp.RenameVars$ProcessVars#void#visit#?,NodeTraversal,Node,Node#229	1.9776447105788424	0.0	0.9888223552894212		_
com.google.javascript.jscomp.RenameVars#void#assignNames#?,Set<Assignment>#446	1.9776447105788424	0.0	0.9888223552894212		_
com.google.javascript.jscomp.RenameVars#void#assignNames#?,Set<Assignment>#442	1.9776447105788424	0.0	0.9888223552894212		_
com.google.javascript.jscomp.RenameVars#void#assignNames#?,Set<Assignment>#451	1.9776447105788424	0.0	0.9888223552894212		_
com.google.javascript.jscomp.RenameVars#void#assignNames#?,Set<Assignment>#452	1.9776447105788424	0.0	0.9888223552894212		_
com.google.javascript.jscomp.RenameVars#void#assignNames#?,Set<Assignment>#492	1.9776447105788424	0.0	0.9888223552894212		_
com.google.javascript.jscomp.RenameVars#?#RenameVars#?,AbstractCompiler,String,boolean,boolean,boolean,boolean,VariableMap,char[],Set<String>#154	1.9776447105788424	0.0	0.9888223552894212		_
com.google.javascript.jscomp.RenameVars#?#RenameVars#?,AbstractCompiler,String,boolean,boolean,boolean,boolean,VariableMap,char[],Set<String>#153	1.9776447105788424	0.0	0.9888223552894212		_
com.google.javascript.jscomp.RenameVars#?#RenameVars#?,AbstractCompiler,String,boolean,boolean,boolean,boolean,VariableMap,char[],Set<String>#152	1.9776447105788424	0.0	0.9888223552894212		_
com.google.javascript.jscomp.RenameVars#?#RenameVars#?,AbstractCompiler,String,boolean,boolean,boolean,boolean,VariableMap,char[],Set<String>#144	1.9776447105788424	0.0	0.9888223552894212		_
com.google.javascript.jscomp.RenameVars#?#RenameVars#?,AbstractCompiler,String,boolean,boolean,boolean,boolean,VariableMap,char[],Set<String>#145	1.9776447105788424	0.0	0.9888223552894212		_
com.google.javascript.jscomp.RenameVars#?#RenameVars#?,AbstractCompiler,String,boolean,boolean,boolean,boolean,VariableMap,char[],Set<String>#146	1.9776447105788424	0.0	0.9888223552894212		_
com.google.javascript.jscomp.RenameVars#?#RenameVars#?,AbstractCompiler,String,boolean,boolean,boolean,boolean,VariableMap,char[],Set<String>#143	1.9776447105788424	0.0	0.9888223552894212		_
com.google.javascript.jscomp.deps.JsFileParser#DependencyInfo#parseFile#?,String,String,String#114	1.9776447105788424	0.0	0.9888223552894212		_
com.google.javascript.jscomp.Scope$Arguments#?#Arguments#?,Scope#357	1.977245508982036	0.0	0.988622754491018		_
com.google.javascript.jscomp.Scope#Var#getArgumentsVar#?#557	1.977245508982036	0.0	0.988622754491018		_
com.google.javascript.jscomp.Scope#Var#getArgumentsVar#?#555	1.977245508982036	0.0	0.988622754491018		_
com.google.javascript.jscomp.PeepholeRemoveDeadCode#Node#tryFoldExpr#?,Node#151	1.9771124417831005	0.0	0.9885562208915503		_
com.google.javascript.jscomp.PeepholeRemoveDeadCode#Node#tryFoldExpr#?,Node#138	1.9771124417831005	0.0	0.9885562208915503		_
com.google.javascript.jscomp.ReplaceCssNames#void#process#?,Node,Node#130	1.9771124417831005	0.0	0.9885562208915503		_
com.google.javascript.jscomp.ReplaceCssNames#void#process#?,Node,Node#128	1.9771124417831005	0.0	0.9885562208915503		_
com.google.javascript.jscomp.PeepholeRemoveDeadCode#Node#optimizeSubtree#?,Node#51	1.9771124417831005	0.0	0.9885562208915503		_
com.google.javascript.jscomp.PeepholeRemoveDeadCode#Node#optimizeSubtree#?,Node#52	1.9771124417831005	0.0	0.9885562208915503		_
com.google.javascript.jscomp.ReplaceCssNames#?#ReplaceCssNames#?,AbstractCompiler,Map<String,Integer>#117	1.9771124417831005	0.0	0.9885562208915503		_
com.google.javascript.jscomp.ReplaceCssNames#?#ReplaceCssNames#?,AbstractCompiler,Map<String,Integer>#118	1.9771124417831005	0.0	0.9885562208915503		_
com.google.javascript.jscomp.ReplaceCssNames#?#ReplaceCssNames#?,AbstractCompiler,Map<String,Integer>#119	1.9771124417831005	0.0	0.9885562208915503		_
com.google.javascript.jscomp.PeepholeRemoveDeadCode#Node#trySimplifyUnusedResult#?,Node#160	1.9771124417831005	0.0	0.9885562208915503		_
com.google.javascript.jscomp.MustBeReachingVariableDef$Definition#?#Definition#?,Node#74	1.976979374584165	0.0	0.9884896872920825		_
com.google.javascript.jscomp.PeepholeRemoveDeadCode#Node#trySimplifyUnusedResult#?,Node,boolean#278	1.976979374584165	0.0	0.9884896872920825		_
com.google.javascript.jscomp.PeepholeRemoveDeadCode#Node#trySimplifyUnusedResult#?,Node,boolean#174	1.976979374584165	0.0	0.9884896872920825		_
com.google.javascript.jscomp.PeepholeRemoveDeadCode#Node#trySimplifyUnusedResult#?,Node,boolean#171	1.976979374584165	0.0	0.9884896872920825		_
com.google.javascript.jscomp.MustBeReachingVariableDef$MustDef#?#MustDef#?,Iterator<Var>#127	1.976979374584165	0.0	0.9884896872920825		_
com.google.javascript.jscomp.MustBeReachingVariableDef$MustDef#?#MustDef#?,Iterator<Var>#123	1.976979374584165	0.0	0.9884896872920825		_
com.google.javascript.jscomp.MustBeReachingVariableDef#boolean#isForward#?#195	1.9768463073852296	0.0	0.9884231536926148		_
com.google.javascript.jscomp.MustBeReachingVariableDef#MustDef#createInitialEstimateLattice#?#205	1.9768463073852296	0.0	0.9884231536926148		_
com.google.javascript.jscomp.MustBeReachingVariableDef#?#MustBeReachingVariableDef#?,ControlFlowGraph<Node>,Scope,AbstractCompiler#59	1.9768463073852296	0.0	0.9884231536926148		_
com.google.javascript.jscomp.MustBeReachingVariableDef#?#MustBeReachingVariableDef#?,ControlFlowGraph<Node>,Scope,AbstractCompiler#56	1.9768463073852296	0.0	0.9884231536926148		_
com.google.javascript.jscomp.MustBeReachingVariableDef#?#MustBeReachingVariableDef#?,ControlFlowGraph<Node>,Scope,AbstractCompiler#55	1.9768463073852296	0.0	0.9884231536926148		_
com.google.javascript.jscomp.MustBeReachingVariableDef#?#MustBeReachingVariableDef#?,ControlFlowGraph<Node>,Scope,AbstractCompiler#58	1.9768463073852296	0.0	0.9884231536926148		_
com.google.javascript.jscomp.MustBeReachingVariableDef#?#MustBeReachingVariableDef#?,ControlFlowGraph<Node>,Scope,AbstractCompiler#57	1.9768463073852296	0.0	0.9884231536926148		_
com.google.javascript.jscomp.MustBeReachingVariableDef$MustDef#?#MustDef#?,MustDef#137	1.9768463073852296	0.0	0.9884231536926148		_
com.google.javascript.jscomp.MustBeReachingVariableDef$MustDef#?#MustDef#?#117	1.9768463073852296	0.0	0.9884231536926148		_
com.google.javascript.jscomp.MustBeReachingVariableDef$MustDef#boolean#equals#?,Object#142	1.9768463073852296	0.0	0.9884231536926148		_
com.google.javascript.jscomp.MustBeReachingVariableDef#MustDef#flowThrough#?,Node,MustDef#212	1.9768463073852296	0.0	0.9884231536926148		_
com.google.javascript.jscomp.MustBeReachingVariableDef#MustDef#flowThrough#?,Node,MustDef#216	1.9768463073852296	0.0	0.9884231536926148		_
com.google.javascript.jscomp.MustBeReachingVariableDef#MustDef#flowThrough#?,Node,MustDef#217	1.9768463073852296	0.0	0.9884231536926148		_
com.google.javascript.jscomp.MustBeReachingVariableDef#MustDef#createEntryLattice#?#200	1.9768463073852296	0.0	0.9884231536926148		_
com.google.javascript.jscomp.MustBeReachingVariableDef$MustDef#?#MustDef#?,Iterator<Var>#121	1.9768463073852296	0.0	0.9884231536926148		_
com.google.javascript.jscomp.MustBeReachingVariableDef#void#computeMustDef#?,Node,Node,MustDef,boolean#227	1.9768463073852296	0.0	0.9884231536926148		_
com.google.javascript.jscomp.MustBeReachingVariableDef#void#computeMustDef#?,Node,Node,MustDef,boolean#231	1.9768463073852296	0.0	0.9884231536926148		_
com.google.javascript.jscomp.deps.SimpleDependencyInfo#?#SimpleDependencyInfo#?,String,String,List<String>,List<String>#59	1.9765801729873587	0.0	0.9882900864936793		_
com.google.javascript.jscomp.deps.SimpleDependencyInfo#?#SimpleDependencyInfo#?,String,String,List<String>,List<String>#58	1.9765801729873587	0.0	0.9882900864936793		_
com.google.javascript.jscomp.deps.SimpleDependencyInfo#?#SimpleDependencyInfo#?,String,String,List<String>,List<String>#61	1.9765801729873587	0.0	0.9882900864936793		_
com.google.javascript.jscomp.deps.SimpleDependencyInfo#?#SimpleDependencyInfo#?,String,String,List<String>,List<String>#60	1.9765801729873587	0.0	0.9882900864936793		_
com.google.javascript.jscomp.DataFlowAnalysis$FlowState#void#setIn#?,L#353	1.9764471057884232	0.0	0.9882235528942116		_
com.google.javascript.jscomp.DataFlowAnalysis$FlowState#void#setIn#?,L#354	1.9764471057884232	0.0	0.9882235528942116		_
com.google.javascript.jscomp.DataFlowAnalysis#boolean#flow#?,DiGraphNode<N,Branch>#270	1.9764471057884232	0.0	0.9882235528942116		_
com.google.javascript.jscomp.DataFlowAnalysis#boolean#flow#?,DiGraphNode<N,Branch>#271	1.9764471057884232	0.0	0.9882235528942116		_
com.google.javascript.jscomp.DataFlowAnalysis#boolean#flow#?,DiGraphNode<N,Branch>#272	1.9764471057884232	0.0	0.9882235528942116		_
com.google.javascript.jscomp.DataFlowAnalysis#void#joinInputs#?,DiGraphNode<N,Branch>#295	1.9764471057884232	0.0	0.9882235528942116		_
com.google.javascript.jscomp.DataFlowAnalysis#void#joinInputs#?,DiGraphNode<N,Branch>#294	1.9764471057884232	0.0	0.9882235528942116		_
com.google.javascript.jscomp.DataFlowAnalysis#void#joinInputs#?,DiGraphNode<N,Branch>#292	1.9764471057884232	0.0	0.9882235528942116		_
com.google.javascript.jscomp.DataFlowAnalysis#void#joinInputs#?,DiGraphNode<N,Branch>#290	1.9764471057884232	0.0	0.9882235528942116		_
com.google.javascript.jscomp.deps.JsFileLineParser#void#doParse#?,String,Reader#168	1.9763140385894877	0.0	0.9881570192947439		_
com.google.javascript.jscomp.RemoveUnusedVars#void#process#?,Node,Node#141	1.9760479041916168	0.0	0.9880239520958084		_
com.google.javascript.jscomp.RemoveUnusedVars#void#process#?,Node,Node#142	1.9760479041916168	0.0	0.9880239520958084		_
com.google.javascript.jscomp.RemoveUnusedVars#void#process#?,Node,Node#149	1.9760479041916168	0.0	0.9880239520958084		_
com.google.javascript.jscomp.deps.JsFileLineParser#void#doParse#?,String,Reader#147	1.9759148369926813	0.0	0.9879574184963407		_
com.google.javascript.jscomp.deps.JsFileLineParser#void#doParse#?,String,Reader#148	1.9759148369926813	0.0	0.9879574184963407		_
com.google.javascript.jscomp.deps.JsFileLineParser#void#doParse#?,String,Reader#146	1.9759148369926813	0.0	0.9879574184963407		_
com.google.javascript.jscomp.deps.JsFileLineParser#void#doParse#?,String,Reader#134	1.9759148369926813	0.0	0.9879574184963407		_
com.google.javascript.jscomp.deps.JsFileLineParser#void#doParse#?,String,Reader#132	1.9759148369926813	0.0	0.9879574184963407		_
com.google.javascript.jscomp.ProcessClosurePrimitives#void#visit#?,NodeTraversal,Node,Node#188	1.9757817697937459	0.0	0.9878908848968729		_
com.google.javascript.jscomp.RemoveUnusedVars#void#traverseAndRemoveUnusedReferences#?,Node#169	1.9756487025948104	0.0	0.9878243512974052		_
com.google.javascript.jscomp.RemoveUnusedVars#void#traverseAndRemoveUnusedReferences#?,Node#170	1.9756487025948104	0.0	0.9878243512974052		_
com.google.javascript.jscomp.RemoveUnusedVars#void#traverseAndRemoveUnusedReferences#?,Node#177	1.9756487025948104	0.0	0.9878243512974052		_
com.google.javascript.jscomp.RemoveUnusedVars#void#traverseAndRemoveUnusedReferences#?,Node#176	1.9756487025948104	0.0	0.9878243512974052		_
com.google.javascript.jscomp.RemoveUnusedVars#void#traverseNode#?,Node,Node,Scope#294	1.9756487025948104	0.0	0.9878243512974052		_
com.google.javascript.jscomp.RemoveUnusedVars#void#interpretAssigns#?#705	1.9756487025948104	0.0	0.9878243512974052		_
com.google.javascript.jscomp.RemoveUnusedVars#void#interpretAssigns#?#707	1.9756487025948104	0.0	0.9878243512974052		_
com.google.javascript.jscomp.RemoveUnusedVars#void#traverseNode#?,Node,Node,Scope#195	1.9756487025948104	0.0	0.9878243512974052		_
com.google.javascript.jscomp.RemoveUnusedVars#void#traverseNode#?,Node,Node,Scope#193	1.9756487025948104	0.0	0.9878243512974052		_
com.google.javascript.jscomp.RemoveUnusedVars#void#traverseNode#?,Node,Node,Scope#194	1.9756487025948104	0.0	0.9878243512974052		_
com.google.javascript.jscomp.RemoveUnusedVars#void#removeUnreferencedVars#?#785	1.9756487025948104	0.0	0.9878243512974052		_
com.google.javascript.jscomp.RemoveUnusedVars#void#process#?,Node,Node,SimpleDefinitionFinder#159	1.9756487025948104	0.0	0.9878243512974052		_
com.google.javascript.jscomp.RemoveUnusedVars#?#RemoveUnusedVars#?,AbstractCompiler,boolean,boolean,boolean#130	1.9756487025948104	0.0	0.9878243512974052		_
com.google.javascript.jscomp.RemoveUnusedVars#?#RemoveUnusedVars#?,AbstractCompiler,boolean,boolean,boolean#132	1.9756487025948104	0.0	0.9878243512974052		_
com.google.javascript.jscomp.RemoveUnusedVars#?#RemoveUnusedVars#?,AbstractCompiler,boolean,boolean,boolean#131	1.9756487025948104	0.0	0.9878243512974052		_
com.google.javascript.jscomp.RemoveUnusedVars#?#RemoveUnusedVars#?,AbstractCompiler,boolean,boolean,boolean#129	1.9756487025948104	0.0	0.9878243512974052		_
com.google.javascript.jscomp.RemoveUnusedVars#?#RemoveUnusedVars#?,AbstractCompiler,boolean,boolean,boolean#128	1.9756487025948104	0.0	0.9878243512974052		_
com.google.javascript.jscomp.CodingConventions$Proxy#boolean#isConstant#?,String#64	1.975515635395875	0.0	0.9877578176979375		_
com.google.javascript.jscomp.DiagnosticType#DiagnosticType#warning#?,String,String#65	1.9753825681969395	0.0	0.9876912840984697		_
com.google.javascript.jscomp.CodingConventions$DefaultCodingConvention#boolean#isConstant#?,String#249	1.975249500998004	0.0	0.987624750499002		_
com.google.javascript.jscomp.deps.JsFileLineParser#void#doParse#?,String,Reader#126	1.974983366600133	0.0	0.9874916833000665		_
com.google.javascript.jscomp.deps.JsFileLineParser#void#doParse#?,String,Reader#128	1.974983366600133	0.0	0.9874916833000665		_
com.google.javascript.jscomp.deps.JsFileLineParser#void#doParse#?,String,Reader#127	1.974983366600133	0.0	0.9874916833000665		_
com.google.javascript.jscomp.deps.JsFileLineParser#void#doParse#?,String,Reader#120	1.974983366600133	0.0	0.9874916833000665		_
com.google.javascript.jscomp.deps.JsFileLineParser#void#doParse#?,String,Reader#121	1.974983366600133	0.0	0.9874916833000665		_
com.google.javascript.jscomp.deps.JsFileLineParser#void#doParse#?,String,Reader#123	1.974983366600133	0.0	0.9874916833000665		_
com.google.javascript.jscomp.PeepholeFoldConstants#Node#tryFoldBinaryOperator#?,Node#113	1.9748502994011976	0.0	0.9874251497005988		_
com.google.javascript.jscomp.graph.GraphReachability#boolean#traverseEdge#?,N,E,N#80	1.9745841650033267	0.0	0.9872920825016633		_
com.google.javascript.jscomp.DiagnosticType#DiagnosticType#error#?,String,String#54	1.9744510978043912	0.0	0.9872255489021956		_
com.google.javascript.jscomp.Denormalize#void#maybeCollapseIntoForStatements#?,Node,Node#80	1.9744510978043912	0.0	0.9872255489021956		_
com.google.javascript.jscomp.graph.GraphReachability#void#compute#?,N#57	1.9743180306054557	0.0	0.9871590153027279		_
com.google.javascript.jscomp.graph.GraphReachability#void#compute#?,N#56	1.9743180306054557	0.0	0.9871590153027279		_
com.google.javascript.jscomp.graph.GraphReachability#void#compute#?,N#55	1.9743180306054557	0.0	0.9871590153027279		_
com.google.javascript.jscomp.graph.GraphReachability#?#GraphReachability#?,DiGraph<N,E>,Predicate<EdgeTuple<N,E>>#50	1.9743180306054557	0.0	0.9871590153027279		_
com.google.javascript.jscomp.graph.GraphReachability#?#GraphReachability#?,DiGraph<N,E>,Predicate<EdgeTuple<N,E>>#51	1.9743180306054557	0.0	0.9871590153027279		_
com.google.javascript.jscomp.graph.GraphReachability#boolean#traverseEdge#?,N,E,N#76	1.9743180306054557	0.0	0.9871590153027279		_
com.google.javascript.jscomp.graph.GraphReachability#boolean#traverseEdge#?,N,E,N#77	1.9743180306054557	0.0	0.9871590153027279		_
com.google.javascript.jscomp.graph.GraphReachability#boolean#traverseEdge#?,N,E,N#74	1.9743180306054557	0.0	0.9871590153027279		_
com.google.javascript.jscomp.ControlFlowAnalysis#void#handleIf#?,Node#363	1.9740518962075848	0.0	0.9870259481037924		_
com.google.javascript.jscomp.PeepholeSubstituteAlternateSyntax#Node#tryReplaceUndefined#?,Node#401	1.9740518962075848	0.0	0.9870259481037924		_
com.google.javascript.jscomp.JSModuleGraph#Iterable<JSModule>#getAllModules#?#116	1.9740518962075848	0.0	0.9870259481037924		_
com.google.javascript.jscomp.ControlFlowGraph$AbstractCfgNodeTraversalCallback#boolean#shouldTraverse#?,NodeTraversal,Node,Node#141	1.9740518962075848	0.0	0.9870259481037924		_
com.google.javascript.jscomp.PeepholeSubstituteAlternateSyntax#Node#optimizeSubtree#?,Node#155	1.9740518962075848	0.0	0.9870259481037924		_
com.google.javascript.jscomp.Compiler#ErrorManager#getErrorManager#?#2206	1.9737857618097139	0.0	0.9868928809048569		_
com.google.javascript.jscomp.PeepholeOptimizationsPass#void#visit#?,Node#183	1.9736526946107784	0.0	0.9868263473053892		_
com.google.javascript.jscomp.PeepholeOptimizationsPass#void#visit#?,Node#181	1.9736526946107784	0.0	0.9868263473053892		_
com.google.javascript.jscomp.ProcessClosurePrimitives#void#handleCandidateProvideDefinition#?,NodeTraversal,Node,Node#370	1.973519627411843	0.0	0.9867598137059215		_
com.google.javascript.jscomp.AbstractPeepholeOptimization#boolean#isASTNormalized#?#85	1.973519627411843	0.0	0.9867598137059215		_
com.google.javascript.jscomp.AbstractPeepholeOptimization#boolean#isASTNormalized#?#83	1.973519627411843	0.0	0.9867598137059215		_
com.google.javascript.jscomp.NodeUtil#TernaryValue#getPureBooleanValue#?,Node#169	1.973519627411843	0.0	0.9867598137059215		_
com.google.javascript.jscomp.graph.FixedPointGraphTraversal#void#computeFixedPoint#?,DiGraph<N,E>,N#83	1.9733865602129075	0.0	0.9866932801064537		_
com.google.javascript.jscomp.graph.FixedPointGraphTraversal#void#computeFixedPoint#?,DiGraph<N,E>,N#84	1.9733865602129075	0.0	0.9866932801064537		_
com.google.javascript.jscomp.graph.FixedPointGraphTraversal#void#computeFixedPoint#?,DiGraph<N,E>,N#85	1.9733865602129075	0.0	0.9866932801064537		_
com.google.javascript.jscomp.PassFactory#PassFactory#makeOneTimePass#?#70	1.973253493013972	0.0	0.986626746506986		_
com.google.javascript.jscomp.PassFactory#PassFactory#makeOneTimePass#?#69	1.973253493013972	0.0	0.986626746506986		_
com.google.javascript.jscomp.DefaultPassConfig#List<PassFactory>#getOptimizations#?#627	1.973253493013972	0.0	0.986626746506986		_
com.google.javascript.jscomp.ControlFlowAnalysis#Node#computeFollowNode#?,Node,Node,ControlFlowAnalysis#722	1.9731204258150365	0.0	0.9865602129075183		_
com.google.javascript.jscomp.DiagnosticType#DiagnosticType#make#?,String,CheckLevel,String#90	1.972987358616101	0.0	0.9864936793080505		_
com.google.javascript.jscomp.DiagnosticType#?#DiagnosticType#?,String,CheckLevel,MessageFormat#99	1.972987358616101	0.0	0.9864936793080505		_
com.google.javascript.jscomp.DiagnosticType#?#DiagnosticType#?,String,CheckLevel,MessageFormat#98	1.972987358616101	0.0	0.9864936793080505		_
com.google.javascript.jscomp.DiagnosticType#?#DiagnosticType#?,String,CheckLevel,MessageFormat#100	1.972987358616101	0.0	0.9864936793080505		_
com.google.javascript.jscomp.DiagnosticType#?#DiagnosticType#?,String,CheckLevel,MessageFormat#102	1.972987358616101	0.0	0.9864936793080505		_
com.google.javascript.jscomp.ScopedAliases$Traversal#List<Node>#getScopeCalls#?#208	1.9728542914171656	0.0	0.9864271457085828		_
com.google.javascript.jscomp.ScopedAliases$Traversal#Collection<Node>#getAliasDefinitionsInOrder#?#200	1.9728542914171656	0.0	0.9864271457085828		_
com.google.javascript.jscomp.ScopedAliases$Traversal#List<AliasUsage>#getAliasUsages#?#204	1.9728542914171656	0.0	0.9864271457085828		_
com.google.javascript.jscomp.PeepholeSubstituteAlternateSyntax#Node#tryReplaceIf#?,Node#367	1.9727212242182302	0.0	0.9863606121091151		_
com.google.javascript.jscomp.ProcessClosurePrimitives#void#visit#?,NodeTraversal,Node,Node#182	1.9727212242182302	0.0	0.9863606121091151		_
com.google.javascript.jscomp.PeepholeSubstituteAlternateSyntax#Node#optimizeSubtree#?,Node#158	1.9727212242182302	0.0	0.9863606121091151		_
com.google.javascript.jscomp.PeepholeSubstituteAlternateSyntax#Node#optimizeSubtree#?,Node#78	1.9725881570192947	0.0	0.9862940785096473		_
com.google.javascript.jscomp.PeepholeSubstituteAlternateSyntax#Node#optimizeSubtree#?,Node#164	1.9725881570192947	0.0	0.9862940785096473		_
com.google.javascript.jscomp.Denormalize#void#maybeCollapseIntoForStatements#?,Node,Node#78	1.9724550898203592	0.0	0.9862275449101796		_
com.google.javascript.jscomp.PeepholeSubstituteAlternateSyntax#?#PeepholeSubstituteAlternateSyntax#?,boolean#69	1.9723220226214238	0.0	0.9861610113107119		_
com.google.javascript.jscomp.ProcessClosurePrimitives#void#visit#?,NodeTraversal,Node,Node#227	1.9720558882235528	0.0	0.9860279441117764		_
com.google.javascript.jscomp.ReferenceCollectingCallback#?#ReferenceCollectingCallback#?,AbstractCompiler,Behavior#88	1.9720558882235528	0.0	0.9860279441117764		_
com.google.javascript.jscomp.CombinedCompilerPass$CallbackWrapper#?#CallbackWrapper#?,Callback#113	1.9720558882235528	0.0	0.9860279441117764		_
com.google.javascript.jscomp.ScopedAliases#?#ScopedAliases#?,AbstractCompiler,PreprocessorSymbolTable,AliasTransformationHandler#95	1.9719228210246174	0.0	0.9859614105123087		_
com.google.javascript.jscomp.ScopedAliases#?#ScopedAliases#?,AbstractCompiler,PreprocessorSymbolTable,AliasTransformationHandler#94	1.9719228210246174	0.0	0.9859614105123087		_
com.google.javascript.jscomp.ScopedAliases#?#ScopedAliases#?,AbstractCompiler,PreprocessorSymbolTable,AliasTransformationHandler#93	1.9719228210246174	0.0	0.9859614105123087		_
com.google.javascript.jscomp.ScopedAliases#void#process#?,Node,Node#100	1.9719228210246174	0.0	0.9859614105123087		_
com.google.javascript.jscomp.ScopedAliases$Traversal#boolean#isCallToScopeMethod#?,Node#216	1.9719228210246174	0.0	0.9859614105123087		_
com.google.javascript.jscomp.ScopedAliases$Traversal#void#visit#?,NodeTraversal,Node,Node#325	1.9719228210246174	0.0	0.9859614105123087		_
com.google.javascript.jscomp.ScopedAliases$Traversal#boolean#hasErrors#?#212	1.9719228210246174	0.0	0.9859614105123087		_
com.google.javascript.jscomp.ScopedAliases#void#hotSwapScript#?,Node,Node#106	1.9719228210246174	0.0	0.9859614105123087		_
com.google.javascript.jscomp.ScopedAliases#void#hotSwapScript#?,Node,Node#105	1.9719228210246174	0.0	0.9859614105123087		_
com.google.javascript.jscomp.ScopedAliases$Traversal#boolean#shouldTraverse#?,NodeTraversal,Node,Node#246	1.9719228210246174	0.0	0.9859614105123087		_
com.google.javascript.jscomp.ScopedAliases$Traversal#void#enterScope#?,NodeTraversal#222	1.9719228210246174	0.0	0.9859614105123087		_
com.google.javascript.jscomp.PeepholeFoldConstants#Node#tryFoldBinaryOperator#?,Node#109	1.971789753825682	0.0	0.985894876912841		_
com.google.javascript.jscomp.PeepholeFoldConstants#Node#tryFoldBinaryOperator#?,Node#103	1.971789753825682	0.0	0.985894876912841		_
com.google.javascript.jscomp.PeepholeFoldConstants#Node#tryFoldBinaryOperator#?,Node#100	1.971789753825682	0.0	0.985894876912841		_
com.google.javascript.jscomp.PeepholeFoldConstants#Node#tryFoldBinaryOperator#?,Node#106	1.971789753825682	0.0	0.985894876912841		_
com.google.javascript.jscomp.CodeGenerator#Context#clearContextForNoInOperator#?,Context#1195	1.971789753825682	0.0	0.985894876912841		_
com.google.javascript.jscomp.PeepholeFoldConstants#void#tryReduceOperandsForOp#?,Node#193	1.971789753825682	0.0	0.985894876912841		_
com.google.javascript.jscomp.PeepholeFoldConstants#Node#optimizeSubtree#?,Node#76	1.971789753825682	0.0	0.985894876912841		_
com.google.javascript.jscomp.PeepholeFoldConstants#Node#optimizeSubtree#?,Node#95	1.971789753825682	0.0	0.985894876912841		_
com.google.javascript.jscomp.PeepholeFoldConstants#Node#optimizeSubtree#?,Node#94	1.971789753825682	0.0	0.985894876912841		_
com.google.javascript.jscomp.CodeGenerator#void#addExpr#?,Node,int,Context#887	1.971789753825682	0.0	0.985894876912841		_
com.google.javascript.jscomp.CodeGenerator#void#addExpr#?,Node,int,Context#889	1.971789753825682	0.0	0.985894876912841		_
com.google.javascript.jscomp.CodeGenerator#void#addExpr#?,Node,int,Context#888	1.971789753825682	0.0	0.985894876912841		_
com.google.javascript.jscomp.Compiler#Result#compile#?,List<T1>,List<T2>,CompilerOptions#533	1.9716566866267464	0.0	0.9858283433133732		_
com.google.javascript.jscomp.Compiler#Result#compile#?,List<T1>,List<T2>,CompilerOptions#536	1.9716566866267464	0.0	0.9858283433133732		_
com.google.javascript.jscomp.Compiler#Result#compile#?,List<T1>,List<T2>,CompilerOptions#540	1.9716566866267464	0.0	0.9858283433133732		_
com.google.javascript.jscomp.Compiler#Result#compile#?,List<T1>,List<T2>,CompilerOptions#542	1.9716566866267464	0.0	0.9858283433133732		_
com.google.javascript.jscomp.Compiler#Result#compile#?,List<T1>,List<T2>,CompilerOptions#544	1.9716566866267464	0.0	0.9858283433133732		_
com.google.javascript.jscomp.Compiler#Result#compile#?,List<T1>,List<T2>,CompilerOptions#543	1.9716566866267464	0.0	0.9858283433133732		_
com.google.javascript.jscomp.PeepholeFoldConstants#?#PeepholeFoldConstants#?,boolean#71	1.971523619427811	0.0	0.9857618097139055		_
com.google.javascript.rhino.IR#Node#trueNode#?#436	1.97125748502994	0.0	0.98562874251497		_
com.google.javascript.jscomp.ProcessClosurePrimitives#void#handleCandidateProvideDefinition#?,NodeTraversal,Node,Node#367	1.970991350632069	0.0	0.9854956753160345		_
com.google.javascript.jscomp.CheckSideEffects$StripProtection#?#StripProtection#?,AbstractCompiler#209	1.970991350632069	0.0	0.9854956753160345		_
com.google.javascript.jscomp.CheckSideEffects$StripProtection#void#process#?,Node,Node#214	1.970991350632069	0.0	0.9854956753160345		_
com.google.javascript.jscomp.NodeUtil#boolean#checkForStateChangeHelper#?,Node,boolean,AbstractCompiler#875	1.970991350632069	0.0	0.9854956753160345		_
com.google.javascript.jscomp.AstValidator#void#process#?,Node,Node#63	1.9707252162341982	0.0	0.9853626081170991		_
com.google.javascript.jscomp.AstValidator#void#process#?,Node,Node#60	1.9707252162341982	0.0	0.9853626081170991		_
com.google.javascript.jscomp.DefaultPassConfig#List<PassFactory>#getOptimizations#?#427	1.9704590818363275	0.0	0.9852295409181637		_
com.google.javascript.jscomp.MakeDeclaredNamesUnique$ContextualRenameInverter#boolean#shouldTraverse#?,NodeTraversal,Node,Node#388	1.9704590818363275	0.0	0.9852295409181637		_
com.google.javascript.jscomp.DefaultPassConfig#List<PassFactory>#getOptimizations#?#352	1.9704590818363275	0.0	0.9852295409181637		_
com.google.javascript.jscomp.DefaultPassConfig#List<PassFactory>#getOptimizations#?#343	1.9704590818363275	0.0	0.9852295409181637		_
com.google.javascript.jscomp.DefaultPassConfig#List<PassFactory>#getOptimizations#?#342	1.9704590818363275	0.0	0.9852295409181637		_
com.google.javascript.jscomp.DefaultPassConfig#List<PassFactory>#getOptimizations#?#466	1.9704590818363275	0.0	0.9852295409181637		_
com.google.javascript.jscomp.DefaultPassConfig#List<PassFactory>#getOptimizations#?#499	1.9704590818363275	0.0	0.9852295409181637		_
com.google.javascript.jscomp.DefaultPassConfig#List<PassFactory>#getOptimizations#?#489	1.9704590818363275	0.0	0.9852295409181637		_
com.google.javascript.jscomp.DefaultPassConfig#List<PassFactory>#getOptimizations#?#487	1.9704590818363275	0.0	0.9852295409181637		_
com.google.javascript.jscomp.Compiler#void#normalize#?#1893	1.9704590818363275	0.0	0.9852295409181637		_
com.google.javascript.jscomp.Compiler#void#normalize#?#1894	1.9704590818363275	0.0	0.9852295409181637		_
com.google.javascript.jscomp.Compiler#void#normalize#?#1895	1.9704590818363275	0.0	0.9852295409181637		_
com.google.javascript.jscomp.Compiler#void#normalize#?#1896	1.9704590818363275	0.0	0.9852295409181637		_
com.google.javascript.jscomp.MakeDeclaredNamesUnique$ContextualRenameInverter#void#process#?,Node,Node#280	1.9704590818363275	0.0	0.9852295409181637		_
com.google.javascript.jscomp.MakeDeclaredNamesUnique$ContextualRenameInverter#void#exitScope#?,NodeTraversal#316	1.9704590818363275	0.0	0.9852295409181637		_
com.google.javascript.jscomp.DefaultPassConfig#List<PassFactory>#getOptimizations#?#617	1.9704590818363275	0.0	0.9852295409181637		_
com.google.javascript.jscomp.DefaultPassConfig#List<PassFactory>#getOptimizations#?#672	1.9704590818363275	0.0	0.9852295409181637		_
com.google.javascript.jscomp.DefaultPassConfig#List<PassFactory>#getOptimizations#?#670	1.9704590818363275	0.0	0.9852295409181637		_
com.google.javascript.jscomp.DefaultPassConfig#List<PassFactory>#getOptimizations#?#666	1.9704590818363275	0.0	0.9852295409181637		_
com.google.javascript.jscomp.DefaultPassConfig#List<PassFactory>#getOptimizations#?#669	1.9704590818363275	0.0	0.9852295409181637		_
com.google.javascript.jscomp.DefaultPassConfig#List<PassFactory>#getMainOptimizationLoop#?#677	1.9704590818363275	0.0	0.9852295409181637		_
com.google.javascript.jscomp.DefaultPassConfig#List<PassFactory>#getMainOptimizationLoop#?#682	1.9704590818363275	0.0	0.9852295409181637		_
com.google.javascript.jscomp.DefaultPassConfig#List<PassFactory>#getOptimizations#?#598	1.9704590818363275	0.0	0.9852295409181637		_
com.google.javascript.jscomp.DefaultPassConfig#List<PassFactory>#getMainOptimizationLoop#?#692	1.9704590818363275	0.0	0.9852295409181637		_
com.google.javascript.jscomp.Compiler#void#optimize#?#1848	1.9704590818363275	0.0	0.9852295409181637		_
com.google.javascript.jscomp.Compiler#void#optimize#?#1847	1.9704590818363275	0.0	0.9852295409181637		_
com.google.javascript.jscomp.Compiler#void#optimize#?#1843	1.9704590818363275	0.0	0.9852295409181637		_
com.google.javascript.jscomp.Compiler#void#optimize#?#1841	1.9704590818363275	0.0	0.9852295409181637		_
com.google.javascript.jscomp.MakeDeclaredNamesUnique$ContextualRenameInverter#void#visit#?,NodeTraversal,Node,Node#394	1.9704590818363275	0.0	0.9852295409181637		_
com.google.javascript.jscomp.MakeDeclaredNamesUnique#CompilerPass#getContextualRenameInverter#?,AbstractCompiler#72	1.9704590818363275	0.0	0.9852295409181637		_
com.google.javascript.jscomp.DefaultPassConfig#List<PassFactory>#getMainOptimizationLoop#?#707	1.9704590818363275	0.0	0.9852295409181637		_
com.google.javascript.jscomp.DefaultPassConfig#List<PassFactory>#getMainOptimizationLoop#?#708	1.9704590818363275	0.0	0.9852295409181637		_
com.google.javascript.jscomp.Compiler#void#compileInternal#?#693	1.9704590818363275	0.0	0.9852295409181637		_
com.google.javascript.jscomp.MakeDeclaredNamesUnique$ContextualRenameInverter#?#ContextualRenameInverter#?,AbstractCompiler#275	1.9704590818363275	0.0	0.9852295409181637		_
com.google.javascript.jscomp.DefaultPassConfig#List<PassFactory>#getCodeRemovingPasses#?#743	1.9704590818363275	0.0	0.9852295409181637		_
com.google.javascript.jscomp.DefaultPassConfig#List<PassFactory>#getCodeRemovingPasses#?#742	1.9704590818363275	0.0	0.9852295409181637		_
com.google.javascript.jscomp.DefaultPassConfig#List<PassFactory>#getCodeRemovingPasses#?#713	1.9704590818363275	0.0	0.9852295409181637		_
com.google.javascript.jscomp.MakeDeclaredNamesUnique$ContextualRenameInverter#void#enterScope#?,NodeTraversal#302	1.9704590818363275	0.0	0.9852295409181637		_
com.google.javascript.jscomp.PeepholeRemoveDeadCode#Node#optimizeSubtree#?,Node#73	1.9697937458416501	0.0	0.9848968729208251		_
com.google.javascript.jscomp.CombinedCompilerPass#?#CombinedCompilerPass#?,AbstractCompiler,Callback#61	1.9697937458416501	0.0	0.9848968729208251		_
com.google.javascript.jscomp.InlineVariables$InliningBehavior#void#collectAliasCandidates#?,NodeTraversal,ReferenceMap#171	1.9695276114437792	0.0	0.9847638057218896		_
com.google.javascript.jscomp.InlineVariables$InliningBehavior#void#collectAliasCandidates#?,NodeTraversal,ReferenceMap#172	1.9695276114437792	0.0	0.9847638057218896		_
com.google.javascript.jscomp.graph.Graph#void#clearNodeAnnotations#?#229	1.9693945442448437	0.0	0.9846972721224219		_
com.google.javascript.jscomp.graph.Graph#void#clearNodeAnnotations#?#230	1.9693945442448437	0.0	0.9846972721224219		_
com.google.javascript.jscomp.NodeUtil#boolean#isReferenceName#?,Node#1734	1.9692614770459083	0.0	0.9846307385229541		_
com.google.javascript.jscomp.NodeUtil#Node#newExpr#?,Node#751	1.9691284098469728	0.0	0.9845642049234864		_
com.google.javascript.jscomp.PeepholeRemoveDeadCode#boolean#isSimpleAssignment#?,Node#551	1.9691284098469728	0.0	0.9845642049234864		_
com.google.javascript.jscomp.PeepholeRemoveDeadCode#Node#tryOptimizeBlock#?,Node#462	1.9691284098469728	0.0	0.9845642049234864		_
com.google.javascript.jscomp.PeepholeRemoveDeadCode#Node#tryOptimizeBlock#?,Node#476	1.9691284098469728	0.0	0.9845642049234864		_
com.google.javascript.jscomp.PeepholeRemoveDeadCode#Node#tryOptimizeBlock#?,Node#470	1.9691284098469728	0.0	0.9845642049234864		_
com.google.javascript.jscomp.PeepholeRemoveDeadCode#Node#tryOptimizeBlock#?,Node#472	1.9691284098469728	0.0	0.9845642049234864		_
com.google.javascript.jscomp.InlineFunctions#void#process#?,Node,Node#118	1.9691284098469728	0.0	0.9845642049234864		_
com.google.javascript.jscomp.PeepholeRemoveDeadCode#Node#optimizeSubtree#?,Node#49	1.9691284098469728	0.0	0.9845642049234864		_
com.google.javascript.jscomp.NodeUtil#TernaryValue#getPureBooleanValue#?,Node#125	1.9691284098469728	0.0	0.9845642049234864		_
com.google.javascript.jscomp.PeepholeRemoveDeadCode#void#tryOptimizeConditionalAfterAssign#?,Node#494	1.9691284098469728	0.0	0.9845642049234864		_
com.google.javascript.jscomp.PeepholeRemoveDeadCode#Node#optimizeSubtree#?,Node#42	1.9689953426480373	0.0	0.9844976713240187		_
com.google.javascript.jscomp.GlobalNamespace$Name#void#addRef#?,Ref#962	1.9688622754491019	0.0	0.9844311377245509		_
com.google.javascript.jscomp.GlobalNamespace$Name#void#addRef#?,Ref#963	1.9688622754491019	0.0	0.9844311377245509		_
com.google.javascript.jscomp.GlobalNamespace$Name#void#addRef#?,Ref#961	1.9688622754491019	0.0	0.9844311377245509		_
com.google.javascript.jscomp.Denormalize#void#process#?,Node,Node#48	1.968596141051231	0.0	0.9842980705256155		_
com.google.javascript.jscomp.InlineVariables$InliningBehavior#boolean#isVarInlineForbidden#?,Var#349	1.9684630738522955	0.0	0.9842315369261477		_
com.google.javascript.jscomp.Denormalize#boolean#shouldTraverse#?,NodeTraversal,Node,Node#53	1.9681969394544245	0.0	0.9840984697272123		_
com.google.javascript.jscomp.CombinedCompilerPass#void#process#?,Node,Node#154	1.9681969394544245	0.0	0.9840984697272123		_
com.google.javascript.jscomp.CombinedCompilerPass$CallbackWrapper#boolean#isActive#?#148	1.9681969394544245	0.0	0.9840984697272123		_
com.google.javascript.jscomp.CombinedCompilerPass#void#exitScope#?,NodeTraversal#192	1.9681969394544245	0.0	0.9840984697272123		_
com.google.javascript.jscomp.CombinedCompilerPass#void#exitScope#?,NodeTraversal#191	1.9681969394544245	0.0	0.9840984697272123		_
com.google.javascript.jscomp.ProcessDefines$CollectDefines#void#updateAssignAllowedStack#?,Node,boolean#392	1.9681969394544245	0.0	0.9840984697272123		_
com.google.javascript.jscomp.ProcessDefines$CollectDefines#void#updateAssignAllowedStack#?,Node,boolean#394	1.9681969394544245	0.0	0.9840984697272123		_
com.google.javascript.jscomp.ProcessDefines$CollectDefines#void#updateAssignAllowedStack#?,Node,boolean#390	1.9681969394544245	0.0	0.9840984697272123		_
com.google.javascript.jscomp.CombinedCompilerPass#?#CombinedCompilerPass#?,AbstractCompiler,List<Callback>#69	1.9681969394544245	0.0	0.9840984697272123		_
com.google.javascript.jscomp.CombinedCompilerPass#?#CombinedCompilerPass#?,AbstractCompiler,List<Callback>#66	1.9681969394544245	0.0	0.9840984697272123		_
com.google.javascript.jscomp.CombinedCompilerPass#?#CombinedCompilerPass#?,AbstractCompiler,List<Callback>#67	1.9681969394544245	0.0	0.9840984697272123		_
com.google.javascript.jscomp.CombinedCompilerPass$CallbackWrapper#void#visitOrMaybeActivate#?,NodeTraversal,Node,Node#123	1.9681969394544245	0.0	0.9840984697272123		_
com.google.javascript.jscomp.ProcessClosurePrimitives#void#visit#?,NodeTraversal,Node,Node#179	1.9681969394544245	0.0	0.9840984697272123		_
com.google.javascript.jscomp.ProcessClosurePrimitives#void#visit#?,NodeTraversal,Node,Node#180	1.9681969394544245	0.0	0.9840984697272123		_
com.google.javascript.jscomp.CombinedCompilerPass#void#visit#?,NodeTraversal,Node,Node#178	1.9681969394544245	0.0	0.9840984697272123		_
com.google.javascript.jscomp.CombinedCompilerPass#void#visit#?,NodeTraversal,Node,Node#177	1.9681969394544245	0.0	0.9840984697272123		_
com.google.javascript.jscomp.Denormalize#void#maybeCollapseIntoForStatements#?,Node,Node#69	1.9681969394544245	0.0	0.9840984697272123		_
com.google.javascript.jscomp.Denormalize#void#maybeCollapseIntoForStatements#?,Node,Node#74	1.9681969394544245	0.0	0.9840984697272123		_
com.google.javascript.jscomp.Denormalize#void#visit#?,NodeTraversal,Node,Node#58	1.9681969394544245	0.0	0.9840984697272123		_
com.google.javascript.jscomp.Denormalize#?#Denormalize#?,AbstractCompiler#43	1.9681969394544245	0.0	0.9840984697272123		_
com.google.javascript.jscomp.CombinedCompilerPass#void#enterScope#?,NodeTraversal#185	1.9681969394544245	0.0	0.9840984697272123		_
com.google.javascript.jscomp.CombinedCompilerPass#void#enterScope#?,NodeTraversal#184	1.9681969394544245	0.0	0.9840984697272123		_
com.google.javascript.jscomp.CombinedCompilerPass#boolean#shouldTraverse#?,NodeTraversal,Node,Node#164	1.9681969394544245	0.0	0.9840984697272123		_
com.google.javascript.jscomp.CombinedCompilerPass#boolean#shouldTraverse#?,NodeTraversal,Node,Node#165	1.9681969394544245	0.0	0.9840984697272123		_
com.google.javascript.jscomp.CombinedCompilerPass#boolean#shouldTraverse#?,NodeTraversal,Node,Node#172	1.9681969394544245	0.0	0.9840984697272123		_
com.google.javascript.jscomp.CombinedCompilerPass$CallbackWrapper#?#CallbackWrapper#?,Callback#109	1.9681969394544245	0.0	0.9840984697272123		_
com.google.javascript.jscomp.SyntacticScopeCreator#boolean#hasDuplicateDeclarationSuppression#?,Node,Scope.Var#260	0.9833666001330672	0.9845642049234864	0.9839654025282768	info == null	_
com.google.javascript.jscomp.InlineVariables$InliningBehavior#boolean#maybeEscapedOrModifiedArguments#?,Scope,ReferenceMap#243	1.9676646706586827	0.0	0.9838323353293413		_
com.google.javascript.jscomp.InlineVariables$InliningBehavior#void#doInlinesForScope#?,NodeTraversal,ReferenceMap#196	1.9676646706586827	0.0	0.9838323353293413		_
com.google.javascript.jscomp.InlineVariables$InliningBehavior#void#doInlinesForScope#?,NodeTraversal,ReferenceMap#199	1.9676646706586827	0.0	0.9838323353293413		_
com.google.javascript.jscomp.InlineVariables#Predicate<Var>#getFilterForMode#?#90	1.9676646706586827	0.0	0.9838323353293413		_
com.google.javascript.jscomp.InlineVariables$InliningBehavior#void#doInlinesForScope#?,NodeTraversal,ReferenceMap#201	1.9676646706586827	0.0	0.9838323353293413		_
com.google.javascript.jscomp.InlineVariables#void#process#?,Node,Node#84	1.9676646706586827	0.0	0.9838323353293413		_
com.google.javascript.jscomp.InlineVariables#void#process#?,Node,Node#86	1.9676646706586827	0.0	0.9838323353293413		_
com.google.javascript.jscomp.InlineVariables$InliningBehavior#void#afterExitScope#?,NodeTraversal,ReferenceMap#160	1.9676646706586827	0.0	0.9838323353293413		_
com.google.javascript.jscomp.InlineVariables$InliningBehavior#void#afterExitScope#?,NodeTraversal,ReferenceMap#159	1.9676646706586827	0.0	0.9838323353293413		_
com.google.javascript.jscomp.InlineVariables#?#InlineVariables#?,AbstractCompiler,Mode,boolean#78	1.9676646706586827	0.0	0.9838323353293413		_
com.google.javascript.jscomp.InlineVariables#?#InlineVariables#?,AbstractCompiler,Mode,boolean#79	1.9676646706586827	0.0	0.9838323353293413		_
com.google.javascript.jscomp.InlineVariables#?#InlineVariables#?,AbstractCompiler,Mode,boolean#77	1.9676646706586827	0.0	0.9838323353293413		_
com.google.javascript.jscomp.Compiler#void#startPass#?,String#880	1.9675316034597472	0.0	0.9837658017298736		_
com.google.javascript.jscomp.Compiler#void#startPass#?,String#878	1.9675316034597472	0.0	0.9837658017298736		_
com.google.javascript.jscomp.Compiler#void#startPass#?,String#879	1.9675316034597472	0.0	0.9837658017298736		_
com.google.javascript.jscomp.NodeTraversal#ControlFlowGraph<Node>#getControlFlowGraph#?#619	1.9675316034597472	0.0	0.9837658017298736		_
com.google.javascript.jscomp.NodeTraversal#ControlFlowGraph<Node>#getControlFlowGraph#?#617	1.9675316034597472	0.0	0.9837658017298736		_
com.google.javascript.jscomp.NodeTraversal#ControlFlowGraph<Node>#getControlFlowGraph#?#615	1.9675316034597472	0.0	0.9837658017298736		_
com.google.javascript.jscomp.NodeTraversal#ControlFlowGraph<Node>#getControlFlowGraph#?#616	1.9675316034597472	0.0	0.9837658017298736		_
com.google.javascript.jscomp.NodeTraversal#ControlFlowGraph<Node>#getControlFlowGraph#?#614	1.9675316034597472	0.0	0.9837658017298736		_
com.google.javascript.jscomp.Compiler#void#process#?,CompilerPass#806	1.9675316034597472	0.0	0.9837658017298736		_
com.google.javascript.jscomp.Compiler#void#endPass#?#889	1.9675316034597472	0.0	0.9837658017298736		_
com.google.javascript.jscomp.Compiler#void#endPass#?#887	1.9675316034597472	0.0	0.9837658017298736		_
com.google.javascript.jscomp.Compiler#void#endPass#?#892	1.9675316034597472	0.0	0.9837658017298736		_
com.google.javascript.jscomp.Compiler#void#endPass#?#891	1.9675316034597472	0.0	0.9837658017298736		_
com.google.javascript.jscomp.Compiler#void#endPass#?#890	1.9675316034597472	0.0	0.9837658017298736		_
com.google.javascript.jscomp.Compiler#void#endPass#?#894	1.9675316034597472	0.0	0.9837658017298736		_
com.google.javascript.rhino.Node#boolean#isOnlyModifiesThisCall#?#2096	1.9671324018629408	0.0	0.9835662009314704		_
com.google.javascript.jscomp.DataFlowAnalysis#void#joinInputs#?,DiGraphNode<N,Branch>#310	1.9664670658682635	0.0	0.9832335329341317		_
com.google.javascript.jscomp.AbstractPeepholeOptimization#boolean#mayHaveSideEffects#?,Node#117	1.9664670658682635	0.0	0.9832335329341317		_
com.google.javascript.jscomp.ControlFlowAnalysis#void#handleIf#?,Node#359	1.9658017298735861	0.0	0.9829008649367931		_
com.google.javascript.jscomp.ControlFlowAnalysis#void#handleIf#?,Node#358	1.9658017298735861	0.0	0.9829008649367931		_
com.google.javascript.jscomp.ControlFlowAnalysis#void#handleIf#?,Node#368	1.9658017298735861	0.0	0.9829008649367931		_
com.google.javascript.jscomp.ControlFlowAnalysis#void#handleIf#?,Node#360	1.9658017298735861	0.0	0.9829008649367931		_
com.google.javascript.jscomp.ControlFlowAnalysis#void#visit#?,NodeTraversal,Node,Node#299	1.9658017298735861	0.0	0.9829008649367931		_
com.google.javascript.jscomp.ControlFlowAnalysis#void#visit#?,NodeTraversal,Node,Node#298	1.9658017298735861	0.0	0.9829008649367931		_
com.google.javascript.jscomp.parsing.JsDocTokenStream#JsDocToken#getJsDocToken#?#139	1.9656686626746507	0.0	0.9828343313373253		_
com.google.javascript.jscomp.RenameLabels$ProcessLabels#void#visit#?,NodeTraversal,Node,Node#170	1.9655355954757152	0.0	0.9827677977378576		_
com.google.javascript.jscomp.RenameLabels$ProcessLabels#void#exitScope#?,NodeTraversal#127	1.9655355954757152	0.0	0.9827677977378576		_
com.google.javascript.jscomp.DataFlowAnalysis#void#joinInputs#?,DiGraphNode<N,Branch>#306	1.9655355954757152	0.0	0.9827677977378576		_
com.google.javascript.jscomp.DataFlowAnalysis#void#joinInputs#?,DiGraphNode<N,Branch>#308	1.9655355954757152	0.0	0.9827677977378576		_
com.google.javascript.jscomp.RenameLabels#void#process#?,Node,Node#260	1.9655355954757152	0.0	0.9827677977378576		_
com.google.javascript.jscomp.DataFlowAnalysis$FlowState#void#setOut#?,L#363	1.9655355954757152	0.0	0.9827677977378576		_
com.google.javascript.jscomp.DataFlowAnalysis$FlowState#void#setOut#?,L#362	1.9655355954757152	0.0	0.9827677977378576		_
com.google.javascript.jscomp.ControlFlowAnalysis$AstControlFlowGraph#Comparator<DiGraphNode<Node,Branch>>#getOptionalNodeComparator#?,boolean#1038	1.9655355954757152	0.0	0.9827677977378576		_
com.google.javascript.jscomp.RenameLabels$ProcessLabels#void#enterScope#?,NodeTraversal#122	1.9655355954757152	0.0	0.9827677977378576		_
com.google.javascript.jscomp.DataFlowAnalysis#boolean#flow#?,DiGraphNode<N,Branch>#274	1.9655355954757152	0.0	0.9827677977378576		_
com.google.javascript.jscomp.DataFlowAnalysis#boolean#flow#?,DiGraphNode<N,Branch>#275	1.9655355954757152	0.0	0.9827677977378576		_
com.google.javascript.jscomp.DataFlowAnalysis#boolean#flow#?,DiGraphNode<N,Branch>#276	1.9655355954757152	0.0	0.9827677977378576		_
com.google.javascript.jscomp.RenameLabels$ProcessLabels#boolean#shouldTraverse#?,NodeTraversal,Node,Node#159	1.9655355954757152	0.0	0.9827677977378576		_
com.google.javascript.jscomp.RenameLabels#?#RenameLabels#?,AbstractCompiler,Supplier<String>,boolean#84	1.9655355954757152	0.0	0.9827677977378576		_
com.google.javascript.jscomp.RenameLabels#?#RenameLabels#?,AbstractCompiler,Supplier<String>,boolean#85	1.9655355954757152	0.0	0.9827677977378576		_
com.google.javascript.jscomp.RenameLabels#?#RenameLabels#?,AbstractCompiler,Supplier<String>,boolean#86	1.9655355954757152	0.0	0.9827677977378576		_
com.google.javascript.jscomp.RenameLabels$ProcessLabels#?#ProcessLabels#?#107	1.9655355954757152	0.0	0.9827677977378576		_
com.google.javascript.jscomp.CompilerInput#SourceFile#getSourceFile#?#132	1.9654025282767797	0.0	0.9827012641383899		_
com.google.javascript.jscomp.ReferenceCollectingCallback$ReferenceMapWrapper#ReferenceCollection#getReferences#?,Var#264	1.9652694610778443	0.0	0.9826347305389221		_
com.google.javascript.jscomp.DataFlowAnalysis$FlowState#L#getOut#?#358	1.9648702594810379	0.0	0.9824351297405189		_
com.google.javascript.jscomp.Compiler#Node#getRoot#?#950	1.964071856287425	0.0	0.9820359281437125		_
com.google.javascript.jscomp.ProcessClosurePrimitives#void#handleCandidateProvideDefinition#?,NodeTraversal,Node,Node#377	1.9639387890884896	0.0	0.9819693945442448		_
com.google.javascript.jscomp.NodeUtil#boolean#checkForStateChangeHelper#?,Node,boolean,AbstractCompiler#924	1.9634065202927478	0.0	0.9817032601463739		_
com.google.javascript.jscomp.CodeGenerator#void#add#?,Node,Context#673	1.9631403858948768	0.0	0.9815701929474384		_
com.google.javascript.jscomp.DataFlowAnalysis#void#computeEscaped#?,Scope,Set<Var>,AbstractCompiler#572	1.9630073186959414	0.0	0.9815036593479707		_
com.google.javascript.jscomp.DataFlowAnalysis#void#computeEscaped#?,Scope,Set<Var>,AbstractCompiler#551	1.962874251497006	0.0	0.981437125748503		_
com.google.javascript.jscomp.DataFlowAnalysis#void#computeEscaped#?,Scope,Set<Var>,AbstractCompiler#566	1.962874251497006	0.0	0.981437125748503		_
com.google.javascript.jscomp.DataFlowAnalysis#void#computeEscaped#?,Scope,Set<Var>,AbstractCompiler#567	1.962874251497006	0.0	0.981437125748503		_
com.google.javascript.jscomp.DataFlowAnalysis$FlowState#L#getIn#?#349	1.962608117099135	0.0	0.9813040585495675		_
com.google.javascript.jscomp.NameGenerator#char[]#reserveCharacters#?,char[],char[]#80	1.962608117099135	0.0	0.9813040585495675		_
com.google.javascript.jscomp.DataFlowAnalysis#void#initialize#?#254	1.9624750499001995	0.0	0.9812375249500997		_
com.google.javascript.jscomp.DataFlowAnalysis#void#initialize#?#257	1.9624750499001995	0.0	0.9812375249500997		_
com.google.javascript.jscomp.DataFlowAnalysis#void#initialize#?#253	1.9624750499001995	0.0	0.9812375249500997		_
com.google.javascript.jscomp.DataFlowAnalysis#void#initialize#?#252	1.9624750499001995	0.0	0.9812375249500997		_
com.google.javascript.jscomp.DataFlowAnalysis#boolean#flow#?,DiGraphNode<N,Branch>#268	1.9624750499001995	0.0	0.9812375249500997		_
com.google.javascript.jscomp.VarCheck$NameRefInExternsCheck#void#visit#?,NodeTraversal,Node,Node#244	1.9624750499001995	0.0	0.9812375249500997		_
com.google.javascript.jscomp.VarCheck$NameRefInExternsCheck#void#visit#?,NodeTraversal,Node,Node#245	1.9624750499001995	0.0	0.9812375249500997		_
com.google.javascript.jscomp.VarCheck$NameRefInExternsCheck#void#visit#?,NodeTraversal,Node,Node#251	1.9624750499001995	0.0	0.9812375249500997		_
com.google.javascript.jscomp.DataFlowAnalysis#void#joinInputs#?,DiGraphNode<N,Branch>#287	1.9624750499001995	0.0	0.9812375249500997		_
com.google.javascript.jscomp.DataFlowAnalysis$FlowState#?#FlowState#?,L,L#345	1.9624750499001995	0.0	0.9812375249500997		_
com.google.javascript.jscomp.DataFlowAnalysis$FlowState#?#FlowState#?,L,L#344	1.9624750499001995	0.0	0.9812375249500997		_
com.google.javascript.jscomp.DataFlowAnalysis$FlowState#?#FlowState#?,L,L#343	1.9624750499001995	0.0	0.9812375249500997		_
com.google.javascript.jscomp.DataFlowAnalysis$FlowState#?#FlowState#?,L,L#342	1.9624750499001995	0.0	0.9812375249500997		_
com.google.javascript.jscomp.ProcessDefines#void#process#?,Node,Node#118	1.9622089155023286	0.0	0.9811044577511643		_
com.google.javascript.jscomp.ControlFlowAnalysis#boolean#shouldTraverse#?,NodeTraversal,Node,Node#260	1.9618097139055224	0.0	0.9809048569527612		_
com.google.javascript.jscomp.NodeTraversal#void#traverseAtScope#?,Scope#356	1.961144377910845	0.0	0.9805721889554225		_
com.google.javascript.jscomp.ReferenceCollectingCallback#void#exitScope#?,NodeTraversal#187	1.9610113107119096	0.0	0.9805056553559548		_
com.google.javascript.jscomp.ReferenceCollectingCallback$ReferenceMapWrapper#?#ReferenceMapWrapper#?,Map<Var,ReferenceCollection>#259	1.9610113107119096	0.0	0.9805056553559548		_
com.google.javascript.jscomp.NodeTraversal#void#traverseAtScope#?,Scope#359	1.9610113107119096	0.0	0.9805056553559548		_
com.google.javascript.jscomp.NodeTraversal#void#traverseAtScope#?,Scope#358	1.9610113107119096	0.0	0.9805056553559548		_
com.google.javascript.jscomp.NodeTraversal#void#traverseAtScope#?,Scope#351	1.9610113107119096	0.0	0.9805056553559548		_
com.google.javascript.jscomp.NodeTraversal#void#traverseAtScope#?,Scope#367	1.9610113107119096	0.0	0.9805056553559548		_
com.google.javascript.jscomp.NodeTraversal#void#traverseAtScope#?,Scope#365	1.9610113107119096	0.0	0.9805056553559548		_
com.google.javascript.jscomp.NodeTraversal#void#traverseAtScope#?,Scope#364	1.9610113107119096	0.0	0.9805056553559548		_
com.google.javascript.jscomp.NodeTraversal#void#traverseAtScope#?,Scope#363	1.9610113107119096	0.0	0.9805056553559548		_
com.google.javascript.jscomp.NodeTraversal#void#traverseAtScope#?,Scope#362	1.9610113107119096	0.0	0.9805056553559548		_
com.google.javascript.jscomp.NodeTraversal#void#traverseAtScope#?,Scope#360	1.9610113107119096	0.0	0.9805056553559548		_
com.google.javascript.jscomp.PeepholeOptimizationsPass#boolean#shouldRetraverse#?,Node#145	1.9610113107119096	0.0	0.9805056553559548		_
com.google.javascript.jscomp.PeepholeOptimizationsPass#boolean#shouldRetraverse#?,Node#146	1.9610113107119096	0.0	0.9805056553559548		_
com.google.javascript.jscomp.PeepholeOptimizationsPass#boolean#shouldRetraverse#?,Node#147	1.9610113107119096	0.0	0.9805056553559548		_
com.google.javascript.jscomp.PeepholeOptimizationsPass$PeepholeChangeHandler#void#reportChange#?#85	1.9608782435129741	0.0	0.9804391217564871		_
com.google.javascript.jscomp.JSModuleGraph#?#JSModuleGraph#?,List<JSModule>#88	1.9608782435129741	0.0	0.9804391217564871		_
com.google.javascript.jscomp.JSModuleGraph#?#JSModuleGraph#?,List<JSModule>#89	1.9608782435129741	0.0	0.9804391217564871		_
com.google.javascript.jscomp.JSModuleGraph#?#JSModuleGraph#?,List<JSModule>#85	1.9608782435129741	0.0	0.9804391217564871		_
com.google.javascript.jscomp.JSModuleGraph#?#JSModuleGraph#?,List<JSModule>#91	1.9608782435129741	0.0	0.9804391217564871		_
com.google.javascript.jscomp.JSModuleGraph#?#JSModuleGraph#?,List<JSModule>#92	1.9608782435129741	0.0	0.9804391217564871		_
com.google.javascript.jscomp.AbstractPeepholeOptimization#void#reportCodeChange#?#63	1.9608782435129741	0.0	0.9804391217564871		_
com.google.javascript.jscomp.AbstractPeepholeOptimization#void#reportCodeChange#?#62	1.9608782435129741	0.0	0.9804391217564871		_
com.google.javascript.jscomp.JSModuleGraph#?#JSModuleGraph#?,List<JSModule>#108	1.9608782435129741	0.0	0.9804391217564871		_
com.google.javascript.jscomp.JSModuleGraph#?#JSModuleGraph#?,List<JSModule>#106	1.9608782435129741	0.0	0.9804391217564871		_
com.google.javascript.jscomp.JSModuleGraph#?#JSModuleGraph#?,List<JSModule>#104	1.9608782435129741	0.0	0.9804391217564871		_
com.google.javascript.jscomp.NodeUtil#boolean#checkForStateChangeHelper#?,Node,boolean,AbstractCompiler#891	0.9804391217564871	0.9804391217564871	0.9804391217564871	isGet(assignTarget)	_
com.google.javascript.jscomp.NodeUtil#boolean#checkForStateChangeHelper#?,Node,boolean,AbstractCompiler#897	0.9804391217564871	0.9804391217564871	0.9804391217564871	!(evaluatesToLocalValue(current))	_
com.google.javascript.jscomp.NodeUtil#boolean#checkForStateChangeHelper#?,Node,boolean,AbstractCompiler#884	0.9804391217564871	0.9804391217564871	0.9804391217564871	!(checkForStateChangeHelper(n.getFirstChild(),checkForNewObjects,compiler) || checkForStateChangeHelper(n.getLastChild(),checkForNewObjects,compiler))	_
com.google.javascript.jscomp.GlobalNamespace$BuildGlobalNamespace#boolean#isConstructorOrEnumDeclaration#?,Node,Node#583	1.9607451763140387	0.0	0.9803725881570193		_
com.google.javascript.jscomp.GlobalNamespace$BuildGlobalNamespace#boolean#isConstructorOrEnumDeclaration#?,Node,Node#584	1.9607451763140387	0.0	0.9803725881570193		_
com.google.javascript.jscomp.GlobalNamespace$BuildGlobalNamespace#boolean#isConstructorOrEnumDeclaration#?,Node,Node#582	1.9607451763140387	0.0	0.9803725881570193		_
com.google.javascript.jscomp.NodeUtil#Node#getConditionExpression#?,Node#1678	1.9598137059214904	0.0	0.9799068529607452		_
com.google.javascript.jscomp.JSModule#List<JSModule>#getDependencies#?#158	1.9598137059214904	0.0	0.9799068529607452		_
com.google.javascript.jscomp.GlobalNamespace$BuildGlobalNamespace#String#getNameForObjLitKey#?,Node#495	0.9797737857618097	0.9799068529607452	0.9798403193612775	TokenStream.isJSIdentifier(key)	_
com.google.javascript.jscomp.GlobalNamespace$BuildGlobalNamespace#String#getNameForObjLitKey#?,Node#493	0.9797737857618097	0.9797737857618097	0.9797737857618097	name != null	_
com.google.javascript.jscomp.ProcessDefines#Map<String,DefineInfo>#collectDefines#?,Node,GlobalNamespace#190	1.9592814371257485	0.0	0.9796407185628743		_
com.google.javascript.jscomp.ProcessDefines#Map<String,DefineInfo>#collectDefines#?,Node,GlobalNamespace#193	1.9592814371257485	0.0	0.9796407185628743		_
com.google.javascript.jscomp.ProcessClosurePrimitives#void#visit#?,NodeTraversal,Node,Node#264	1.9588822355289421	0.0	0.9794411177644711		_
com.google.javascript.jscomp.GlobalNamespace$BuildGlobalNamespace#void#collect#?,NodeTraversal,Node,Node#327	0.9785761809713905	0.9799068529607452	0.9792415169660679	!(name == null)	_
com.google.javascript.jscomp.CodeGenerator#void#add#?,Node,Context#684	1.9582168995342648	0.0	0.9791084497671324		_
com.google.javascript.jscomp.CodeGenerator#void#add#?,Node,Context#683	1.9582168995342648	0.0	0.9791084497671324		_
com.google.javascript.jscomp.CodeGenerator#void#add#?,Node,Context#663	1.9582168995342648	0.0	0.9791084497671324		_
com.google.javascript.jscomp.CodeGenerator#void#add#?,Node,Context#664	1.9582168995342648	0.0	0.9791084497671324		_
com.google.javascript.jscomp.VarCheck$NameRefInExternsCheck#void#visit#?,NodeTraversal,Node,Node#241	1.9580838323353293	0.0	0.9790419161676647		_
com.google.javascript.jscomp.WarningsGuard$Priority#?#Priority#?,int#59	0.9788423153692615	0.9788423153692615	0.9788423153692615	this.value == value	_
com.google.javascript.jscomp.VarCheck#void#visit#?,NodeTraversal,Node,Node#130	1.9575515635395875	0.0	0.9787757817697937		_
com.google.javascript.jscomp.VarCheck#void#visit#?,NodeTraversal,Node,Node#131	1.9575515635395875	0.0	0.9787757817697937		_
com.google.javascript.jscomp.VarCheck#void#visit#?,NodeTraversal,Node,Node#132	1.9575515635395875	0.0	0.9787757817697937		_
com.google.javascript.jscomp.ProcessTweaks$TweakFunction#?#TweakFunction#?,String,String,int,int,TweakFunction#147	0.978709248170326	0.978709248170326	0.978709248170326	this.validNodeTypeB <= validNodeTypeB	_
com.google.javascript.jscomp.ProcessTweaks$TweakFunction#?#TweakFunction#?,String,String,int,int,TweakFunction#146	0.978709248170326	0.978709248170326	0.978709248170326	this.validNodeTypeA >= validNodeTypeB	_
com.google.javascript.jscomp.NameGenerator#?#NameGenerator#?,Set<String>,String,char[]#61	1.9572854291417165	0.0	0.9786427145708583		_
com.google.javascript.jscomp.NameGenerator#?#NameGenerator#?,Set<String>,String,char[]#62	1.9572854291417165	0.0	0.9786427145708583		_
com.google.javascript.jscomp.NameGenerator#?#NameGenerator#?,Set<String>,String,char[]#65	1.9572854291417165	0.0	0.9786427145708583		_
com.google.javascript.jscomp.NameGenerator#?#NameGenerator#?,Set<String>,String,char[]#66	1.9572854291417165	0.0	0.9786427145708583		_
com.google.javascript.jscomp.NameGenerator#?#NameGenerator#?,Set<String>,String,char[]#68	1.9572854291417165	0.0	0.9786427145708583		_
com.google.javascript.jscomp.GlobalNamespace$BuildGlobalNamespace#void#collect#?,NodeTraversal,Node,Node#324	0.9785761809713905	0.9785761809713905	0.9785761809713905	parent != null && parent.isObjectLit()	_
com.google.javascript.jscomp.GlobalNamespace$BuildGlobalNamespace#String#getNameForObjLitKey#?,Node#453	0.9785761809713905	0.9785761809713905	0.9785761809713905	!(gramps == null)	_
com.google.javascript.jscomp.ReferenceCollectingCallback$BasicBlock#?#BasicBlock#?,BasicBlock,Node#675	1.9570192947438456	0.0	0.9785096473719228		_
com.google.javascript.jscomp.ReferenceCollectingCallback$BasicBlock#?#BasicBlock#?,BasicBlock,Node#674	1.9570192947438456	0.0	0.9785096473719228		_
com.google.javascript.jscomp.GlobalVarReferenceMap#ReferenceCollection#getReferences#?,Var#69	1.9568862275449102	0.0	0.9784431137724551		_
com.google.javascript.jscomp.ProcessClosurePrimitives#void#handleTypedefDefinition#?,NodeTraversal,Node,Node#347	1.9564870259481038	0.0	0.9782435129740519		_
com.google.javascript.jscomp.ProcessClosurePrimitives#void#visit#?,NodeTraversal,Node,Node#237	1.9564870259481038	0.0	0.9782435129740519		_
com.google.javascript.jscomp.ProcessClosurePrimitives#void#visit#?,NodeTraversal,Node,Node#238	1.9564870259481038	0.0	0.9782435129740519		_
com.google.javascript.jscomp.VarCheck$NameRefInExternsCheck#void#visit#?,NodeTraversal,Node,Node#236	1.9564870259481038	0.0	0.9782435129740519		_
com.google.javascript.jscomp.ProcessDefines#Map<String,DefineInfo>#collectDefines#?,Node,GlobalNamespace#176	1.9562208915502328	0.0	0.9781104457751164		_
com.google.javascript.jscomp.ProcessDefines#Map<String,DefineInfo>#collectDefines#?,Node,GlobalNamespace#177	1.9562208915502328	0.0	0.9781104457751164		_
com.google.javascript.jscomp.GlobalNamespace$BuildGlobalNamespace#void#handleGet#?,NodeTraversal,Node,Node,String#646	1.9562208915502328	0.0	0.9781104457751164		_
com.google.javascript.jscomp.GlobalNamespace$BuildGlobalNamespace#void#handleGet#?,NodeTraversal,Node,Node,String#648	1.9562208915502328	0.0	0.9781104457751164		_
com.google.javascript.jscomp.GlobalNamespace$BuildGlobalNamespace#void#handleGet#?,NodeTraversal,Node,Node,String#692	1.9562208915502328	0.0	0.9781104457751164		_
com.google.javascript.jscomp.InlineFunctions$FindCandidateFunctions#boolean#shouldTraverse#?,NodeTraversal,Node,Node#162	1.9560878243512974	0.0	0.9780439121756487		_
com.google.javascript.jscomp.InlineFunctions#?#InlineFunctions#?,AbstractCompiler,Supplier<String>,boolean,boolean,boolean,boolean,boolean#90	1.9560878243512974	0.0	0.9780439121756487		_
com.google.javascript.jscomp.InlineFunctions#?#InlineFunctions#?,AbstractCompiler,Supplier<String>,boolean,boolean,boolean,boolean,boolean#92	1.9560878243512974	0.0	0.9780439121756487		_
com.google.javascript.jscomp.InlineFunctions#?#InlineFunctions#?,AbstractCompiler,Supplier<String>,boolean,boolean,boolean,boolean,boolean#83	1.9560878243512974	0.0	0.9780439121756487		_
com.google.javascript.jscomp.InlineFunctions#?#InlineFunctions#?,AbstractCompiler,Supplier<String>,boolean,boolean,boolean,boolean,boolean#85	1.9560878243512974	0.0	0.9780439121756487		_
com.google.javascript.jscomp.InlineFunctions#?#InlineFunctions#?,AbstractCompiler,Supplier<String>,boolean,boolean,boolean,boolean,boolean#84	1.9560878243512974	0.0	0.9780439121756487		_
com.google.javascript.jscomp.InlineFunctions#?#InlineFunctions#?,AbstractCompiler,Supplier<String>,boolean,boolean,boolean,boolean,boolean#87	1.9560878243512974	0.0	0.9780439121756487		_
com.google.javascript.jscomp.InlineFunctions#?#InlineFunctions#?,AbstractCompiler,Supplier<String>,boolean,boolean,boolean,boolean,boolean#89	1.9560878243512974	0.0	0.9780439121756487		_
com.google.javascript.jscomp.InlineFunctions#?#InlineFunctions#?,AbstractCompiler,Supplier<String>,boolean,boolean,boolean,boolean,boolean#88	1.9560878243512974	0.0	0.9780439121756487		_
com.google.javascript.jscomp.InlineFunctions#void#process#?,Node,Node#116	1.9560878243512974	0.0	0.9780439121756487		_
com.google.javascript.jscomp.InlineFunctions#void#process#?,Node,Node#114	1.9560878243512974	0.0	0.9780439121756487		_
com.google.javascript.jscomp.GlobalNamespace$BuildGlobalNamespace#void#collect#?,NodeTraversal,Node,Node#428	1.955688622754491	0.0	0.9778443113772455		_
com.google.javascript.jscomp.Compiler#void#check#?#789	1.9538256819693944	0.0	0.9769128409846972		_
com.google.javascript.jscomp.DefaultPassConfig#Map<String,Node>#getAdditionalReplacements#?,CompilerOptions#2226	1.9538256819693944	0.0	0.9769128409846972		_
com.google.javascript.jscomp.DefaultPassConfig#Map<String,Node>#getAdditionalReplacements#?,CompilerOptions#2237	1.9538256819693944	0.0	0.9769128409846972		_
com.google.javascript.jscomp.DefaultPassConfig#CompilerPass#runInSerial#?,Collection<CompilerPass>#2214	1.9538256819693944	0.0	0.9769128409846972		_
com.google.javascript.jscomp.DefaultPassConfig#CompilerPass#runInSerial#?,CompilerPass#2208	1.9538256819693944	0.0	0.9769128409846972		_
com.google.javascript.jscomp.CompilerOptions#boolean#isExternExportsEnabled#?#1366	1.9538256819693944	0.0	0.9769128409846972		_
com.google.javascript.jscomp.CompilerOptions$TweakProcessing#boolean#shouldStrip#?#1991	1.9538256819693944	0.0	0.9769128409846972		_
com.google.javascript.jscomp.CompilerOptions#Map<String,Node>#getReplacementsHelper#?,Map<String,Object>#958	1.9536926147704592	0.0	0.9768463073852296		_
com.google.javascript.jscomp.CompilerOptions#Map<String,Node>#getReplacementsHelper#?,Map<String,Object>#973	1.9536926147704592	0.0	0.9768463073852296		_
com.google.javascript.jscomp.CompilerOptions#Map<String,Node>#getDefineReplacements#?#943	1.9536926147704592	0.0	0.9768463073852296		_
com.google.javascript.jscomp.CheckSideEffects#void#visit#?,NodeTraversal,Node,Node#134	1.9534264803725883	0.0	0.9767132401862941		_
com.google.javascript.jscomp.Compiler#void#compileInternal#?#704	1.9534264803725883	0.0	0.9767132401862941		_
com.google.javascript.jscomp.GlobalNamespace$BuildGlobalNamespace#void#collect#?,NodeTraversal,Node,Node#392	1.9532934131736528	0.0	0.9766467065868264		_
com.google.javascript.jscomp.ReferenceCollectingCallback#void#process#?,Node,Node#110	1.9528942115768464	0.0	0.9764471057884232		_
com.google.javascript.jscomp.ReferenceCollectingCallback$BasicBlock#?#BasicBlock#?,BasicBlock,Node#679	1.952761144377911	0.0	0.9763805721889555		_
com.google.javascript.jscomp.GlobalVarReferenceMap#void#resetGlobalVarReferences#?,Map<Var,ReferenceCollection>#84	1.9526280771789755	0.0	0.9763140385894877		_
com.google.javascript.jscomp.GlobalVarReferenceMap#void#resetGlobalVarReferences#?,Map<Var,ReferenceCollection>#81	1.9520958083832336	0.0	0.9760479041916168		_
com.google.javascript.jscomp.GlobalVarReferenceMap#void#resetGlobalVarReferences#?,Map<Var,ReferenceCollection>#82	1.9520958083832336	0.0	0.9760479041916168		_
com.google.javascript.jscomp.DefaultPassConfig#PassFactory#createEmptyPass#?,String#2175	1.9518296739853627	0.0	0.9759148369926813		_
com.google.javascript.jscomp.Compiler#void#check#?#760	1.9518296739853627	0.0	0.9759148369926813		_
com.google.javascript.jscomp.Compiler#void#check#?#766	1.9518296739853627	0.0	0.9759148369926813		_
com.google.javascript.jscomp.Compiler#void#check#?#765	1.9518296739853627	0.0	0.9759148369926813		_
com.google.javascript.jscomp.Compiler#void#check#?#756	1.9518296739853627	0.0	0.9759148369926813		_
com.google.javascript.jscomp.DefaultPassConfig#void#assertAllOneTimePasses#?,List<PassFactory>#810	1.9518296739853627	0.0	0.9759148369926813		_
com.google.javascript.jscomp.DefaultPassConfig#void#assertAllOneTimePasses#?,List<PassFactory>#809	1.9518296739853627	0.0	0.9759148369926813		_
com.google.javascript.jscomp.DefaultPassConfig#List<PassFactory>#getChecks#?#337	1.9518296739853627	0.0	0.9759148369926813		_
com.google.javascript.jscomp.DefaultPassConfig#List<PassFactory>#getChecks#?#336	1.9518296739853627	0.0	0.9759148369926813		_
com.google.javascript.jscomp.DefaultPassConfig#List<PassFactory>#getChecks#?#319	1.9518296739853627	0.0	0.9759148369926813		_
com.google.javascript.jscomp.DefaultPassConfig#List<PassFactory>#getChecks#?#311	1.9518296739853627	0.0	0.9759148369926813		_
com.google.javascript.jscomp.CompilerOptions#TweakProcessing#getTweakProcessing#?#1384	1.9518296739853627	0.0	0.9759148369926813		_
com.google.javascript.jscomp.CompilerOptions$TweakProcessing#boolean#isOn#?#1987	1.9518296739853627	0.0	0.9759148369926813		_
com.google.javascript.jscomp.Compiler#void#compileInternal#?#681	1.9518296739853627	0.0	0.9759148369926813		_
com.google.javascript.jscomp.DefaultPassConfig#List<PassFactory>#getChecks#?#191	1.9518296739853627	0.0	0.9759148369926813		_
com.google.javascript.jscomp.DefaultPassConfig#List<PassFactory>#getChecks#?#257	1.9518296739853627	0.0	0.9759148369926813		_
com.google.javascript.jscomp.DefaultPassConfig#List<PassFactory>#getChecks#?#212	1.9518296739853627	0.0	0.9759148369926813		_
com.google.javascript.jscomp.PhaseOptimizer#?#PhaseOptimizer#?,AbstractCompiler,PerformanceTracker,ProgressRange#84	1.9516966067864272	0.0	0.9758483033932136		_
com.google.javascript.jscomp.PhaseOptimizer#?#PhaseOptimizer#?,AbstractCompiler,PerformanceTracker,ProgressRange#85	1.9516966067864272	0.0	0.9758483033932136		_
com.google.javascript.jscomp.PhaseOptimizer#?#PhaseOptimizer#?,AbstractCompiler,PerformanceTracker,ProgressRange#86	1.9516966067864272	0.0	0.9758483033932136		_
com.google.javascript.jscomp.PhaseOptimizer#?#PhaseOptimizer#?,AbstractCompiler,PerformanceTracker,ProgressRange#87	1.9516966067864272	0.0	0.9758483033932136		_
com.google.javascript.jscomp.PhaseOptimizer#void#process#?,Node,Node#190	1.9516966067864272	0.0	0.9758483033932136		_
com.google.javascript.jscomp.GlobalVarReferenceMap#?#GlobalVarReferenceMap#?,List<CompilerInput>,List<CompilerInput>#54	1.9516966067864272	0.0	0.9758483033932136		_
com.google.javascript.jscomp.GlobalVarReferenceMap#?#GlobalVarReferenceMap#?,List<CompilerInput>,List<CompilerInput>#55	1.9516966067864272	0.0	0.9758483033932136		_
com.google.javascript.jscomp.GlobalVarReferenceMap#?#GlobalVarReferenceMap#?,List<CompilerInput>,List<CompilerInput>#56	1.9516966067864272	0.0	0.9758483033932136		_
com.google.javascript.jscomp.ReferenceCollectingCallback#void#exitScope#?,NodeTraversal#184	1.9515635395874917	0.0	0.9757817697937459		_
com.google.javascript.jscomp.ReferenceCollectingCallback#void#exitScope#?,NodeTraversal#185	1.9515635395874917	0.0	0.9757817697937459		_
com.google.javascript.jscomp.Compiler#GlobalVarReferenceMap#getGlobalVarReferences#?#2326	1.9515635395874917	0.0	0.9757817697937459		_
com.google.javascript.jscomp.Compiler#List<CompilerInput>#getInputsInOrder#?#2211	1.9515635395874917	0.0	0.9757817697937459		_
com.google.javascript.jscomp.Compiler#void#updateGlobalVarReferences#?,Map<Var,ReferenceCollection>,Node#2318	1.9515635395874917	0.0	0.9757817697937459		_
com.google.javascript.jscomp.Compiler#void#updateGlobalVarReferences#?,Map<Var,ReferenceCollection>,Node#2321	1.9515635395874917	0.0	0.9757817697937459		_
com.google.javascript.jscomp.Compiler#void#updateGlobalVarReferences#?,Map<Var,ReferenceCollection>,Node#2315	1.9515635395874917	0.0	0.9757817697937459		_
com.google.javascript.jscomp.Compiler#List<CompilerInput>#getExternsInOrder#?#2225	1.9515635395874917	0.0	0.9757817697937459		_
com.google.javascript.jscomp.GlobalVarReferenceMap#?#GlobalVarReferenceMap#?,List<CompilerInput>,List<CompilerInput>#60	1.9515635395874917	0.0	0.9757817697937459		_
com.google.javascript.jscomp.GlobalVarReferenceMap#?#GlobalVarReferenceMap#?,List<CompilerInput>,List<CompilerInput>#53	1.9515635395874917	0.0	0.9757817697937459		_
com.google.javascript.jscomp.GlobalVarReferenceMap#?#GlobalVarReferenceMap#?,List<CompilerInput>,List<CompilerInput>#52	1.9515635395874917	0.0	0.9757817697937459		_
com.google.javascript.jscomp.GlobalVarReferenceMap#?#GlobalVarReferenceMap#?,List<CompilerInput>,List<CompilerInput>#58	1.9515635395874917	0.0	0.9757817697937459		_
com.google.javascript.jscomp.GlobalVarReferenceMap#?#GlobalVarReferenceMap#?,List<CompilerInput>,List<CompilerInput>#59	1.9515635395874917	0.0	0.9757817697937459		_
com.google.javascript.jscomp.PhaseOptimizer#void#consume#?,List<PassFactory>#136	1.9514304723885563	0.0	0.9757152361942781		_
com.google.javascript.jscomp.PhaseOptimizer#void#consume#?,List<PassFactory>#127	1.9514304723885563	0.0	0.9757152361942781		_
com.google.javascript.jscomp.PhaseOptimizer#void#consume#?,List<PassFactory>#128	1.9514304723885563	0.0	0.9757152361942781		_
com.google.javascript.jscomp.PhaseOptimizer#void#consume#?,List<PassFactory>#126	1.9514304723885563	0.0	0.9757152361942781		_
com.google.javascript.jscomp.GlobalVarReferenceMap#void#updateGlobalVarReferences#?,Map<Var,ReferenceCollection>,Node#104	1.9514304723885563	0.0	0.9757152361942781		_
com.google.javascript.jscomp.GlobalVarReferenceMap#void#updateGlobalVarReferences#?,Map<Var,ReferenceCollection>,Node#103	1.9514304723885563	0.0	0.9757152361942781		_
com.google.javascript.jscomp.PassFactory#boolean#isOneTimePass#?#58	1.9514304723885563	0.0	0.9757152361942781		_
com.google.javascript.jscomp.GlobalVarReferenceMap#void#resetGlobalVarReferences#?,Map<Var,ReferenceCollection>#80	1.9514304723885563	0.0	0.9757152361942781		_
com.google.javascript.jscomp.GlobalNamespace$BuildGlobalNamespace#void#handleGet#?,NodeTraversal,Node,Node,String,Ref.Type#767	1.9512974051896208	0.0	0.9756487025948104		_
com.google.javascript.jscomp.GlobalNamespace$BuildGlobalNamespace#void#handleGet#?,NodeTraversal,Node,Node,String,Ref.Type#764	1.9512974051896208	0.0	0.9756487025948104		_
com.google.javascript.jscomp.Compiler#boolean#precheck#?#752	1.9512974051896208	0.0	0.9756487025948104		_
com.google.javascript.jscomp.CheckSideEffects#void#visit#?,NodeTraversal,Node,Node#98	1.9510312707917499	0.0	0.9755156353958749		_
com.google.javascript.jscomp.CheckSideEffects#void#visit#?,NodeTraversal,Node,Node#95	1.9510312707917499	0.0	0.9755156353958749		_
com.google.javascript.jscomp.CheckSideEffects#void#process#?,Node,Node#66	1.9510312707917499	0.0	0.9755156353958749		_
com.google.javascript.jscomp.CheckSideEffects#void#visit#?,NodeTraversal,Node,Node#138	1.9510312707917499	0.0	0.9755156353958749		_
com.google.javascript.jscomp.CheckSideEffects#?#CheckSideEffects#?,AbstractCompiler,CheckLevel,boolean#61	1.9510312707917499	0.0	0.9755156353958749		_
com.google.javascript.jscomp.CheckSideEffects#?#CheckSideEffects#?,AbstractCompiler,CheckLevel,boolean#60	1.9510312707917499	0.0	0.9755156353958749		_
com.google.javascript.jscomp.CheckSideEffects#?#CheckSideEffects#?,AbstractCompiler,CheckLevel,boolean#59	1.9510312707917499	0.0	0.9755156353958749		_
com.google.javascript.jscomp.GlobalNamespace$BuildGlobalNamespace#Name.Type#getValueType#?,Node#511	1.9508982035928144	0.0	0.9754491017964072		_
com.google.javascript.jscomp.PhaseOptimizer#void#addOneTimePass#?,PassFactory#153	1.950765136393879	0.0	0.9753825681969395		_
com.google.javascript.jscomp.VarCheck#?#VarCheck#?,AbstractCompiler#83	1.9506320691949435	0.0	0.9753160345974717		_
com.google.javascript.jscomp.GlobalNamespace$BuildGlobalNamespace#Name#getOrCreateName#?,String#847	1.9506320691949435	0.0	0.9753160345974717		_
com.google.javascript.jscomp.GlobalNamespace$BuildGlobalNamespace#Name#getOrCreateName#?,String#846	1.9506320691949435	0.0	0.9753160345974717		_
com.google.javascript.jscomp.GlobalNamespace$BuildGlobalNamespace#Name#getOrCreateName#?,String#848	1.9506320691949435	0.0	0.9753160345974717		_
com.google.javascript.jscomp.GlobalNamespace$Name#Name#addProperty#?,String,boolean#910	1.9506320691949435	0.0	0.9753160345974717		_
com.google.javascript.jscomp.GlobalNamespace$Name#Name#addProperty#?,String,boolean#911	1.9506320691949435	0.0	0.9753160345974717		_
com.google.javascript.jscomp.GlobalNamespace$Name#Name#addProperty#?,String,boolean#912	1.9506320691949435	0.0	0.9753160345974717		_
com.google.javascript.jscomp.GlobalNamespace$Name#Name#addProperty#?,String,boolean#908	1.9506320691949435	0.0	0.9753160345974717		_
com.google.javascript.jscomp.ReferenceCollectingCallback$ReferenceCollection#void#add#?,Reference,NodeTraversal,Var#298	1.950499001996008	0.0	0.975249500998004		_
com.google.javascript.jscomp.ReferenceCollectingCallback#void#addReference#?,NodeTraversal,Var,Reference#248	1.950499001996008	0.0	0.975249500998004		_
com.google.javascript.jscomp.ReferenceCollectingCallback#void#addReference#?,NodeTraversal,Var,Reference#244	1.950499001996008	0.0	0.975249500998004		_
com.google.javascript.jscomp.ReferenceCollectingCallback#void#addReference#?,NodeTraversal,Var,Reference#243	1.950499001996008	0.0	0.975249500998004		_
com.google.javascript.jscomp.ReferenceCollectingCallback#void#addReference#?,NodeTraversal,Var,Reference#241	1.950499001996008	0.0	0.975249500998004		_
com.google.javascript.jscomp.ReferenceCollectingCallback$Reference#?#Reference#?,Node,NodeTraversal,BasicBlock#499	1.950499001996008	0.0	0.975249500998004		_
com.google.javascript.jscomp.ReferenceCollectingCallback#void#visit#?,NodeTraversal,Node,Node#157	1.950499001996008	0.0	0.975249500998004		_
com.google.javascript.jscomp.ProcessClosurePrimitives#void#handleCandidateProvideDefinition#?,NodeTraversal,Node,Node#365	1.9503659347970725	0.0	0.9751829673985363		_
com.google.javascript.jscomp.Result#?#Result#?,JSError[],JSError[],String,VariableMap,VariableMap,VariableMap,VariableMap,FunctionInformationMap,SourceMap,String,Map<String,Integer>,String#57	1.9503659347970725	0.0	0.9751829673985363		_
com.google.javascript.jscomp.Result#?#Result#?,JSError[],JSError[],String,VariableMap,VariableMap,VariableMap,VariableMap,FunctionInformationMap,SourceMap,String,Map<String,Integer>,String#56	1.9503659347970725	0.0	0.9751829673985363		_
com.google.javascript.jscomp.Result#?#Result#?,JSError[],JSError[],String,VariableMap,VariableMap,VariableMap,VariableMap,FunctionInformationMap,SourceMap,String,Map<String,Integer>,String#55	1.9503659347970725	0.0	0.9751829673985363		_
com.google.javascript.jscomp.Result#?#Result#?,JSError[],JSError[],String,VariableMap,VariableMap,VariableMap,VariableMap,FunctionInformationMap,SourceMap,String,Map<String,Integer>,String#54	1.9503659347970725	0.0	0.9751829673985363		_
com.google.javascript.jscomp.Result#?#Result#?,JSError[],JSError[],String,VariableMap,VariableMap,VariableMap,VariableMap,FunctionInformationMap,SourceMap,String,Map<String,Integer>,String#53	1.9503659347970725	0.0	0.9751829673985363		_
com.google.javascript.jscomp.Result#?#Result#?,JSError[],JSError[],String,VariableMap,VariableMap,VariableMap,VariableMap,FunctionInformationMap,SourceMap,String,Map<String,Integer>,String#52	1.9503659347970725	0.0	0.9751829673985363		_
com.google.javascript.jscomp.Result#?#Result#?,JSError[],JSError[],String,VariableMap,VariableMap,VariableMap,VariableMap,FunctionInformationMap,SourceMap,String,Map<String,Integer>,String#51	1.9503659347970725	0.0	0.9751829673985363		_
com.google.javascript.jscomp.Result#?#Result#?,JSError[],JSError[],String,VariableMap,VariableMap,VariableMap,VariableMap,FunctionInformationMap,SourceMap,String,Map<String,Integer>,String#50	1.9503659347970725	0.0	0.9751829673985363		_
com.google.javascript.jscomp.Result#?#Result#?,JSError[],JSError[],String,VariableMap,VariableMap,VariableMap,VariableMap,FunctionInformationMap,SourceMap,String,Map<String,Integer>,String#58	1.9503659347970725	0.0	0.9751829673985363		_
com.google.javascript.jscomp.Result#?#Result#?,JSError[],JSError[],String,VariableMap,VariableMap,VariableMap,VariableMap,FunctionInformationMap,SourceMap,String,Map<String,Integer>,String#46	1.9503659347970725	0.0	0.9751829673985363		_
com.google.javascript.jscomp.Result#?#Result#?,JSError[],JSError[],String,VariableMap,VariableMap,VariableMap,VariableMap,FunctionInformationMap,SourceMap,String,Map<String,Integer>,String#48	1.9503659347970725	0.0	0.9751829673985363		_
com.google.javascript.jscomp.Result#?#Result#?,JSError[],JSError[],String,VariableMap,VariableMap,VariableMap,VariableMap,FunctionInformationMap,SourceMap,String,Map<String,Integer>,String#47	1.9503659347970725	0.0	0.9751829673985363		_
com.google.javascript.jscomp.Result#?#Result#?,JSError[],JSError[],String,VariableMap,VariableMap,VariableMap,VariableMap,FunctionInformationMap,SourceMap,String,Map<String,Integer>,String#49	1.9503659347970725	0.0	0.9751829673985363		_
com.google.javascript.jscomp.DefaultPassConfig#State#getIntermediateState#?#148	1.9503659347970725	0.0	0.9751829673985363		_
com.google.javascript.jscomp.Compiler#Result#getResult#?#921	1.9503659347970725	0.0	0.9751829673985363		_
com.google.javascript.jscomp.Compiler#Result#getResult#?#920	1.9503659347970725	0.0	0.9751829673985363		_
com.google.javascript.jscomp.PassConfig$State#?#State#?,Map<String,Integer>,Set<String>,CrossModuleMethodMotion.IdGenerator,VariableMap,VariableMap,VariableMap,VariableMap,FunctionNames,String#296	1.9503659347970725	0.0	0.9751829673985363		_
com.google.javascript.jscomp.PassConfig$State#?#State#?,Map<String,Integer>,Set<String>,CrossModuleMethodMotion.IdGenerator,VariableMap,VariableMap,VariableMap,VariableMap,FunctionNames,String#295	1.9503659347970725	0.0	0.9751829673985363		_
com.google.javascript.jscomp.PassConfig$State#?#State#?,Map<String,Integer>,Set<String>,CrossModuleMethodMotion.IdGenerator,VariableMap,VariableMap,VariableMap,VariableMap,FunctionNames,String#298	1.9503659347970725	0.0	0.9751829673985363		_
com.google.javascript.jscomp.PassConfig$State#?#State#?,Map<String,Integer>,Set<String>,CrossModuleMethodMotion.IdGenerator,VariableMap,VariableMap,VariableMap,VariableMap,FunctionNames,String#297	1.9503659347970725	0.0	0.9751829673985363		_
com.google.javascript.jscomp.PassConfig$State#?#State#?,Map<String,Integer>,Set<String>,CrossModuleMethodMotion.IdGenerator,VariableMap,VariableMap,VariableMap,VariableMap,FunctionNames,String#299	1.9503659347970725	0.0	0.9751829673985363		_
com.google.javascript.jscomp.PassConfig$State#?#State#?,Map<String,Integer>,Set<String>,CrossModuleMethodMotion.IdGenerator,VariableMap,VariableMap,VariableMap,VariableMap,FunctionNames,String#303	1.9503659347970725	0.0	0.9751829673985363		_
com.google.javascript.jscomp.PassConfig$State#?#State#?,Map<String,Integer>,Set<String>,CrossModuleMethodMotion.IdGenerator,VariableMap,VariableMap,VariableMap,VariableMap,FunctionNames,String#300	1.9503659347970725	0.0	0.9751829673985363		_
com.google.javascript.jscomp.PassConfig$State#?#State#?,Map<String,Integer>,Set<String>,CrossModuleMethodMotion.IdGenerator,VariableMap,VariableMap,VariableMap,VariableMap,FunctionNames,String#302	1.9503659347970725	0.0	0.9751829673985363		_
com.google.javascript.jscomp.PassConfig$State#?#State#?,Map<String,Integer>,Set<String>,CrossModuleMethodMotion.IdGenerator,VariableMap,VariableMap,VariableMap,VariableMap,FunctionNames,String#301	1.9503659347970725	0.0	0.9751829673985363		_
com.google.javascript.jscomp.BasicErrorManager#void#generateReport#?#60	1.950232867598137	0.0	0.9751164337990685		_
com.google.javascript.jscomp.ProcessClosurePrimitives#void#visit#?,NodeTraversal,Node,Node#233	1.950232867598137	0.0	0.9751164337990685		_
com.google.javascript.jscomp.ProcessClosurePrimitives#void#visit#?,NodeTraversal,Node,Node#234	1.950232867598137	0.0	0.9751164337990685		_
com.google.javascript.jscomp.Compiler#void#compileInternal#?#665	1.950232867598137	0.0	0.9751164337990685		_
com.google.javascript.jscomp.Compiler#void#compileInternal#?#661	1.950232867598137	0.0	0.9751164337990685		_
com.google.javascript.jscomp.Compiler#void#compileInternal#?#662	1.950232867598137	0.0	0.9751164337990685		_
com.google.javascript.jscomp.Compiler#void#setProgress#?,double#2349	1.950232867598137	0.0	0.9751164337990685		_
com.google.javascript.jscomp.Compiler#Result#compile#?#581	1.950232867598137	0.0	0.9751164337990685		_
com.google.javascript.jscomp.Compiler#void#parse#?#708	1.9500998003992016	0.0	0.9750499001996008		_
com.google.javascript.jscomp.ReferenceCollectingCallback$Reference#?#Reference#?,Node,BasicBlock,Scope,InputId#524	1.9500998003992016	0.0	0.9750499001996008		_
com.google.javascript.jscomp.ReferenceCollectingCallback$Reference#?#Reference#?,Node,BasicBlock,Scope,InputId#525	1.9500998003992016	0.0	0.9750499001996008		_
com.google.javascript.jscomp.ReferenceCollectingCallback$Reference#?#Reference#?,Node,BasicBlock,Scope,InputId#526	1.9500998003992016	0.0	0.9750499001996008		_
com.google.javascript.jscomp.ReferenceCollectingCallback$Reference#?#Reference#?,Node,BasicBlock,Scope,InputId#527	1.9500998003992016	0.0	0.9750499001996008		_
com.google.javascript.jscomp.ReferenceCollectingCallback$Reference#?#Reference#?,Node,BasicBlock,Scope,InputId#523	1.9500998003992016	0.0	0.9750499001996008		_
com.google.javascript.jscomp.PhaseOptimizer#boolean#hasHaltingErrors#?#237	1.9499667332002661	0.0	0.9749833666001331		_
com.google.javascript.jscomp.PhaseOptimizer#void#startPass#?,String#204	1.9499667332002661	0.0	0.9749833666001331		_
com.google.javascript.jscomp.PhaseOptimizer#void#startPass#?,String#203	1.9499667332002661	0.0	0.9749833666001331		_
com.google.javascript.jscomp.PhaseOptimizer#void#startPass#?,String#202	1.9499667332002661	0.0	0.9749833666001331		_
com.google.javascript.jscomp.Compiler#T#runCallable#?,Callable<T>,boolean,boolean#657	1.9499667332002661	0.0	0.9749833666001331		_
com.google.javascript.jscomp.PhaseOptimizer#void#endPass#?,Node,Node#219	1.9499667332002661	0.0	0.9749833666001331		_
com.google.javascript.jscomp.PhaseOptimizer#void#endPass#?,Node,Node#215	1.9499667332002661	0.0	0.9749833666001331		_
com.google.javascript.jscomp.PhaseOptimizer#void#endPass#?,Node,Node#217	1.9499667332002661	0.0	0.9749833666001331		_
com.google.javascript.jscomp.PhaseOptimizer#void#endPass#?,Node,Node#216	1.9499667332002661	0.0	0.9749833666001331		_
com.google.javascript.jscomp.PhaseOptimizer#void#endPass#?,Node,Node#211	1.9499667332002661	0.0	0.9749833666001331		_
com.google.javascript.jscomp.PhaseOptimizer#void#endPass#?,Node,Node#213	1.9499667332002661	0.0	0.9749833666001331		_
com.google.javascript.jscomp.PhaseOptimizer$PassFactoryDelegate#void#processInternal#?,Node,Node#296	1.9499667332002661	0.0	0.9749833666001331		_
com.google.javascript.jscomp.PhaseOptimizer#Tracer#newTracer#?,String#249	1.9499667332002661	0.0	0.9749833666001331		_
com.google.javascript.jscomp.PhaseOptimizer#Tracer#newTracer#?,String#244	1.9499667332002661	0.0	0.9749833666001331		_
com.google.javascript.jscomp.PhaseOptimizer$NamedPass#void#process#?,Node,Node#272	1.9499667332002661	0.0	0.9749833666001331		_
com.google.javascript.jscomp.PhaseOptimizer$NamedPass#void#process#?,Node,Node#273	1.9499667332002661	0.0	0.9749833666001331		_
com.google.javascript.jscomp.PhaseOptimizer$NamedPass#void#process#?,Node,Node#271	1.9499667332002661	0.0	0.9749833666001331		_
com.google.javascript.jscomp.PhaseOptimizer$NamedPass#void#process#?,Node,Node#274	1.9499667332002661	0.0	0.9749833666001331		_
com.google.javascript.jscomp.PhaseOptimizer#void#process#?,Node,Node#180	1.9499667332002661	0.0	0.9749833666001331		_
com.google.javascript.jscomp.PhaseOptimizer#void#process#?,Node,Node#186	1.9499667332002661	0.0	0.9749833666001331		_
com.google.javascript.jscomp.PhaseOptimizer#void#process#?,Node,Node#187	1.9499667332002661	0.0	0.9749833666001331		_
com.google.javascript.jscomp.PhaseOptimizer#void#process#?,Node,Node#179	1.9499667332002661	0.0	0.9749833666001331		_
com.google.javascript.rhino.Node#Node#removeFirstChild#?#1637	1.9499667332002661	0.0	0.9749833666001331		_
com.google.javascript.jscomp.PhaseOptimizer#void#stopTracer#?,Tracer,String#253	1.9499667332002661	0.0	0.9749833666001331		_
com.google.javascript.jscomp.PassFactory#String#getName#?#51	1.9498336660013307	0.0	0.9749168330006653		_
com.google.javascript.jscomp.ReferenceCollectingCallback#boolean#shouldTraverse#?,NodeTraversal,Node,Node#201	1.9498336660013307	0.0	0.9749168330006653		_
com.google.javascript.jscomp.Compiler#PassConfig#createPassConfigInternal#?#723	1.9498336660013307	0.0	0.9749168330006653		_
com.google.javascript.jscomp.ReferenceCollectingCallback#?#ReferenceCollectingCallback#?,AbstractCompiler,Behavior,Predicate<Var>#100	1.9498336660013307	0.0	0.9749168330006653		_
com.google.javascript.jscomp.ReferenceCollectingCallback#?#ReferenceCollectingCallback#?,AbstractCompiler,Behavior,Predicate<Var>#101	1.9498336660013307	0.0	0.9749168330006653		_
com.google.javascript.jscomp.PhaseOptimizer$PassFactoryDelegate#?#PassFactoryDelegate#?,AbstractCompiler,PassFactory#289	1.9498336660013307	0.0	0.9749168330006653		_
com.google.javascript.jscomp.PhaseOptimizer$PassFactoryDelegate#?#PassFactoryDelegate#?,AbstractCompiler,PassFactory#290	1.9498336660013307	0.0	0.9749168330006653		_
com.google.javascript.jscomp.PhaseOptimizer$PassFactoryDelegate#?#PassFactoryDelegate#?,AbstractCompiler,PassFactory#291	1.9498336660013307	0.0	0.9749168330006653		_
com.google.javascript.jscomp.ReferenceCollectingCallback#void#exitScope#?,NodeTraversal#181	1.9498336660013307	0.0	0.9749168330006653		_
com.google.javascript.jscomp.Compiler#T#runCallable#?,Callable<T>,boolean,boolean#639	1.9498336660013307	0.0	0.9749168330006653		_
com.google.javascript.jscomp.Compiler#T#runCallable#?,Callable<T>,boolean,boolean#638	1.9498336660013307	0.0	0.9749168330006653		_
com.google.javascript.jscomp.Compiler#T#runCallable#?,Callable<T>,boolean,boolean#640	1.9498336660013307	0.0	0.9749168330006653		_
com.google.javascript.jscomp.Compiler#T#runCallable#?,Callable<T>,boolean,boolean#642	1.9498336660013307	0.0	0.9749168330006653		_
com.google.javascript.jscomp.Compiler#T#runCallable#?,Callable<T>,boolean,boolean#643	1.9498336660013307	0.0	0.9749168330006653		_
com.google.javascript.jscomp.Compiler#T#runCallable#?,Callable<T>,boolean,boolean#616	1.9498336660013307	0.0	0.9749168330006653		_
com.google.javascript.jscomp.Compiler#T#runCallable#?,Callable<T>,boolean,boolean#618	1.9498336660013307	0.0	0.9749168330006653		_
com.google.javascript.jscomp.Compiler#T#runCallable#?,Callable<T>,boolean,boolean#617	1.9498336660013307	0.0	0.9749168330006653		_
com.google.javascript.jscomp.Compiler#T#runCallable#?,Callable<T>,boolean,boolean#619	1.9498336660013307	0.0	0.9749168330006653		_
com.google.javascript.jscomp.ReferenceCollectingCallback#?#ReferenceCollectingCallback#?,AbstractCompiler,Behavior,Predicate<Var>#99	1.9498336660013307	0.0	0.9749168330006653		_
com.google.javascript.jscomp.Compiler#T#runInCompilerThread#?,Callable<T>#599	1.9498336660013307	0.0	0.9749168330006653		_
com.google.javascript.rhino.Node#Node#removeFirstChild#?#1639	1.9498336660013307	0.0	0.9749168330006653		_
com.google.javascript.rhino.Node#Node#removeFirstChild#?#1635	1.9498336660013307	0.0	0.9749168330006653		_
com.google.javascript.jscomp.ReferenceCollectingCallback#boolean#isBlockBoundary#?,Node,Node#236	1.9498336660013307	0.0	0.9749168330006653		_
com.google.javascript.jscomp.ReferenceCollectingCallback$BasicBlock#?#BasicBlock#?,BasicBlock,Node#671	1.9498336660013307	0.0	0.9749168330006653		_
com.google.javascript.jscomp.ReferenceCollectingCallback$BasicBlock#?#BasicBlock#?,BasicBlock,Node#666	1.9498336660013307	0.0	0.9749168330006653		_
com.google.javascript.jscomp.ReferenceCollectingCallback$BasicBlock#?#BasicBlock#?,BasicBlock,Node#669	1.9498336660013307	0.0	0.9749168330006653		_
com.google.javascript.jscomp.ReferenceCollectingCallback#boolean#isBlockBoundary#?,Node,Node#209	1.9498336660013307	0.0	0.9749168330006653		_
com.google.javascript.jscomp.ReferenceCollectingCallback#void#visit#?,NodeTraversal,Node,Node#154	1.9498336660013307	0.0	0.9749168330006653		_
com.google.javascript.jscomp.ReferenceCollectingCallback#void#visit#?,NodeTraversal,Node,Node#150	1.9498336660013307	0.0	0.9749168330006653		_
com.google.javascript.jscomp.PhaseOptimizer$NamedPass#?#NamedPass#?,String#266	1.9498336660013307	0.0	0.9749168330006653		_
com.google.javascript.jscomp.ReferenceCollectingCallback#void#enterScope#?,NodeTraversal#171	1.9498336660013307	0.0	0.9749168330006653		_
com.google.javascript.jscomp.ReferenceCollectingCallback#void#enterScope#?,NodeTraversal#173	1.9498336660013307	0.0	0.9749168330006653		_
com.google.javascript.jscomp.ReferenceCollectingCallback#void#enterScope#?,NodeTraversal#172	1.9498336660013307	0.0	0.9749168330006653		_
com.google.javascript.jscomp.Compiler#PassConfig#getPassConfig#?#713	1.9498336660013307	0.0	0.9749168330006653		_
com.google.javascript.jscomp.Compiler#PassConfig#getPassConfig#?#715	1.9498336660013307	0.0	0.9749168330006653		_
com.google.javascript.jscomp.ProcessClosurePrimitives$ProvidedName#void#addProvide#?,Node,JSModule,boolean#845	1.9491683300066533	0.0	0.9745841650033267		_
com.google.javascript.jscomp.ProcessClosurePrimitives$ProvidedName#void#replace#?#893	1.9491683300066533	0.0	0.9745841650033267		_
com.google.javascript.jscomp.ProcessClosurePrimitives$ProvidedName#void#replace#?#894	1.9491683300066533	0.0	0.9745841650033267		_
com.google.javascript.jscomp.ProcessClosurePrimitives$ProvidedName#void#updateMinimumModule#?,JSModule#871	1.9491683300066533	0.0	0.9745841650033267		_
com.google.javascript.jscomp.ProcessClosurePrimitives#void#visit#?,NodeTraversal,Node,Node#177	1.9491683300066533	0.0	0.9745841650033267		_
com.google.javascript.jscomp.ProcessClosurePrimitives#void#process#?,Node,Node#145	1.9491683300066533	0.0	0.9745841650033267		_
com.google.javascript.jscomp.ProcessClosurePrimitives#void#process#?,Node,Node#148	1.9491683300066533	0.0	0.9745841650033267		_
com.google.javascript.jscomp.ProcessClosurePrimitives#void#process#?,Node,Node#147	1.9491683300066533	0.0	0.9745841650033267		_
com.google.javascript.jscomp.ProcessClosurePrimitives$ProvidedName#?#ProvidedName#?,String,Node,JSModule,boolean#832	1.9491683300066533	0.0	0.9745841650033267		_
com.google.javascript.jscomp.ProcessClosurePrimitives$ProvidedName#?#ProvidedName#?,String,Node,JSModule,boolean#830	1.9491683300066533	0.0	0.9745841650033267		_
com.google.javascript.jscomp.ProcessClosurePrimitives$ProvidedName#?#ProvidedName#?,String,Node,JSModule,boolean#829	1.9491683300066533	0.0	0.9745841650033267		_
com.google.javascript.jscomp.ProcessClosurePrimitives$ProvidedName#?#ProvidedName#?,String,Node,JSModule,boolean#828	1.9491683300066533	0.0	0.9745841650033267		_
com.google.javascript.jscomp.ProcessClosurePrimitives$ProvidedName#?#ProvidedName#?,String,Node,JSModule,boolean#825	1.9491683300066533	0.0	0.9745841650033267		_
com.google.javascript.jscomp.ProcessClosurePrimitives#?#ProcessClosurePrimitives#?,AbstractCompiler,PreprocessorSymbolTable,CheckLevel,boolean#135	1.9491683300066533	0.0	0.9745841650033267		_
com.google.javascript.jscomp.ProcessClosurePrimitives#?#ProcessClosurePrimitives#?,AbstractCompiler,PreprocessorSymbolTable,CheckLevel,boolean#131	1.9491683300066533	0.0	0.9745841650033267		_
com.google.javascript.jscomp.ProcessClosurePrimitives#?#ProcessClosurePrimitives#?,AbstractCompiler,PreprocessorSymbolTable,CheckLevel,boolean#130	1.9491683300066533	0.0	0.9745841650033267		_
com.google.javascript.jscomp.ProcessClosurePrimitives#?#ProcessClosurePrimitives#?,AbstractCompiler,PreprocessorSymbolTable,CheckLevel,boolean#132	1.9491683300066533	0.0	0.9745841650033267		_
com.google.javascript.jscomp.ProcessClosurePrimitives#?#ProcessClosurePrimitives#?,AbstractCompiler,PreprocessorSymbolTable,CheckLevel,boolean#129	1.9491683300066533	0.0	0.9745841650033267		_
com.google.javascript.jscomp.ProcessClosurePrimitives#?#ProcessClosurePrimitives#?,AbstractCompiler,PreprocessorSymbolTable,CheckLevel,boolean#128	1.9491683300066533	0.0	0.9745841650033267		_
com.google.javascript.jscomp.NodeUtil#Node#getConditionExpression#?,Node#1675	1.9490352628077179	0.0	0.9745176314038589		_
com.google.javascript.jscomp.ProcessDefines$CollectDefines#?#CollectDefines#?,AbstractCompiler,List<Name>#242	1.948502994011976	0.0	0.974251497005988		_
com.google.javascript.jscomp.ProcessDefines$CollectDefines#?#CollectDefines#?,AbstractCompiler,List<Name>#241	1.948502994011976	0.0	0.974251497005988		_
com.google.javascript.jscomp.ProcessDefines$CollectDefines#?#CollectDefines#?,AbstractCompiler,List<Name>#243	1.948502994011976	0.0	0.974251497005988		_
com.google.javascript.jscomp.ProcessDefines$CollectDefines#?#CollectDefines#?,AbstractCompiler,List<Name>#246	1.948502994011976	0.0	0.974251497005988		_
com.google.javascript.jscomp.ProcessDefines$CollectDefines#?#CollectDefines#?,AbstractCompiler,List<Name>#239	1.948502994011976	0.0	0.974251497005988		_
com.google.javascript.jscomp.ProcessDefines$CollectDefines#?#CollectDefines#?,AbstractCompiler,List<Name>#238	1.948502994011976	0.0	0.974251497005988		_
com.google.javascript.jscomp.ProcessDefines#void#process#?,Node,Node#120	1.948502994011976	0.0	0.974251497005988		_
com.google.javascript.jscomp.ProcessDefines$CollectDefines#boolean#shouldTraverse#?,NodeTraversal,Node,Node#282	1.948502994011976	0.0	0.974251497005988		_
com.google.javascript.jscomp.ProcessDefines$CollectDefines#boolean#shouldTraverse#?,NodeTraversal,Node,Node#283	1.948502994011976	0.0	0.974251497005988		_
com.google.javascript.jscomp.ProcessDefines$CollectDefines#void#updateAssignAllowedStack#?,Node,boolean#381	1.948502994011976	0.0	0.974251497005988		_
com.google.javascript.jscomp.ProcessDefines#ProcessDefines#injectNamespace#?,GlobalNamespace#111	1.948502994011976	0.0	0.974251497005988		_
com.google.javascript.jscomp.ProcessDefines#ProcessDefines#injectNamespace#?,GlobalNamespace#112	1.948502994011976	0.0	0.974251497005988		_
com.google.javascript.jscomp.ProcessDefines$CollectDefines#Map<String,DefineInfo>#getAllDefines#?#272	1.948502994011976	0.0	0.974251497005988		_
com.google.javascript.jscomp.ProcessDefines#Map<String,DefineInfo>#collectDefines#?,Node,GlobalNamespace#175	1.948502994011976	0.0	0.974251497005988		_
com.google.javascript.jscomp.ProcessDefines#Map<String,DefineInfo>#collectDefines#?,Node,GlobalNamespace#213	1.948502994011976	0.0	0.974251497005988		_
com.google.javascript.jscomp.ProcessDefines#Map<String,DefineInfo>#collectDefines#?,Node,GlobalNamespace#214	1.948502994011976	0.0	0.974251497005988		_
com.google.javascript.jscomp.ProcessDefines#Map<String,DefineInfo>#collectDefines#?,Node,GlobalNamespace#212	1.948502994011976	0.0	0.974251497005988		_
com.google.javascript.jscomp.ProcessDefines$CollectDefines#void#visit#?,NodeTraversal,Node,Node#370	1.948502994011976	0.0	0.974251497005988		_
com.google.javascript.jscomp.ProcessDefines$CollectDefines#void#visit#?,NodeTraversal,Node,Node#288	1.948502994011976	0.0	0.974251497005988		_
com.google.javascript.jscomp.ProcessDefines#?#ProcessDefines#?,AbstractCompiler,Map<String,Node>#101	1.948502994011976	0.0	0.974251497005988		_
com.google.javascript.jscomp.ProcessDefines#?#ProcessDefines#?,AbstractCompiler,Map<String,Node>#102	1.948502994011976	0.0	0.974251497005988		_
com.google.javascript.jscomp.ProcessDefines#void#overrideDefines#?,Map<String,DefineInfo>#145	1.948502994011976	0.0	0.974251497005988		_
com.google.javascript.jscomp.ProcessDefines#void#overrideDefines#?,Map<String,DefineInfo>#146	1.948502994011976	0.0	0.974251497005988		_
com.google.javascript.jscomp.ProcessDefines#void#overrideDefines#?,Map<String,DefineInfo>#147	1.948502994011976	0.0	0.974251497005988		_
com.google.javascript.jscomp.ProcessDefines#void#overrideDefines#?,Map<String,DefineInfo>#124	1.948502994011976	0.0	0.974251497005988		_
com.google.javascript.jscomp.NodeUtil#boolean#isLiteralValue#?,Node,boolean#621	1.9478376580172987	0.0	0.9739188290086493		_
com.google.javascript.jscomp.VarCheck#void#visit#?,NodeTraversal,Node,Node#169	1.9478376580172987	0.0	0.9739188290086493		_
com.google.javascript.jscomp.VarCheck#void#visit#?,NodeTraversal,Node,Node#170	1.9478376580172987	0.0	0.9739188290086493		_
com.google.javascript.jscomp.VarCheck#void#visit#?,NodeTraversal,Node,Node#173	1.9478376580172987	0.0	0.9739188290086493		_
com.google.javascript.jscomp.DefaultPassConfig#?#DefaultPassConfig#?,CompilerOptions#143	1.9471723220226214	0.0	0.9735861610113107		_
com.google.javascript.jscomp.PassFactory#CompilerPass#create#?,AbstractCompiler#86	1.9471723220226214	0.0	0.9735861610113107		_
com.google.javascript.jscomp.PassFactory#CompilerPass#create#?,AbstractCompiler#89	1.9471723220226214	0.0	0.9735861610113107		_
com.google.javascript.jscomp.PassFactory#CompilerPass#create#?,AbstractCompiler#88	1.9471723220226214	0.0	0.9735861610113107		_
com.google.javascript.jscomp.PassConfig#?#PassConfig#?,CompilerOptions#56	1.9469061876247504	0.0	0.9734530938123752		_
com.google.javascript.jscomp.DefaultPassConfig$HotSwapPassFactory#?#HotSwapPassFactory#?,String,boolean#2299	1.9469061876247504	0.0	0.9734530938123752		_
com.google.javascript.jscomp.VarCheck#void#visit#?,NodeTraversal,Node,Node#146	1.9461077844311376	0.0	0.9730538922155688		_
com.google.javascript.jscomp.VarCheck#void#visit#?,NodeTraversal,Node,Node#147	1.9461077844311376	0.0	0.9730538922155688		_
com.google.javascript.jscomp.VarCheck#void#visit#?,NodeTraversal,Node,Node#126	1.9459747172322022	0.0	0.9729873586161011		_
com.google.javascript.jscomp.VarCheck#void#process#?,Node,Node#99	1.9457085828343312	0.0	0.9728542914171656		_
com.google.javascript.jscomp.NodeUtil#boolean#checkForStateChangeHelper#?,Node,boolean,AbstractCompiler#839	1.9457085828343312	0.0	0.9728542914171656		_
com.google.javascript.jscomp.GlobalNamespace$BuildGlobalNamespace#void#collect#?,NodeTraversal,Node,Node#359	1.9454424484364603	0.0	0.9727212242182302		_
com.google.javascript.jscomp.VarCheck#?#VarCheck#?,AbstractCompiler,boolean#90	1.9450432468396541	0.0	0.9725216234198271		_
com.google.javascript.jscomp.VarCheck#?#VarCheck#?,AbstractCompiler,boolean#87	1.9450432468396541	0.0	0.9725216234198271		_
com.google.javascript.jscomp.VarCheck#?#VarCheck#?,AbstractCompiler,boolean#88	1.9450432468396541	0.0	0.9725216234198271		_
com.google.javascript.jscomp.Compiler#CheckLevel#getErrorLevel#?,JSError#2044	1.9450432468396541	0.0	0.9725216234198271		_
com.google.javascript.jscomp.VarCheck#void#process#?,Node,Node#102	1.9450432468396541	0.0	0.9725216234198271		_
com.google.javascript.jscomp.Compiler#CheckLevel#getErrorLevel#?,JSError#2045	1.9450432468396541	0.0	0.9725216234198271		_
com.google.javascript.jscomp.VarCheck#void#visit#?,NodeTraversal,Node,Node#123	1.9450432468396541	0.0	0.9725216234198271		_
com.google.javascript.jscomp.NodeUtil#boolean#isLiteralValue#?,Node,boolean#587	1.9449101796407187	0.0	0.9724550898203593		_
com.google.javascript.jscomp.ClosureCodingConvention#boolean#isOptionalParameter#?,Node#322	1.9449101796407187	0.0	0.9724550898203593		_
com.google.javascript.jscomp.ClosureCodingConvention#boolean#isVarArgsParameter#?,Node#327	1.9449101796407187	0.0	0.9724550898203593		_
com.google.javascript.jscomp.GlobalNamespace$BuildGlobalNamespace#Name.Type#getValueType#?,Node#529	1.9446440452428477	0.0	0.9723220226214239		_
com.google.javascript.rhino.Node#boolean#isSetterDef#?#2345	1.9443779108449768	0.0	0.9721889554224884		_
com.google.javascript.jscomp.GlobalNamespace$BuildGlobalNamespace#void#collect#?,NodeTraversal,Node,Node#410	1.943579507651364	0.0	0.971789753825682		_
com.google.javascript.jscomp.NodeUtil#boolean#checkForStateChangeHelper#?,Node,boolean,AbstractCompiler#871	1.9430472388556221	0.0	0.9715236194278111		_
com.google.javascript.jscomp.GlobalNamespace$BuildGlobalNamespace#void#collect#?,NodeTraversal,Node,Node#408	1.9429141716566867	0.0	0.9714570858283433		_
com.google.javascript.jscomp.GlobalNamespace$BuildGlobalNamespace#void#collect#?,NodeTraversal,Node,Node#385	1.9429141716566867	0.0	0.9714570858283433		_
com.google.javascript.jscomp.graph.LinkedDirectedGraph$AnnotatedLinkedDirectedGraphEdge#?#AnnotatedLinkedDirectedGraphEdge#?,DiGraphNode<N,E>,E,DiGraphNode<N,E>#567	1.9422488356620093	0.0	0.9711244178310047		_
com.google.javascript.rhino.Node#boolean#isGetterDef#?#2257	1.9422488356620093	0.0	0.9711244178310047		_
com.google.javascript.jscomp.NodeUtil#boolean#checkForStateChangeHelper#?,Node,boolean,AbstractCompiler#867	1.9414504324683965	0.0	0.9707252162341983		_
com.google.javascript.jscomp.PeepholeOptimizationsPass#void#beginTraversal#?#199	1.941317365269461	0.0	0.9706586826347305		_
com.google.javascript.jscomp.PeepholeOptimizationsPass#void#beginTraversal#?#198	1.941317365269461	0.0	0.9706586826347305		_
com.google.javascript.jscomp.PeepholeOptimizationsPass#boolean#shouldRetraverse#?,Node#139	1.941317365269461	0.0	0.9706586826347305		_
com.google.javascript.jscomp.PeepholeOptimizationsPass#boolean#shouldVisit#?,Node#155	1.941317365269461	0.0	0.9706586826347305		_
com.google.javascript.jscomp.PeepholeOptimizationsPass#boolean#shouldVisit#?,Node#159	1.941317365269461	0.0	0.9706586826347305		_
com.google.javascript.jscomp.PeepholeOptimizationsPass$StateStack#void#push#?#69	1.941317365269461	0.0	0.9706586826347305		_
com.google.javascript.jscomp.PeepholeOptimizationsPass$StateStack#void#push#?#71	1.941317365269461	0.0	0.9706586826347305		_
com.google.javascript.jscomp.AbstractPeepholeOptimization#void#endTraversal#?,AbstractCompiler#99	1.941317365269461	0.0	0.9706586826347305		_
com.google.javascript.jscomp.PeepholeOptimizationsPass#void#endTraversal#?#205	1.941317365269461	0.0	0.9706586826347305		_
com.google.javascript.jscomp.PeepholeOptimizationsPass#void#endTraversal#?#204	1.941317365269461	0.0	0.9706586826347305		_
com.google.javascript.jscomp.PeepholeOptimizationsPass#void#visit#?,Node#177	1.941317365269461	0.0	0.9706586826347305		_
com.google.javascript.jscomp.PeepholeOptimizationsPass#void#visit#?,Node#176	1.941317365269461	0.0	0.9706586826347305		_
com.google.javascript.jscomp.PeepholeOptimizationsPass#void#exitNode#?,Node#166	1.941317365269461	0.0	0.9706586826347305		_
com.google.javascript.jscomp.AbstractPeepholeOptimization#void#beginTraversal#?,AbstractCompiler#92	1.941317365269461	0.0	0.9706586826347305		_
com.google.javascript.jscomp.PeepholeOptimizationsPass$StateStack#void#pop#?#78	1.941317365269461	0.0	0.9706586826347305		_
com.google.javascript.jscomp.PeepholeOptimizationsPass#void#traverse#?,Node#134	1.9411842980705256	0.0	0.9705921490352628		_
com.google.javascript.jscomp.PeepholeOptimizationsPass#void#traverse#?,Node#131	1.9411842980705256	0.0	0.9705921490352628		_
com.google.javascript.jscomp.PeepholeOptimizationsPass#void#traverse#?,Node#122	1.9411842980705256	0.0	0.9705921490352628		_
com.google.javascript.jscomp.PeepholeOptimizationsPass#void#traverse#?,Node#128	1.9411842980705256	0.0	0.9705921490352628		_
com.google.javascript.jscomp.PeepholeOptimizationsPass#void#traverse#?,Node#129	1.9411842980705256	0.0	0.9705921490352628		_
com.google.javascript.jscomp.PeepholeOptimizationsPass#void#traverse#?,Node#125	1.9411842980705256	0.0	0.9705921490352628		_
com.google.javascript.jscomp.PeepholeOptimizationsPass#void#process#?,Node,Node#107	1.9411842980705256	0.0	0.9705921490352628		_
com.google.javascript.jscomp.PeepholeOptimizationsPass#void#process#?,Node,Node#106	1.9411842980705256	0.0	0.9705921490352628		_
com.google.javascript.jscomp.PeepholeOptimizationsPass#void#process#?,Node,Node#105	1.9411842980705256	0.0	0.9705921490352628		_
com.google.javascript.jscomp.PeepholeOptimizationsPass#void#process#?,Node,Node#108	1.9411842980705256	0.0	0.9705921490352628		_
com.google.javascript.jscomp.PeepholeOptimizationsPass#void#process#?,Node,Node#109	1.9411842980705256	0.0	0.9705921490352628		_
com.google.javascript.jscomp.PeepholeOptimizationsPass#void#process#?,Node,Node#110	1.9411842980705256	0.0	0.9705921490352628		_
com.google.javascript.jscomp.PeepholeOptimizationsPass#boolean#shouldRetraverse#?,Node#150	1.9411842980705256	0.0	0.9705921490352628		_
com.google.javascript.jscomp.PeepholeOptimizationsPass#boolean#shouldVisit#?,Node#161	1.9411842980705256	0.0	0.9705921490352628		_
com.google.javascript.jscomp.PeepholeOptimizationsPass#void#visit#?,Node#172	1.9411842980705256	0.0	0.9705921490352628		_
com.google.javascript.jscomp.PeepholeOptimizationsPass#void#visit#?,Node#171	1.9411842980705256	0.0	0.9705921490352628		_
com.google.javascript.jscomp.PeepholeOptimizationsPass#void#visit#?,Node#175	1.9411842980705256	0.0	0.9705921490352628		_
com.google.javascript.jscomp.PeepholeOptimizationsPass$StateStack#ScopeState#peek#?#65	1.9411842980705256	0.0	0.9705921490352628		_
com.google.javascript.jscomp.Compiler#void#removeChangeHandler#?,CodeChangeHandler#1933	1.9411842980705256	0.0	0.9705921490352628		_
com.google.javascript.jscomp.PeepholeOptimizationsPass$StateStack#?#StateStack#?#61	1.9409181636726547	0.0	0.9704590818363273		_
com.google.javascript.jscomp.PeepholeOptimizationsPass#?#PeepholeOptimizationsPass#?,AbstractCompiler,AbstractPeepholeOptimization#96	1.9409181636726547	0.0	0.9704590818363273		_
com.google.javascript.jscomp.PeepholeOptimizationsPass#?#PeepholeOptimizationsPass#?,AbstractCompiler,AbstractPeepholeOptimization#95	1.9409181636726547	0.0	0.9704590818363273		_
com.google.javascript.jscomp.PeepholeOptimizationsPass$ScopeState#?#ScopeState#?#47	1.9409181636726547	0.0	0.9704590818363273		_
com.google.javascript.jscomp.PeepholeOptimizationsPass$ScopeState#void#reset#?#52	1.9409181636726547	0.0	0.9704590818363273		_
com.google.javascript.jscomp.PeepholeOptimizationsPass$ScopeState#void#reset#?#51	1.9409181636726547	0.0	0.9704590818363273		_
com.google.javascript.jscomp.NodeUtil#boolean#isSimpleOperatorType#?,int#737	1.9406520292747838	0.0	0.9703260146373919		_
com.google.javascript.jscomp.MakeDeclaredNamesUnique$ContextualRenamer#String#getUniqueName#?,String,int#489	1.939853626081171	0.0	0.9699268130405855		_
com.google.javascript.jscomp.MakeDeclaredNamesUnique$ContextualRenamer#void#addDeclaredName#?,String#472	1.939853626081171	0.0	0.9699268130405855		_
com.google.javascript.jscomp.MakeDeclaredNamesUnique$ContextualRenamer#boolean#stripConstIfReplaced#?#502	1.939853626081171	0.0	0.9699268130405855		_
com.google.javascript.jscomp.FunctionInjector#?#FunctionInjector#?,AbstractCompiler,Supplier<String>,boolean,boolean,boolean#61	1.9386560212907518	0.0	0.9693280106453759		_
com.google.javascript.jscomp.FunctionInjector#?#FunctionInjector#?,AbstractCompiler,Supplier<String>,boolean,boolean,boolean#62	1.9386560212907518	0.0	0.9693280106453759		_
com.google.javascript.jscomp.FunctionInjector#?#FunctionInjector#?,AbstractCompiler,Supplier<String>,boolean,boolean,boolean#60	1.9386560212907518	0.0	0.9693280106453759		_
com.google.javascript.jscomp.FunctionInjector#?#FunctionInjector#?,AbstractCompiler,Supplier<String>,boolean,boolean,boolean#64	1.9386560212907518	0.0	0.9693280106453759		_
com.google.javascript.jscomp.FunctionInjector#?#FunctionInjector#?,AbstractCompiler,Supplier<String>,boolean,boolean,boolean#63	1.9386560212907518	0.0	0.9693280106453759		_
com.google.javascript.jscomp.FunctionInjector#?#FunctionInjector#?,AbstractCompiler,Supplier<String>,boolean,boolean,boolean#66	1.9386560212907518	0.0	0.9693280106453759		_
com.google.javascript.jscomp.FunctionInjector#?#FunctionInjector#?,AbstractCompiler,Supplier<String>,boolean,boolean,boolean#65	1.9386560212907518	0.0	0.9693280106453759		_
com.google.javascript.jscomp.JSError#JSError#make#?,String,int,int,DiagnosticType,String#88	1.9374584165003326	0.0	0.9687292082501663		_
com.google.javascript.jscomp.GlobalNamespace$BuildGlobalNamespace#boolean#isConstructorOrEnumDeclaration#?,Node,Node#594	0.9563539587491683	0.9808383233532935	0.9685961410512309	!(NodeUtil.isFunctionDeclaration(parent))	_
com.google.javascript.jscomp.CodeGenerator#void#addList#?,Node,boolean,Context#911	1.936926147704591	0.0	0.9684630738522955		_
com.google.javascript.jscomp.CodeGenerator#void#addList#?,Node,boolean,Context#910	1.936926147704591	0.0	0.9684630738522955		_
com.google.javascript.jscomp.GlobalNamespace$BuildGlobalNamespace#boolean#isConstructorOrEnumDeclaration#?,Node,Node#588	1.9361277445109781	0.0	0.9680638722554891		_
com.google.javascript.jscomp.AstValidator#void#validateObjectLitStringKey#?,Node#724	1.9361277445109781	0.0	0.9680638722554891		_
com.google.javascript.jscomp.AstValidator#void#validateObjectLitStringKey#?,Node#726	1.9361277445109781	0.0	0.9680638722554891		_
com.google.javascript.jscomp.AstValidator#void#validateObjectLitStringKey#?,Node#725	1.9361277445109781	0.0	0.9680638722554891		_
com.google.javascript.jscomp.AstValidator#void#validateObjectLitStringKey#?,Node#727	1.9361277445109781	0.0	0.9680638722554891		_
com.google.javascript.jscomp.AstValidator#void#validateObjectLitKey#?,Node#684	1.9361277445109781	0.0	0.9680638722554891		_
com.google.javascript.jscomp.AstValidator#void#validateObjectLitKey#?,Node#683	1.9361277445109781	0.0	0.9680638722554891		_
com.google.javascript.jscomp.AstValidator#void#validateObjectLiteralKeyName#?,Node#739	1.9358616101131072	0.0	0.9679308050565536		_
com.google.javascript.jscomp.GlobalNamespace$Name#JSDocInfo#getDocInfoForDeclaration#?,Ref#1158	1.9355954757152363	0.0	0.9677977378576181		_
com.google.javascript.jscomp.GlobalNamespace$BuildGlobalNamespace#boolean#isConstructorOrEnumDeclaration#?,Node,Node#592	1.9350632069194944	0.0	0.9675316034597472		_
com.google.javascript.jscomp.GlobalNamespace$BuildGlobalNamespace#boolean#isConstructorOrEnumDeclaration#?,Node,Node#590	1.9350632069194944	0.0	0.9675316034597472		_
com.google.javascript.jscomp.GlobalNamespace$BuildGlobalNamespace#boolean#isConstructorOrEnumDeclaration#?,Node,Node#591	1.9350632069194944	0.0	0.9675316034597472		_
com.google.javascript.jscomp.GlobalNamespace$BuildGlobalNamespace#boolean#isConstructorOrEnumDeclaration#?,Node,Node#586	1.9350632069194944	0.0	0.9675316034597472		_
com.google.javascript.jscomp.AstValidator#void#validateObjectLit#?,Node#670	1.9320026613439787	0.0	0.9660013306719893		_
com.google.javascript.jscomp.graph.FixedPointGraphTraversal#void#computeFixedPoint#?,DiGraph<N,E>,Set<N>#121	1.9320026613439787	0.0	0.9660013306719893		_
com.google.javascript.jscomp.AstValidator#void#validateObjectLitKey#?,Node#675	1.9320026613439787	0.0	0.9660013306719893		_
com.google.javascript.jscomp.GlobalNamespace$BuildGlobalNamespace#void#collect#?,NodeTraversal,Node,Node#350	1.9308050565535595	0.0	0.9654025282767797		_
com.google.javascript.jscomp.GlobalNamespace$BuildGlobalNamespace#void#collect#?,NodeTraversal,Node,Node#351	1.9308050565535595	0.0	0.9654025282767797		_
com.google.javascript.jscomp.GlobalNamespace$BuildGlobalNamespace#void#collect#?,NodeTraversal,Node,Node#348	1.9308050565535595	0.0	0.9654025282767797		_
com.google.javascript.jscomp.GlobalNamespace$BuildGlobalNamespace#void#collect#?,NodeTraversal,Node,Node#349	1.9308050565535595	0.0	0.9654025282767797		_
com.google.javascript.rhino.JSDocInfoBuilder#boolean#recordNoSideEffects#?#885	1.930405854956753	0.0	0.9652029274783765		_
com.google.javascript.rhino.JSDocInfoBuilder#boolean#recordNoSideEffects#?#884	1.930405854956753	0.0	0.9652029274783765		_
com.google.javascript.rhino.JSDocInfoBuilder#boolean#recordNoSideEffects#?#886	1.930405854956753	0.0	0.9652029274783765		_
com.google.javascript.rhino.JSDocInfo#void#setNoSideEffects#?,boolean#406	1.930405854956753	0.0	0.9652029274783765		_
com.google.javascript.rhino.Node#boolean#isIf#?#2273	1.9300066533599467	0.0	0.9650033266799734		_
com.google.javascript.rhino.Node$StringNode#boolean#isQuotedString#?#247	1.9297405189620758	0.0	0.9648702594810379		_
com.google.javascript.jscomp.NodeUtil#boolean#checkForStateChangeHelper#?,Node,boolean,AbstractCompiler#919	1.9297405189620758	0.0	0.9648702594810379		_
com.google.javascript.rhino.JSDocInfoBuilder#boolean#hasAnySingletonSideEffectTags#?#991	1.929208250166334	0.0	0.964604125083167		_
com.google.javascript.rhino.JSDocInfo#boolean#hasModifies#?#1491	1.929208250166334	0.0	0.964604125083167		_
com.google.javascript.rhino.JSDocInfo#boolean#isNoSideEffects#?#563	1.9288090485695277	0.0	0.9644045242847639		_
com.google.javascript.rhino.TokenStream#boolean#isKeyword#?,String#187	1.9258815701929475	0.0	0.9629407850964737		_
com.google.javascript.jscomp.MakeDeclaredNamesUnique#String#getReplacementName#?,String#202	1.9253493013972056	0.0	0.9626746506986028		_
com.google.javascript.jscomp.MakeDeclaredNamesUnique#void#visit#?,NodeTraversal,Node,Node#170	1.9253493013972056	0.0	0.9626746506986028		_
com.google.javascript.jscomp.MakeDeclaredNamesUnique#void#visit#?,NodeTraversal,Node,Node#169	1.9253493013972056	0.0	0.9626746506986028		_
com.google.javascript.jscomp.MakeDeclaredNamesUnique#void#visit#?,NodeTraversal,Node,Node#164	1.9253493013972056	0.0	0.9626746506986028		_
com.google.javascript.jscomp.GlobalNamespace$BuildGlobalNamespace#Name.Type#getValueType#?,Node#509	1.9248170326014638	0.0	0.9624085163007319		_
com.google.javascript.jscomp.Compiler#Supplier<String>#getUniqueNameIdSupplier#?#971	1.9244178310046574	0.0	0.9622089155023287		_
com.google.javascript.jscomp.Compiler#Supplier<String>#getUniqueNameIdSupplier#?#970	1.9244178310046574	0.0	0.9622089155023287		_
com.google.javascript.jscomp.Compiler#void#addToDebugLog#?,String#2101	1.9242847638057219	0.0	0.9621423819028609		_
com.google.javascript.jscomp.Compiler#void#addToDebugLog#?,String#2102	1.9242847638057219	0.0	0.9621423819028609		_
com.google.javascript.jscomp.Compiler#void#addToDebugLog#?,String#2100	1.9242847638057219	0.0	0.9621423819028609		_
com.google.javascript.rhino.TokenStream#boolean#isKeyword#?,String#58	1.9241516966067864	0.0	0.9620758483033932		_
com.google.javascript.rhino.TokenStream#boolean#isKeyword#?,String#59	1.9241516966067864	0.0	0.9620758483033932		_
com.google.javascript.jscomp.graph.FixedPointGraphTraversal#void#computeFixedPoint#?,DiGraph<N,E>,Set<N>#118	1.9228210246174318	0.0	0.9614105123087159		_
com.google.javascript.jscomp.graph.FixedPointGraphTraversal#void#computeFixedPoint#?,DiGraph<N,E>,Set<N>#119	1.9228210246174318	0.0	0.9614105123087159		_
com.google.javascript.jscomp.CodeConsumer#void#listSeparator#?#125	1.9221556886227544	0.0	0.9610778443113772		_
com.google.javascript.jscomp.CodeConsumer#void#listSeparator#?#124	1.9221556886227544	0.0	0.9610778443113772		_
com.google.javascript.jscomp.GlobalNamespace$Name#Ref#getDeclaration#?#930	1.920292747837658	0.0	0.960146373918829		_
com.google.javascript.rhino.TokenStream#boolean#isJSIdentifier#?,String#202	1.919095143047239	0.0	0.9595475715236195		_
com.google.javascript.jscomp.GlobalNamespace$Name#List<Ref>#getRefs#?#1019	1.9189620758483035	0.0	0.9594810379241517		_
com.google.javascript.jscomp.AstValidator#void#validateExpression#?,Node#204	1.918829008649368	0.0	0.959414504324684		_
com.google.javascript.jscomp.AstValidator#void#validateExpression#?,Node#203	1.918829008649368	0.0	0.959414504324684		_
com.google.javascript.rhino.TokenStream#boolean#isJSIdentifier#?,String#191	1.9186959414504325	0.0	0.9593479707252163		_
com.google.javascript.jscomp.GlobalNamespace$BuildGlobalNamespace#boolean#maybeHandlePrototypePrefix#?,NodeTraversal,Node,Node,String#787	1.9178975382568197	0.0	0.9589487691284099		_
com.google.javascript.jscomp.GlobalNamespace$BuildGlobalNamespace#boolean#maybeHandlePrototypePrefix#?,NodeTraversal,Node,Node,String#788	1.9178975382568197	0.0	0.9589487691284099		_
com.google.javascript.jscomp.GlobalNamespace$BuildGlobalNamespace#boolean#maybeHandlePrototypePrefix#?,NodeTraversal,Node,Node,String#795	1.9178975382568197	0.0	0.9589487691284099		_
com.google.javascript.jscomp.GlobalNamespace$BuildGlobalNamespace#boolean#maybeHandlePrototypePrefix#?,NodeTraversal,Node,Node,String#793	1.9178975382568197	0.0	0.9589487691284099		_
com.google.javascript.jscomp.GlobalNamespace$BuildGlobalNamespace#void#handleSetFromGlobal#?,NodeTraversal,Node,Node,String,boolean,Name.Type#553	1.9178975382568197	0.0	0.9589487691284099		_
com.google.javascript.jscomp.GlobalNamespace$BuildGlobalNamespace#void#handleSetFromGlobal#?,NodeTraversal,Node,Node,String,boolean,Name.Type#551	1.9178975382568197	0.0	0.9589487691284099		_
com.google.javascript.jscomp.GlobalNamespace$BuildGlobalNamespace#void#handleSetFromGlobal#?,NodeTraversal,Node,Node,String,boolean,Name.Type#548	1.9178975382568197	0.0	0.9589487691284099		_
com.google.javascript.jscomp.GlobalNamespace$BuildGlobalNamespace#void#handleSetFromGlobal#?,NodeTraversal,Node,Node,String,boolean,Name.Type#549	1.9178975382568197	0.0	0.9589487691284099		_
com.google.javascript.jscomp.GlobalNamespace$Ref#?#Ref#?,NodeTraversal,Node,Name,Type,int#1205	1.9178975382568197	0.0	0.9589487691284099		_
com.google.javascript.jscomp.GlobalNamespace$Ref#?#Ref#?,NodeTraversal,Node,Name,Type,int#1208	1.9178975382568197	0.0	0.9589487691284099		_
com.google.javascript.jscomp.GlobalNamespace$Ref#?#Ref#?,NodeTraversal,Node,Name,Type,int#1209	1.9178975382568197	0.0	0.9589487691284099		_
com.google.javascript.jscomp.GlobalNamespace$Ref#?#Ref#?,NodeTraversal,Node,Name,Type,int#1206	1.9178975382568197	0.0	0.9589487691284099		_
com.google.javascript.jscomp.GlobalNamespace$Ref#?#Ref#?,NodeTraversal,Node,Name,Type,int#1207	1.9178975382568197	0.0	0.9589487691284099		_
com.google.javascript.jscomp.GlobalNamespace$Ref#?#Ref#?,NodeTraversal,Node,Name,Type,int#1210	1.9178975382568197	0.0	0.9589487691284099		_
com.google.javascript.jscomp.GlobalNamespace$Name#JSDocInfo#getDocInfoForDeclaration#?,Ref#1152	1.9178975382568197	0.0	0.9589487691284099		_
com.google.javascript.jscomp.GlobalNamespace$Name#JSDocInfo#getDocInfoForDeclaration#?,Ref#1153	1.9178975382568197	0.0	0.9589487691284099		_
com.google.javascript.jscomp.GlobalNamespace$BuildGlobalNamespace#boolean#isNestedAssign#?,Node#830	1.9178975382568197	0.0	0.9589487691284099		_
com.google.javascript.jscomp.GlobalNamespace$BuildGlobalNamespace#boolean#isConstructorOrEnumDeclaration#?,Node,Node#580	1.9178975382568197	0.0	0.9589487691284099		_
com.google.javascript.jscomp.GlobalNamespace$BuildGlobalNamespace#boolean#isConstructorOrEnumDeclaration#?,Node,Node#602	1.9178975382568197	0.0	0.9589487691284099		_
com.google.javascript.jscomp.GlobalNamespace#boolean#isGlobalScope#?,Scope#268	1.9178975382568197	0.0	0.9589487691284099		_
com.google.javascript.jscomp.GlobalNamespace$BuildGlobalNamespace#Name#getOrCreateName#?,String#842	1.9178975382568197	0.0	0.9589487691284099		_
com.google.javascript.jscomp.GlobalNamespace$BuildGlobalNamespace#Name#getOrCreateName#?,String#844	1.9178975382568197	0.0	0.9589487691284099		_
com.google.javascript.jscomp.GlobalNamespace$BuildGlobalNamespace#Name#getOrCreateName#?,String#855	1.9178975382568197	0.0	0.9589487691284099		_
com.google.javascript.jscomp.GlobalNamespace$BuildGlobalNamespace#Name#getOrCreateName#?,String#853	1.9178975382568197	0.0	0.9589487691284099		_
com.google.javascript.jscomp.GlobalNamespace$BuildGlobalNamespace#Name#getOrCreateName#?,String#851	1.9178975382568197	0.0	0.9589487691284099		_
com.google.javascript.jscomp.GlobalNamespace$BuildGlobalNamespace#Name#getOrCreateName#?,String#850	1.9178975382568197	0.0	0.9589487691284099		_
com.google.javascript.jscomp.GlobalNamespace$BuildGlobalNamespace#void#collect#?,NodeTraversal,Node,Node#423	1.9178975382568197	0.0	0.9589487691284099		_
com.google.javascript.jscomp.GlobalNamespace$BuildGlobalNamespace#boolean#isConstructorOrEnumDeclaration#?,Node,Node#579	1.9178975382568197	0.0	0.9589487691284099		_
com.google.javascript.jscomp.GlobalNamespace$BuildGlobalNamespace#boolean#isConstructorOrEnumDeclaration#?,Node,Node#578	1.9178975382568197	0.0	0.9589487691284099		_
com.google.javascript.jscomp.GlobalNamespace$Name#void#addRef#?,Ref#945	1.9176314038589488	0.0	0.9588157019294744		_
com.google.javascript.jscomp.GlobalNamespace$Name#void#addRef#?,Ref#944	1.9176314038589488	0.0	0.9588157019294744		_
com.google.javascript.jscomp.GlobalNamespace$Name#void#addRef#?,Ref#949	1.9176314038589488	0.0	0.9588157019294744		_
com.google.javascript.jscomp.GlobalNamespace$Name#void#addRef#?,Ref#948	1.9176314038589488	0.0	0.9588157019294744		_
com.google.javascript.jscomp.GlobalNamespace$Name#void#addRef#?,Ref#952	1.9176314038589488	0.0	0.9588157019294744		_
com.google.javascript.jscomp.GlobalNamespace$Name#void#addRef#?,Ref#951	1.9176314038589488	0.0	0.9588157019294744		_
com.google.javascript.jscomp.GlobalNamespace$Name#?#Name#?,String,Name,boolean#903	1.9176314038589488	0.0	0.9588157019294744		_
com.google.javascript.jscomp.GlobalNamespace$Name#?#Name#?,String,Name,boolean#902	1.9176314038589488	0.0	0.9588157019294744		_
com.google.javascript.jscomp.GlobalNamespace$Name#?#Name#?,String,Name,boolean#901	1.9176314038589488	0.0	0.9588157019294744		_
com.google.javascript.jscomp.GlobalNamespace$Name#?#Name#?,String,Name,boolean#900	1.9176314038589488	0.0	0.9588157019294744		_
com.google.javascript.jscomp.GlobalNamespace$Name#void#addRefInternal#?,Ref#1024	1.9176314038589488	0.0	0.9588157019294744		_
com.google.javascript.jscomp.GlobalNamespace$Name#void#addRefInternal#?,Ref#1026	1.9176314038589488	0.0	0.9588157019294744		_
com.google.javascript.jscomp.Normalize$FindExposeAnnotations#boolean#isMarkedExpose#?,Node#180	1.915369261477046	0.0	0.957684630738523		_
com.google.javascript.jscomp.Normalize$FindExposeAnnotations#boolean#isMarkedExpose#?,Node#181	1.915369261477046	0.0	0.957684630738523		_
com.google.javascript.jscomp.NodeTraversal$AbstractShallowCallback#boolean#shouldTraverse#?,NodeTraversal,Node,Node#165	1.914570858283433	0.0	0.9572854291417165		_
com.google.javascript.jscomp.GlobalNamespace#Map<String,Name>#getNameIndex#?#161	1.914570858283433	0.0	0.9572854291417165		_
com.google.javascript.jscomp.GlobalNamespace#Map<String,Name>#getNameIndex#?#162	1.914570858283433	0.0	0.9572854291417165		_
com.google.javascript.jscomp.GlobalNamespace$BuildGlobalNamespace#void#collect#?,NodeTraversal,Node,Node#381	1.9139055222887558	0.0	0.9569527611443779		_
com.google.javascript.jscomp.GlobalNamespace$BuildGlobalNamespace#void#collect#?,NodeTraversal,Node,Node#380	1.9139055222887558	0.0	0.9569527611443779		_
com.google.javascript.jscomp.GlobalNamespace#?#GlobalNamespace#?,AbstractCompiler,Node#79	1.9139055222887558	0.0	0.9569527611443779		_
com.google.javascript.jscomp.GlobalNamespace#boolean#isGlobalNameReference#?,String,Scope#230	1.912840984697272	0.0	0.956420492348636		_
com.google.javascript.jscomp.GlobalNamespace#boolean#isGlobalNameReference#?,String,Scope#231	1.912840984697272	0.0	0.956420492348636		_
com.google.javascript.jscomp.GlobalNamespace#boolean#isGlobalVarReference#?,String,Scope#258	1.912840984697272	0.0	0.956420492348636		_
com.google.javascript.jscomp.GlobalNamespace#boolean#isGlobalVarReference#?,String,Scope#254	1.912840984697272	0.0	0.956420492348636		_
com.google.javascript.jscomp.GlobalNamespace#String#getTopVarName#?,String#241	1.912840984697272	0.0	0.956420492348636		_
com.google.javascript.jscomp.GlobalNamespace#String#getTopVarName#?,String#242	1.912840984697272	0.0	0.956420492348636		_
com.google.javascript.jscomp.GlobalNamespace$BuildGlobalNamespace#void#collect#?,NodeTraversal,Node,Node#416	1.912840984697272	0.0	0.956420492348636		_
com.google.javascript.jscomp.GlobalNamespace$BuildGlobalNamespace#void#collect#?,NodeTraversal,Node,Node#346	1.912840984697272	0.0	0.956420492348636		_
com.google.javascript.jscomp.NodeUtil#boolean#nodeTypeMayHaveSideEffects#?,Node#1071	1.9127079174983366	0.0	0.9563539587491683		_
com.google.javascript.jscomp.NodeUtil#boolean#mayHaveSideEffects#?,Node#772	1.9100465735196275	0.0	0.9550232867598137		_
com.google.javascript.jscomp.GlobalNamespace#void#ensureGenerated#?#143	1.9097804391217565	0.0	0.9548902195608783		_
com.google.javascript.jscomp.GlobalNamespace#void#process#?#215	1.9097804391217565	0.0	0.9548902195608783		_
com.google.javascript.jscomp.GlobalNamespace#void#process#?#218	1.9097804391217565	0.0	0.9548902195608783		_
com.google.javascript.jscomp.GlobalNamespace#void#process#?#217	1.9097804391217565	0.0	0.9548902195608783		_
com.google.javascript.jscomp.GlobalNamespace#?#GlobalNamespace#?,AbstractCompiler,Node,Node#94	1.9097804391217565	0.0	0.9548902195608783		_
com.google.javascript.jscomp.GlobalNamespace#?#GlobalNamespace#?,AbstractCompiler,Node,Node#95	1.9097804391217565	0.0	0.9548902195608783		_
com.google.javascript.jscomp.GlobalNamespace#?#GlobalNamespace#?,AbstractCompiler,Node,Node#96	1.9097804391217565	0.0	0.9548902195608783		_
com.google.javascript.jscomp.GlobalNamespace$BuildGlobalNamespace#?#BuildGlobalNamespace#?,Predicate<Node>#289	1.9097804391217565	0.0	0.9548902195608783		_
com.google.javascript.jscomp.GlobalNamespace$BuildGlobalNamespace#void#collect#?,NodeTraversal,Node,Node#412	1.9097804391217565	0.0	0.9548902195608783		_
com.google.javascript.jscomp.GlobalNamespace$BuildGlobalNamespace#boolean#shouldTraverse#?,NodeTraversal,Node,Node#299	1.9097804391217565	0.0	0.9548902195608783		_
com.google.javascript.jscomp.GlobalNamespace$BuildGlobalNamespace#boolean#shouldTraverse#?,NodeTraversal,Node,Node#298	1.9097804391217565	0.0	0.9548902195608783		_
com.google.javascript.jscomp.GlobalNamespace$BuildGlobalNamespace#void#collect#?,NodeTraversal,Node,Node#316	1.9097804391217565	0.0	0.9548902195608783		_
com.google.javascript.jscomp.GlobalNamespace$BuildGlobalNamespace#void#collect#?,NodeTraversal,Node,Node#318	1.9097804391217565	0.0	0.9548902195608783		_
com.google.javascript.jscomp.GlobalNamespace$BuildGlobalNamespace#void#collect#?,NodeTraversal,Node,Node#313	1.9097804391217565	0.0	0.9548902195608783		_
com.google.javascript.jscomp.GlobalNamespace$BuildGlobalNamespace#void#collect#?,NodeTraversal,Node,Node#315	1.9097804391217565	0.0	0.9548902195608783		_
com.google.javascript.jscomp.GlobalNamespace$BuildGlobalNamespace#void#collect#?,NodeTraversal,Node,Node#314	1.9097804391217565	0.0	0.9548902195608783		_
com.google.javascript.jscomp.GlobalNamespace$BuildGlobalNamespace#?#BuildGlobalNamespace#?#281	1.9097804391217565	0.0	0.9548902195608783		_
com.google.javascript.rhino.Node#void#replaceChild#?,Node,Node#728	1.9091151031270792	0.0	0.9545575515635396		_
com.google.javascript.rhino.Node#void#replaceChild#?,Node,Node#727	1.9091151031270792	0.0	0.9545575515635396		_
com.google.javascript.jscomp.NodeTraversal#Node#getScopeRoot#?#625	1.908183632734531	0.0	0.9540918163672655		_
com.google.javascript.jscomp.NodeUtil#boolean#isSimpleOperatorType#?,int#740	1.906187624750499	0.0	0.9530938123752495		_
com.google.javascript.rhino.Node#boolean#isCase#?#2201	1.9031270791749835	0.0	0.9515635395874917		_
com.google.javascript.jscomp.PrepareAst$PrepareAnnotations#void#normalizeObjectLiteralKeyAnnotations#?,Node,Node,Node#213	1.9020625415834997	0.0	0.9510312707917499		_
com.google.javascript.jscomp.PrepareAst$PrepareAnnotations#void#normalizeObjectLiteralAnnotations#?,Node#156	1.9020625415834997	0.0	0.9510312707917499		_
com.google.javascript.jscomp.PrepareAst$PrepareAnnotations#void#normalizeObjectLiteralAnnotations#?,Node#155	1.9020625415834997	0.0	0.9510312707917499		_
com.google.javascript.jscomp.graph.FixedPointGraphTraversal#void#computeFixedPoint#?,DiGraph<N,E>,Set<N>#112	1.900998003992016	0.0	0.950499001996008		_
com.google.javascript.jscomp.graph.FixedPointGraphTraversal#void#computeFixedPoint#?,DiGraph<N,E>,Set<N>#113	1.900998003992016	0.0	0.950499001996008		_
com.google.javascript.jscomp.graph.FixedPointGraphTraversal#void#computeFixedPoint#?,DiGraph<N,E>,Set<N>#115	1.900998003992016	0.0	0.950499001996008		_
com.google.javascript.jscomp.graph.FixedPointGraphTraversal#void#computeFixedPoint#?,DiGraph<N,E>,Set<N>#117	1.900998003992016	0.0	0.950499001996008		_
com.google.javascript.jscomp.graph.FixedPointGraphTraversal#void#computeFixedPoint#?,DiGraph<N,E>,Set<N>#104	1.900998003992016	0.0	0.950499001996008		_
com.google.javascript.jscomp.graph.FixedPointGraphTraversal#void#computeFixedPoint#?,DiGraph<N,E>,Set<N>#105	1.900998003992016	0.0	0.950499001996008		_
com.google.javascript.jscomp.Normalize$PropagateConstantAnnotationsOverVars#void#visit#?,NodeTraversal,Node,Node#240	1.9005988023952096	0.0	0.9502994011976048		_
com.google.javascript.jscomp.NodeUtil#boolean#checkForStateChangeHelper#?,Node,boolean,AbstractCompiler#809	1.9004657351962742	0.0	0.9502328675981371		_
com.google.javascript.jscomp.parsing.IRFactory$TransformDispatcher#Node#processObjectLiteral#?,ObjectLiteral#840	1.899268130405855	0.0	0.9496340652029275		_
com.google.javascript.jscomp.parsing.IRFactory$TransformDispatcher#Node#processObjectLiteral#?,ObjectLiteral#839	1.899268130405855	0.0	0.9496340652029275		_
com.google.javascript.jscomp.parsing.IRFactory$TransformDispatcher#Node#processObjectLiteral#?,ObjectLiteral#825	1.899268130405855	0.0	0.9496340652029275		_
com.google.javascript.jscomp.parsing.IRFactory$TransformDispatcher#Node#processObjectLiteral#?,ObjectLiteral#823	1.899268130405855	0.0	0.9496340652029275		_
com.google.javascript.jscomp.parsing.IRFactory$TransformDispatcher#Node#processObjectLiteral#?,ObjectLiteral#822	1.899268130405855	0.0	0.9496340652029275		_
com.google.javascript.jscomp.graph.FixedPointGraphTraversal#FixedPointGraphTraversal<NODE,EDGE>#newTraversal#?,EdgeCallback<NODE,EDGE>#62	1.8991350632069195	0.0	0.9495675316034597		_
com.google.javascript.jscomp.parsing.IRFactory$TransformDispatcher#Node#processObjectLiteral#?,ObjectLiteral#811	1.899001996007984	0.0	0.949500998003992		_
com.google.javascript.jscomp.graph.FixedPointGraphTraversal#?#FixedPointGraphTraversal#?,EdgeCallback<N,E>#54	1.899001996007984	0.0	0.949500998003992		_
com.google.javascript.jscomp.NodeUtil#boolean#functionCallHasSideEffects#?,Node,AbstractCompiler#1044	1.8986027944111776	0.0	0.9493013972055888		_
com.google.javascript.jscomp.NodeUtil#boolean#functionCallHasSideEffects#?,Node,AbstractCompiler#1000	1.8986027944111776	0.0	0.9493013972055888		_
com.google.javascript.jscomp.graph.FixedPointGraphTraversal#void#computeFixedPoint#?,DiGraph<N,E>,Set<N>#95	1.8979374584165003	0.0	0.9489687292082502		_
com.google.javascript.jscomp.graph.FixedPointGraphTraversal#void#computeFixedPoint#?,DiGraph<N,E>,Set<N>#94	1.8979374584165003	0.0	0.9489687292082502		_
com.google.javascript.jscomp.graph.FixedPointGraphTraversal#void#computeFixedPoint#?,DiGraph<N,E>,Set<N>#99	1.8979374584165003	0.0	0.9489687292082502		_
com.google.javascript.jscomp.graph.FixedPointGraphTraversal#void#computeFixedPoint#?,DiGraph<N,E>,Set<N>#126	1.8979374584165003	0.0	0.9489687292082502		_
com.google.javascript.jscomp.graph.FixedPointGraphTraversal#void#computeFixedPoint#?,DiGraph<N,E>,Set<N>#102	1.8979374584165003	0.0	0.9489687292082502		_
com.google.javascript.jscomp.ControlFlowAnalysis#void#handleStmtList#?,Node#518	1.8976713240186294	0.0	0.9488356620093147		_
com.google.javascript.jscomp.NodeUtil#boolean#checkForStateChangeHelper#?,Node,boolean,AbstractCompiler#928	1.897272122421823	0.0	0.9486360612109115		_
com.google.javascript.jscomp.graph.LinkedDirectedGraph#Collection<GraphNode<N,E>>#getNodes#?#286	1.8946107784431139	0.0	0.9473053892215569		_
com.google.javascript.rhino.Node#boolean#isNoSideEffectsCall#?#2108	1.8927478376580174	0.0	0.9463739188290087		_
com.google.javascript.rhino.Node#boolean#areBitFlagsSet#?,int,int#2124	1.8922155688622755	0.0	0.9461077844311377		_
com.google.javascript.jscomp.MakeDeclaredNamesUnique#boolean#shouldTraverse#?,NodeTraversal,Node,Node#132	1.8912840984697272	0.0	0.9456420492348636		_
com.google.javascript.jscomp.MakeDeclaredNamesUnique#boolean#shouldTraverse#?,NodeTraversal,Node,Node#131	1.8912840984697272	0.0	0.9456420492348636		_
com.google.javascript.jscomp.Compiler#JSModuleGraph#getModuleGraph#?#1127	1.8908848968729208	0.0	0.9454424484364604		_
com.google.javascript.jscomp.Normalize$FindExposeAnnotations#void#visit#?,NodeTraversal,Node,Node#170	1.890086493679308	0.0	0.945043246839654		_
com.google.javascript.jscomp.Normalize$FindExposeAnnotations#void#visit#?,NodeTraversal,Node,Node#169	1.890086493679308	0.0	0.945043246839654		_
com.google.javascript.jscomp.Compiler#Config#getParserConfig#?#1986	1.8826347305389222	0.0	0.9413173652694611		_
com.google.javascript.jscomp.Compiler#Config#getParserConfig#?#1985	1.8826347305389222	0.0	0.9413173652694611		_
com.google.javascript.jscomp.AstValidator#void#validateBinaryOp#?,Node#749	1.8823685961410512	0.0	0.9411842980705256		_
com.google.javascript.jscomp.AstValidator#void#validateBinaryOp#?,Node#750	1.8823685961410512	0.0	0.9411842980705256		_
com.google.javascript.jscomp.AstValidator#void#validateBinaryOp#?,Node#751	1.8823685961410512	0.0	0.9411842980705256		_
com.google.javascript.jscomp.NodeUtil#boolean#isForIn#?,Node#1565	1.8787757817697937	0.0	0.9393878908848968		_
com.google.javascript.jscomp.NodeTraversal#Compiler#getCompiler#?#401	1.8758483033932136	0.0	0.9379241516966068		_
com.google.javascript.rhino.Node#boolean#isCatch#?#2205	1.874517631403859	0.0	0.9372588157019295		_
com.google.javascript.jscomp.NodeUtil#boolean#isSimpleOperatorType#?,int#707	1.873985362608117	0.0	0.9369926813040586		_
com.google.javascript.jscomp.parsing.JsDocTokenStream#JsDocToken#getJsDocToken#?#167	1.8717232202262142	0.0	0.9358616101131071		_
com.google.javascript.jscomp.parsing.JsDocTokenStream#JsDocToken#getJsDocToken#?#165	1.8717232202262142	0.0	0.9358616101131071		_
com.google.javascript.jscomp.parsing.JsDocTokenStream#JsDocToken#getJsDocToken#?#166	1.8717232202262142	0.0	0.9358616101131071		_
com.google.javascript.jscomp.parsing.JsDocTokenStream#JsDocToken#getJsDocToken#?#164	1.8717232202262142	0.0	0.9358616101131071		_
com.google.javascript.jscomp.MakeDeclaredNamesUnique$ContextualRenamer#void#addDeclaredName#?,String#474	1.8709248170326014	0.0	0.9354624085163007		_
com.google.javascript.jscomp.MakeDeclaredNamesUnique$ContextualRenamer#void#addDeclaredName#?,String#470	1.8709248170326014	0.0	0.9354624085163007		_
com.google.javascript.jscomp.MakeDeclaredNamesUnique$ContextualRenamer#void#addDeclaredName#?,String#469	1.8709248170326014	0.0	0.9354624085163007		_
com.google.javascript.jscomp.Compiler#void#initOptions#?,CompilerOptions#265	1.8683965402528278	0.0	0.9341982701264139		_
com.google.javascript.jscomp.parsing.IRFactory#?#IRFactory#?,String,StaticSourceFile,Config,ErrorReporter#153	1.8665335994677312	0.0	0.9332667997338656		_
com.google.javascript.jscomp.parsing.IRFactory#?#IRFactory#?,String,StaticSourceFile,Config,ErrorReporter#154	1.8665335994677312	0.0	0.9332667997338656		_
com.google.javascript.jscomp.NodeUtil#boolean#has#?,Node,Predicate<Node>,Predicate<Node>#2676	1.8645375914836992	0.0	0.9322687957418496		_
com.google.javascript.jscomp.CompilerOptions#boolean#disables#?,DiagnosticGroup#1060	1.8565535595475715	0.0	0.9282767797737858		_
com.google.javascript.jscomp.DiagnosticGroup#DiagnosticGroup#forType#?,DiagnosticType#74	1.8565535595475715	0.0	0.9282767797737858		_
com.google.javascript.jscomp.NodeUtil#boolean#isConstantByConvention#?,CodingConvention,Node,Node#2803	1.854424484364604	0.0	0.927212242182302		_
com.google.javascript.jscomp.DiagnosticGroup#boolean#isSubGroup#?,DiagnosticGroup#117	1.8538922155688622	0.0	0.9269461077844311		_
com.google.javascript.jscomp.DiagnosticGroup#boolean#isSubGroup#?,DiagnosticGroup#119	1.8538922155688622	0.0	0.9269461077844311		_
com.google.javascript.jscomp.MakeDeclaredNamesUnique#void#findDeclaredNames#?,Node,Node,Renamer#221	1.852960745176314	0.0	0.926480372588157		_
com.google.javascript.jscomp.MakeDeclaredNamesUnique#void#findDeclaredNames#?,Node,Node,Renamer#222	1.852960745176314	0.0	0.926480372588157		_
com.google.javascript.jscomp.ControlFlowAnalysis#void#prioritizeFromEntryNode#?,DiGraphNode<Node,Branch>#204	1.8520292747837659	0.0	0.9260146373918829		_
com.google.javascript.jscomp.NodeUtil#boolean#mayHaveSideEffects#?,Node,AbstractCompiler#776	1.849767132401863	0.0	0.9248835662009315		_
com.google.javascript.jscomp.Scope$Var#boolean#isExtern#?#219	1.8493679308050566	0.0	0.9246839654025283		_
com.google.javascript.jscomp.NodeUtil#boolean#checkForStateChangeHelper#?,Node,boolean,AbstractCompiler#789	1.847771124417831	0.0	0.9238855622089155		_
com.google.javascript.rhino.Node#boolean#isFor#?#2249	1.8400532268795742	0.0	0.9200266134397871		_
com.google.javascript.jscomp.NodeUtil#boolean#isImmutableValue#?,Node#512	1.8377910844976713	0.0	0.9188955422488356		_
com.google.javascript.jscomp.CodingConventions$Proxy#boolean#isExported#?,String#94	1.8268795741849635	0.0	0.9134397870924817		_
com.google.javascript.rhino.Node#void#addChildBefore#?,Node,Node#648	0.9065868263473054	0.9200266134397871	0.9133067198935463	first == node	_
com.google.javascript.jscomp.SyntacticScopeCreator#void#scanRoot#?,Node,Scope#108	1.8263473053892216	0.0	0.9131736526946108		_
com.google.javascript.jscomp.SyntacticScopeCreator#void#scanRoot#?,Node,Scope#109	1.8263473053892216	0.0	0.9131736526946108		_
com.google.javascript.jscomp.Normalize$NormalizeStatements#void#doStatementNormalizations#?,NodeTraversal,Node,Node#517	1.8182302062541584	0.0	0.9091151031270792		_
com.google.javascript.jscomp.Normalize$NormalizeStatements#void#moveNamedFunctions#?,Node#653	1.8182302062541584	0.0	0.9091151031270792		_
com.google.javascript.jscomp.Normalize$NormalizeStatements#void#moveNamedFunctions#?,Node#644	1.8182302062541584	0.0	0.9091151031270792		_
com.google.javascript.jscomp.Normalize$NormalizeStatements#void#moveNamedFunctions#?,Node#643	1.8182302062541584	0.0	0.9091151031270792		_
com.google.javascript.jscomp.Normalize$NormalizeStatements#void#moveNamedFunctions#?,Node#641	1.8182302062541584	0.0	0.9091151031270792		_
com.google.javascript.jscomp.Normalize$NormalizeStatements#void#normalizeFunctionDeclaration#?,Node#455	1.8182302062541584	0.0	0.9091151031270792		_
com.google.javascript.jscomp.Normalize$NormalizeStatements#void#visit#?,NodeTraversal,Node,Node#396	1.8182302062541584	0.0	0.9091151031270792		_
com.google.javascript.jscomp.Normalize$NormalizeStatements#void#visit#?,NodeTraversal,Node,Node#397	1.8182302062541584	0.0	0.9091151031270792		_
com.google.javascript.jscomp.MakeDeclaredNamesUnique$ContextualRenamer#Renamer#forChildScope#?#455	1.8170326014637392	0.0	0.9085163007318696		_
com.google.javascript.jscomp.NodeTraversal#JSModule#getModule#?#440	1.8170326014637392	0.0	0.9085163007318696		_
com.google.javascript.jscomp.NodeTraversal#JSModule#getModule#?#441	1.8170326014637392	0.0	0.9085163007318696		_
com.google.javascript.jscomp.MakeDeclaredNamesUnique$ContextualRenamer#?#ContextualRenamer#?,Multiset<String>#447	1.8170326014637392	0.0	0.9085163007318696		_
com.google.javascript.jscomp.MakeDeclaredNamesUnique$ContextualRenamer#?#ContextualRenamer#?,Multiset<String>#446	1.8170326014637392	0.0	0.9085163007318696		_
com.google.javascript.jscomp.CodingConventions$Proxy#boolean#isExported#?,String,boolean#88	1.8168995342648038	0.0	0.9084497671324019		_
com.google.javascript.jscomp.CodingConventions$DefaultCodingConvention#boolean#isExported#?,String,boolean#277	1.8167664670658683	0.0	0.9083832335329342		_
com.google.javascript.jscomp.MakeDeclaredNamesUnique#void#exitScope#?,NodeTraversal#101	1.81583499667332	0.0	0.90791749833666		_
com.google.javascript.jscomp.MakeDeclaredNamesUnique#void#visit#?,NodeTraversal,Node,Node#176	1.81583499667332	0.0	0.90791749833666		_
com.google.javascript.jscomp.MakeDeclaredNamesUnique#void#visit#?,NodeTraversal,Node,Node#178	1.81583499667332	0.0	0.90791749833666		_
com.google.javascript.jscomp.MakeDeclaredNamesUnique#void#visit#?,NodeTraversal,Node,Node#179	1.81583499667332	0.0	0.90791749833666		_
com.google.javascript.jscomp.MakeDeclaredNamesUnique#void#visit#?,NodeTraversal,Node,Node#185	1.81583499667332	0.0	0.90791749833666		_
com.google.javascript.jscomp.MakeDeclaredNamesUnique#boolean#shouldTraverse#?,NodeTraversal,Node,Node#127	1.81583499667332	0.0	0.90791749833666		_
com.google.javascript.jscomp.MakeDeclaredNamesUnique#boolean#shouldTraverse#?,NodeTraversal,Node,Node#124	1.81583499667332	0.0	0.90791749833666		_
com.google.javascript.jscomp.MakeDeclaredNamesUnique#boolean#shouldTraverse#?,NodeTraversal,Node,Node#122	1.81583499667332	0.0	0.90791749833666		_
com.google.javascript.jscomp.MakeDeclaredNamesUnique#boolean#shouldTraverse#?,NodeTraversal,Node,Node#137	1.81583499667332	0.0	0.90791749833666		_
com.google.javascript.jscomp.MakeDeclaredNamesUnique#boolean#shouldTraverse#?,NodeTraversal,Node,Node#136	1.81583499667332	0.0	0.90791749833666		_
com.google.javascript.jscomp.MakeDeclaredNamesUnique#boolean#shouldTraverse#?,NodeTraversal,Node,Node#139	1.81583499667332	0.0	0.90791749833666		_
com.google.javascript.jscomp.MakeDeclaredNamesUnique#boolean#shouldTraverse#?,NodeTraversal,Node,Node#141	1.81583499667332	0.0	0.90791749833666		_
com.google.javascript.jscomp.MakeDeclaredNamesUnique#boolean#shouldTraverse#?,NodeTraversal,Node,Node#113	1.81583499667332	0.0	0.90791749833666		_
com.google.javascript.jscomp.MakeDeclaredNamesUnique#boolean#shouldTraverse#?,NodeTraversal,Node,Node#116	1.81583499667332	0.0	0.90791749833666		_
com.google.javascript.jscomp.MakeDeclaredNamesUnique#void#enterScope#?,NodeTraversal#88	1.81583499667332	0.0	0.90791749833666		_
com.google.javascript.rhino.Node#void#removeChild#?,Node#702	1.8115768463073851	0.0	0.9057884231536926		_
com.google.javascript.jscomp.AstValidator#void#validateParameters#?,Node#369	1.8107784431137723	0.0	0.9053892215568862		_
com.google.javascript.jscomp.Scope$Var#String#getName#?#149	1.804923486360612	0.0	0.902461743180306		_
com.google.javascript.jscomp.MakeDeclaredNamesUnique#void#findDeclaredNames#?,Node,Node,Renamer#219	1.7981370592149035	0.0	0.8990685296074518		_
com.google.javascript.rhino.Node#Node#getChildBefore#?,Node#554	1.7973386560212907	0.0	0.8986693280106454		_
com.google.javascript.jscomp.NodeUtil#boolean#isImmutableValue#?,Node#491	1.7948103792415169	0.0	0.8974051896207584		_
com.google.javascript.jscomp.Normalize$PropagateConstantAnnotationsOverVars#void#visit#?,NodeTraversal,Node,Node#247	1.7842980705256155	0.0	0.8921490352628078		_
com.google.javascript.jscomp.Normalize$PropagateConstantAnnotationsOverVars#void#visit#?,NodeTraversal,Node,Node#245	1.7828343313373254	0.0	0.8914171656686627		_
com.google.javascript.jscomp.Normalize$PropagateConstantAnnotationsOverVars#void#visit#?,NodeTraversal,Node,Node#243	1.7828343313373254	0.0	0.8914171656686627		_
com.google.javascript.jscomp.Normalize$PropagateConstantAnnotationsOverVars#void#visit#?,NodeTraversal,Node,Node#250	1.7828343313373254	0.0	0.8914171656686627		_
com.google.javascript.jscomp.Normalize$PropagateConstantAnnotationsOverVars#void#visit#?,NodeTraversal,Node,Node#254	1.7828343313373254	0.0	0.8914171656686627		_
com.google.javascript.jscomp.Normalize#void#process#?,Node,Node#157	1.7823020625415835	0.0	0.8911510312707918		_
com.google.javascript.jscomp.SyntacticScopeCreator#?#SyntacticScopeCreator#?,AbstractCompiler,RedeclarationHandler#64	1.782168995342648	0.0	0.891084497671324		_
com.google.javascript.jscomp.SyntacticScopeCreator#?#SyntacticScopeCreator#?,AbstractCompiler,RedeclarationHandler#63	1.782168995342648	0.0	0.891084497671324		_
com.google.javascript.jscomp.Normalize$PropagateConstantAnnotationsOverVars#void#process#?,Node,Node#232	1.782168995342648	0.0	0.891084497671324		_
com.google.javascript.jscomp.Normalize$ScopeTicklingCallback#void#enterScope#?,NodeTraversal#824	1.782168995342648	0.0	0.891084497671324		_
com.google.javascript.jscomp.Normalize$PropagateConstantAnnotationsOverVars#?#PropagateConstantAnnotationsOverVars#?,AbstractCompiler,boolean#226	1.782168995342648	0.0	0.891084497671324		_
com.google.javascript.jscomp.Normalize$PropagateConstantAnnotationsOverVars#?#PropagateConstantAnnotationsOverVars#?,AbstractCompiler,boolean#227	1.782168995342648	0.0	0.891084497671324		_
com.google.javascript.jscomp.Normalize$ScopeTicklingCallback#boolean#shouldTraverse#?,NodeTraversal,Node,Node#835	1.782168995342648	0.0	0.891084497671324		_
com.google.javascript.jscomp.Normalize#void#process#?,Node,Node#149	1.782168995342648	0.0	0.891084497671324		_
com.google.javascript.jscomp.Normalize#void#process#?,Node,Node#148	1.782168995342648	0.0	0.891084497671324		_
com.google.javascript.jscomp.Normalize#void#process#?,Node,Node#145	1.782168995342648	0.0	0.891084497671324		_
com.google.javascript.jscomp.Normalize#void#process#?,Node,Node#144	1.782168995342648	0.0	0.891084497671324		_
com.google.javascript.jscomp.Normalize#void#process#?,Node,Node#127	1.782168995342648	0.0	0.891084497671324		_
com.google.javascript.jscomp.Normalize#void#process#?,Node,Node#128	1.782168995342648	0.0	0.891084497671324		_
com.google.javascript.jscomp.Normalize#void#process#?,Node,Node#126	1.782168995342648	0.0	0.891084497671324		_
com.google.javascript.jscomp.Normalize#void#removeDuplicateDeclarations#?,Node,Node#696	1.782168995342648	0.0	0.891084497671324		_
com.google.javascript.jscomp.Normalize#void#removeDuplicateDeclarations#?,Node,Node#697	1.782168995342648	0.0	0.891084497671324		_
com.google.javascript.jscomp.Normalize#void#removeDuplicateDeclarations#?,Node,Node#693	1.782168995342648	0.0	0.891084497671324		_
com.google.javascript.jscomp.Normalize#void#removeDuplicateDeclarations#?,Node,Node#694	1.782168995342648	0.0	0.891084497671324		_
com.google.javascript.jscomp.Normalize#?#Normalize#?,AbstractCompiler,boolean#80	1.7820359281437126	0.0	0.8910179640718563		_
com.google.javascript.jscomp.Normalize#?#Normalize#?,AbstractCompiler,boolean#81	1.7820359281437126	0.0	0.8910179640718563		_
com.google.javascript.jscomp.Normalize#void#process#?,Node,Node#122	1.7820359281437126	0.0	0.8910179640718563		_
com.google.javascript.jscomp.MakeDeclaredNamesUnique$ContextualRenamer#void#reserveName#?,String#493	1.7800399201596806	0.0	0.8900199600798403		_
com.google.javascript.jscomp.MakeDeclaredNamesUnique$ContextualRenamer#void#addDeclaredName#?,String#465	1.7800399201596806	0.0	0.8900199600798403		_
com.google.javascript.jscomp.AbstractCompiler#void#setLifeCycleStage#?,LifeCycleStage#248	1.7800399201596806	0.0	0.8900199600798403		_
com.google.javascript.jscomp.AbstractCompiler$LifeCycleStage#boolean#isNormalizedObfuscated#?#295	1.7771124417831006	0.0	0.8885562208915503		_
com.google.javascript.jscomp.Normalize$NormalizeStatements#void#annotateConstantsByConvention#?,Node,Node#425	1.7771124417831006	0.0	0.8885562208915503		_
com.google.javascript.jscomp.Normalize$NormalizeStatements#void#annotateConstantsByConvention#?,Node,Node#415	1.7771124417831006	0.0	0.8885562208915503		_
com.google.javascript.jscomp.Normalize$NormalizeStatements#void#annotateConstantsByConvention#?,Node,Node#430	1.7771124417831006	0.0	0.8885562208915503		_
com.google.javascript.jscomp.Normalize$NormalizeStatements#void#annotateConstantsByConvention#?,Node,Node#426	1.7771124417831006	0.0	0.8885562208915503		_
com.google.javascript.jscomp.NodeUtil#boolean#isConstantByConvention#?,CodingConvention,Node,Node#2807	1.7771124417831006	0.0	0.8885562208915503		_
com.google.javascript.jscomp.NodeUtil#boolean#isConstantByConvention#?,CodingConvention,Node,Node#2800	1.7771124417831006	0.0	0.8885562208915503		_
com.google.javascript.jscomp.Normalize$NormalizeStatements#void#visit#?,NodeTraversal,Node,Node#405	1.7771124417831006	0.0	0.8885562208915503		_
com.google.javascript.jscomp.Normalize$NormalizeStatements#void#visit#?,NodeTraversal,Node,Node#407	1.7771124417831006	0.0	0.8885562208915503		_
com.google.javascript.jscomp.Normalize$NormalizeStatements#void#doStatementNormalizations#?,NodeTraversal,Node,Node#507	1.7768463073852296	0.0	0.8884231536926148		_
com.google.javascript.jscomp.Normalize$NormalizeStatements#void#doStatementNormalizations#?,NodeTraversal,Node,Node#513	1.7768463073852296	0.0	0.8884231536926148		_
com.google.javascript.jscomp.Normalize$NormalizeStatements#void#splitVarDeclarations#?,Node#619	1.7768463073852296	0.0	0.8884231536926148		_
com.google.javascript.jscomp.Normalize$NormalizeStatements#?#NormalizeStatements#?,AbstractCompiler,boolean#361	1.7768463073852296	0.0	0.8884231536926148		_
com.google.javascript.jscomp.Normalize$NormalizeStatements#?#NormalizeStatements#?,AbstractCompiler,boolean#362	1.7768463073852296	0.0	0.8884231536926148		_
com.google.javascript.jscomp.Normalize$NormalizeStatements#boolean#shouldTraverse#?,NodeTraversal,Node,Node#375	1.7768463073852296	0.0	0.8884231536926148		_
com.google.javascript.jscomp.Normalize$NormalizeStatements#boolean#shouldTraverse#?,NodeTraversal,Node,Node#377	1.7768463073852296	0.0	0.8884231536926148		_
com.google.javascript.jscomp.Normalize$NormalizeStatements#void#extractForInitializer#?,Node,Node,Node#567	1.7768463073852296	0.0	0.8884231536926148		_
com.google.javascript.jscomp.Normalize$NormalizeStatements#void#extractForInitializer#?,Node,Node,Node#564	1.7768463073852296	0.0	0.8884231536926148		_
com.google.javascript.jscomp.Normalize$NormalizeStatements#void#extractForInitializer#?,Node,Node,Node#566	1.7768463073852296	0.0	0.8884231536926148		_
com.google.javascript.jscomp.Normalize$NormalizeStatements#void#extractForInitializer#?,Node,Node,Node#565	1.7768463073852296	0.0	0.8884231536926148		_
com.google.javascript.jscomp.MakeDeclaredNamesUnique#?#MakeDeclaredNamesUnique#?#64	1.7768463073852296	0.0	0.8884231536926148		_
com.google.javascript.jscomp.MakeDeclaredNamesUnique$ContextualRenamer#String#getReplacementName#?,String#482	1.7768463073852296	0.0	0.8884231536926148		_
com.google.javascript.jscomp.Normalize$NormalizeStatements#void#visit#?,NodeTraversal,Node,Node#382	1.7768463073852296	0.0	0.8884231536926148		_
com.google.javascript.jscomp.MakeDeclaredNamesUnique$ContextualRenamer#?#ContextualRenamer#?#439	1.7767132401862942	0.0	0.8883566200931471		_
com.google.javascript.jscomp.MakeDeclaredNamesUnique$ContextualRenamer#?#ContextualRenamer#?#438	1.7767132401862942	0.0	0.8883566200931471		_
com.google.javascript.jscomp.MakeDeclaredNamesUnique#void#enterScope#?,NodeTraversal#93	1.7763140385894878	0.0	0.8881570192947439		_
com.google.javascript.jscomp.MakeDeclaredNamesUnique#String#getReplacementName#?,String#205	1.7745841650033267	0.0	0.8872920825016634		_
com.google.javascript.jscomp.MakeDeclaredNamesUnique#void#findDeclaredNames#?,Node,Node,Renamer#226	1.7745841650033267	0.0	0.8872920825016634		_
com.google.javascript.jscomp.MakeDeclaredNamesUnique#String#getReplacementName#?,String#200	1.7744510978043913	0.0	0.8872255489021956		_
com.google.javascript.jscomp.MakeDeclaredNamesUnique#String#getReplacementName#?,String#199	1.7744510978043913	0.0	0.8872255489021956		_
com.google.javascript.jscomp.MakeDeclaredNamesUnique#void#visit#?,NodeTraversal,Node,Node#172	1.7744510978043913	0.0	0.8872255489021956		_
com.google.javascript.jscomp.MakeDeclaredNamesUnique#void#visit#?,NodeTraversal,Node,Node#162	1.7744510978043913	0.0	0.8872255489021956		_
com.google.javascript.jscomp.MakeDeclaredNamesUnique#?#MakeDeclaredNamesUnique#?,Renamer#68	1.7743180306054558	0.0	0.8871590153027279		_
com.google.javascript.jscomp.MakeDeclaredNamesUnique#void#visit#?,NodeTraversal,Node,Node#160	1.7743180306054558	0.0	0.8871590153027279		_
com.google.javascript.jscomp.MakeDeclaredNamesUnique#boolean#shouldTraverse#?,NodeTraversal,Node,Node#155	1.7743180306054558	0.0	0.8871590153027279		_
com.google.javascript.jscomp.MakeDeclaredNamesUnique#boolean#shouldTraverse#?,NodeTraversal,Node,Node#108	1.7743180306054558	0.0	0.8871590153027279		_
com.google.javascript.jscomp.MakeDeclaredNamesUnique#void#enterScope#?,NodeTraversal#85	1.7743180306054558	0.0	0.8871590153027279		_
com.google.javascript.jscomp.MakeDeclaredNamesUnique#void#enterScope#?,NodeTraversal#82	1.7743180306054558	0.0	0.8871590153027279		_
com.google.javascript.jscomp.MakeDeclaredNamesUnique#void#enterScope#?,NodeTraversal#78	1.7743180306054558	0.0	0.8871590153027279		_
com.google.javascript.jscomp.MakeDeclaredNamesUnique#void#enterScope#?,NodeTraversal#77	1.7743180306054558	0.0	0.8871590153027279		_
com.google.javascript.jscomp.MakeDeclaredNamesUnique#void#enterScope#?,NodeTraversal#95	1.7743180306054558	0.0	0.8871590153027279		_
com.google.javascript.jscomp.MakeDeclaredNamesUnique#void#enterScope#?,NodeTraversal#86	1.7743180306054558	0.0	0.8871590153027279		_
com.google.javascript.jscomp.ComposeWarningsGuard#CheckLevel#level#?,JSError#121	1.7729873586161011	0.0	0.8864936793080506		_
com.google.javascript.jscomp.NodeTraversal#void#traverseRoots#?,Node#285	1.7684630738522955	0.0	0.8842315369261478		_
com.google.javascript.jscomp.Scope$Var#JSDocInfo#getJSDocInfo#?#273	1.7667332002661345	0.0	0.8833666001330672		_
com.google.javascript.jscomp.AbstractCompiler$LifeCycleStage#boolean#isNormalized#?#287	1.7660678642714571	0.0	0.8830339321357286		_
com.google.javascript.jscomp.JSError#DiagnosticType#getType#?#169	1.7635395874916833	0.0	0.8817697937458416		_
com.google.javascript.jscomp.DiagnosticGroupWarningsGuard#CheckLevel#level#?,JSError#40	1.7635395874916833	0.0	0.8817697937458416		_
com.google.javascript.jscomp.DiagnosticGroup#boolean#matches#?,JSError#103	1.7635395874916833	0.0	0.8817697937458416		_
com.google.javascript.jscomp.SuppressDocWarningsGuard#CheckLevel#level#?,JSError#92	1.7616766467065867	0.0	0.8808383233532934		_
com.google.javascript.jscomp.SuppressDocWarningsGuard#CheckLevel#level#?,JSError#53	1.7608782435129742	0.0	0.8804391217564871		_
com.google.javascript.jscomp.AbstractCompiler#LifeCycleStage#getLifeCycleStage#?#183	1.7608782435129742	0.0	0.8804391217564871		_
com.google.javascript.jscomp.ComposeWarningsGuard#CheckLevel#level#?,JSError#113	1.7606121091151032	0.0	0.8803060545575516		_
com.google.javascript.jscomp.ComposeWarningsGuard#CheckLevel#level#?,JSError#112	1.7606121091151032	0.0	0.8803060545575516		_
com.google.javascript.jscomp.JSError#?#JSError#?,String,Node,int,int,DiagnosticType,CheckLevel,String#146	1.7580838323353294	0.0	0.8790419161676647		_
com.google.javascript.jscomp.JSError#?#JSError#?,String,Node,int,int,DiagnosticType,CheckLevel,String#147	1.7580838323353294	0.0	0.8790419161676647		_
com.google.javascript.jscomp.JSError#?#JSError#?,String,Node,int,int,DiagnosticType,CheckLevel,String#145	1.7580838323353294	0.0	0.8790419161676647		_
com.google.javascript.jscomp.JSError#?#JSError#?,String,Node,int,int,DiagnosticType,CheckLevel,String#151	1.7580838323353294	0.0	0.8790419161676647		_
com.google.javascript.jscomp.JSError#?#JSError#?,String,Node,int,int,DiagnosticType,CheckLevel,String#152	1.7580838323353294	0.0	0.8790419161676647		_
com.google.javascript.jscomp.JSError#?#JSError#?,String,Node,int,int,DiagnosticType,CheckLevel,String#150	1.7580838323353294	0.0	0.8790419161676647		_
com.google.javascript.jscomp.Scope$Var#boolean#isLocal#?#212	1.7543579507651363	0.0	0.8771789753825682		_
com.google.javascript.jscomp.SyntacticScopeCreator#void#scanVars#?,Node,Node#141	1.7409181636726547	0.0	0.8704590818363274		_
com.google.javascript.jscomp.SyntacticScopeCreator#void#scanVars#?,Node,Node#147	1.7409181636726547	0.0	0.8704590818363274		_
com.google.javascript.jscomp.SyntacticScopeCreator#void#scanVars#?,Node,Node#146	1.7409181636726547	0.0	0.8704590818363274		_
com.google.javascript.jscomp.PrepareAst$PrepareAnnotations#void#annotateFunctions#?,Node,Node#242	1.7407850964737193	0.0	0.8703925482368596		_
com.google.javascript.jscomp.parsing.JsDocInfoParser#Node#parseParamTypeExpressionAnnotation#?,JsDocToken#1592	1.7402528276779774	0.0	0.8701264138389887		_
com.google.javascript.jscomp.parsing.JsDocInfoParser#Node#parseParamTypeExpressionAnnotation#?,JsDocToken#1593	1.7402528276779774	0.0	0.8701264138389887		_
com.google.javascript.jscomp.parsing.JsDocInfoParser#Node#parseParamTypeExpressionAnnotation#?,JsDocToken#1591	1.7402528276779774	0.0	0.8701264138389887		_
com.google.javascript.jscomp.NodeUtil#boolean#isExprAssign#?,Node#1545	1.739853626081171	0.0	0.8699268130405855		_
com.google.javascript.jscomp.parsing.JsDocTokenStream#JsDocToken#getJsDocToken#?#132	1.7397205588822355	0.0	0.8698602794411178		_
com.google.javascript.rhino.Node#boolean#isStringKey#?#2353	1.7387890884896873	0.0	0.8693945442448436		_
com.google.javascript.jscomp.CompilerInput#JSModule#getModule#?#320	1.7362608117099136	0.0	0.8681304058549568		_
com.google.javascript.jscomp.PrepareAst$PrepareAnnotations#void#annotateFunctions#?,Node,Node#238	1.732934131736527	0.0	0.8664670658682635		_
com.google.javascript.jscomp.parsing.JsDocInfoParser#Node#parseBasicTypeExpression#?,JsDocToken#1732	1.7290751829673985	0.0	0.8645375914836992		_
com.google.javascript.jscomp.parsing.JsDocInfoParser#void#skipEOLs#?#2308	1.725748502994012	0.0	0.862874251497006		_
com.google.javascript.jscomp.Scope$Var#Scope#getScope#?#198	1.7248170326014638	0.0	0.8624085163007319		_
com.google.javascript.jscomp.parsing.JsDocInfoParser#void#skipEOLs#?#2306	1.7246839654025283	0.0	0.8623419827012642		_
com.google.javascript.jscomp.parsing.JsDocInfoParser#Node#parseTypeExpression#?,JsDocToken#1709	1.7212242182302062	0.0	0.8606121091151031		_
com.google.javascript.jscomp.parsing.JsDocTokenStream#JsDocToken#getJsDocToken#?#126	1.7205588822355289	0.0	0.8602794411177644		_
com.google.javascript.rhino.JSTypeExpression#boolean#isOptionalArg#?#86	1.7194943446440454	0.0	0.8597471723220227		_
com.google.javascript.rhino.JSTypeExpression#boolean#isVarArgs#?#93	1.7192282102461744	0.0	0.8596141051230872		_
com.google.javascript.jscomp.NodeUtil#boolean#isVarDeclaration#?,Node#1518	1.7189620758483035	0.0	0.8594810379241518		_
com.google.javascript.jscomp.ControlFlowAnalysis#void#handleStmt#?,Node#670	1.7178975382568198	0.0	0.8589487691284099		_
com.google.javascript.jscomp.ControlFlowAnalysis#void#handleStmt#?,Node#671	1.7178975382568198	0.0	0.8589487691284099		_
com.google.javascript.jscomp.ControlFlowAnalysis#void#visit#?,NodeTraversal,Node,Node#353	1.7178975382568198	0.0	0.8589487691284099		_
com.google.javascript.jscomp.ControlFlowAnalysis#void#visit#?,NodeTraversal,Node,Node#352	1.7178975382568198	0.0	0.8589487691284099		_
com.google.javascript.rhino.JSDocInfo#JSTypeExpression#getParameterType#?,String#954	1.7160345974717233	0.0	0.8580172987358616		_
com.google.javascript.jscomp.parsing.JsDocInfoParser#Node#parseParamTypeExpressionAnnotation#?,JsDocToken#1599	1.7107119095143046	0.0	0.8553559547571523		_
com.google.javascript.jscomp.parsing.JsDocInfoParser#Node#parseParamTypeExpressionAnnotation#?,JsDocToken#1587	1.7099135063206918	0.0	0.8549567531603459		_
com.google.javascript.jscomp.parsing.JsDocInfoParser#Node#parseAndRecordParamTypeNode#?,JsDocToken#1122	1.7097804391217566	0.0	0.8548902195608783		_
com.google.javascript.jscomp.parsing.JsDocInfoParser#Node#parseAndRecordParamTypeNode#?,JsDocToken#1120	1.7097804391217566	0.0	0.8548902195608783		_
com.google.javascript.jscomp.parsing.JsDocInfoParser#Node#parseAndRecordParamTypeNode#?,JsDocToken#1119	1.7097804391217566	0.0	0.8548902195608783		_
com.google.javascript.rhino.JSDocInfo#boolean#declareParam#?,JSTypeExpression,String#896	1.7097804391217566	0.0	0.8548902195608783		_
com.google.javascript.rhino.JSDocInfo#boolean#declareParam#?,JSTypeExpression,String#895	1.7097804391217566	0.0	0.8548902195608783		_
com.google.javascript.rhino.JSDocInfo#boolean#declareParam#?,JSTypeExpression,String#892	1.7097804391217566	0.0	0.8548902195608783		_
com.google.javascript.rhino.JSDocInfo#boolean#declareParam#?,JSTypeExpression,String#890	1.7097804391217566	0.0	0.8548902195608783		_
com.google.javascript.rhino.JSDocInfoBuilder#boolean#recordParameter#?,String,JSTypeExpression#270	1.7097804391217566	0.0	0.8548902195608783		_
com.google.javascript.rhino.JSDocInfoBuilder#boolean#recordParameter#?,String,JSTypeExpression#269	1.7097804391217566	0.0	0.8548902195608783		_
com.google.javascript.jscomp.parsing.JsDocInfoParser#Node#parseParamTypeExpressionAnnotation#?,JsDocToken#1585	1.709647371922821	0.0	0.8548236859614105		_
com.google.javascript.jscomp.parsing.JsDocInfoParser#Node#parseParamTypeExpressionAnnotation#?,JsDocToken#1603	1.709647371922821	0.0	0.8548236859614105		_
com.google.javascript.jscomp.parsing.JsDocInfoParser#Node#parseParamTypeExpressionAnnotation#?,JsDocToken#1575	1.7095143047238857	0.0	0.8547571523619428		_
com.google.javascript.jscomp.parsing.JsDocInfoParser#Node#parseParamTypeExpressionAnnotation#?,JsDocToken#1574	1.7095143047238857	0.0	0.8547571523619428		_
com.google.javascript.jscomp.parsing.JsDocInfoParser#Node#parseParamTypeExpressionAnnotation#?,JsDocToken#1570	1.7095143047238857	0.0	0.8547571523619428		_
com.google.javascript.jscomp.parsing.JsDocInfoParser#Node#parseParamTypeExpressionAnnotation#?,JsDocToken#1572	1.7095143047238857	0.0	0.8547571523619428		_
com.google.javascript.jscomp.parsing.JsDocInfoParser#Node#parseAndRecordParamTypeNode#?,JsDocToken#1125	1.7095143047238857	0.0	0.8547571523619428		_
com.google.javascript.jscomp.parsing.JsDocInfoParser#Node#parseAndRecordParamTypeNode#?,JsDocToken#1113	1.7095143047238857	0.0	0.8547571523619428		_
com.google.javascript.jscomp.parsing.JsDocInfoParser#Node#parseAndRecordParamTypeNode#?,JsDocToken#1114	1.7095143047238857	0.0	0.8547571523619428		_
com.google.javascript.jscomp.parsing.JsDocInfoParser#Node#parseAndRecordParamTypeNode#?,JsDocToken#1115	1.7095143047238857	0.0	0.8547571523619428		_
com.google.javascript.jscomp.parsing.JsDocInfoParser#Node#parseAndRecordParamTypeNode#?,JsDocToken#1117	1.7095143047238857	0.0	0.8547571523619428		_
com.google.javascript.jscomp.parsing.JsDocInfoParser#Node#newNode#?,int#2188	1.709115103127079	0.0	0.8545575515635395		_
com.google.javascript.jscomp.AstValidator#void#validateStatement#?,Node#102	1.7072521623419827	0.0	0.8536260811709914		_
com.google.javascript.jscomp.AstValidator#void#validateStatement#?,Node#103	1.7072521623419827	0.0	0.8536260811709914		_
com.google.javascript.jscomp.AstValidator#void#validateFunctionStatement#?,Node#355	1.7072521623419827	0.0	0.8536260811709914		_
com.google.javascript.jscomp.AstValidator#void#validateFunctionStatement#?,Node#354	1.7072521623419827	0.0	0.8536260811709914		_
com.google.javascript.jscomp.AstValidator#void#validateFunctionStatement#?,Node#353	1.7072521623419827	0.0	0.8536260811709914		_
com.google.javascript.jscomp.AstValidator#void#validateFunctionStatement#?,Node#352	1.7072521623419827	0.0	0.8536260811709914		_
com.google.javascript.jscomp.AstValidator#void#validateFunctionStatement#?,Node#351	1.7072521623419827	0.0	0.8536260811709914		_
com.google.javascript.jscomp.CodeGenerator#void#add#?,Node,Context#293	0.7201596806387225	0.982168995342648	0.8511643379906852	funcNeedsParens	_
com.google.javascript.jscomp.CodeGenerator#void#add#?,Node,Context#304	0.7201596806387225	0.982168995342648	0.8511643379906852	funcNeedsParens	_
com.google.javascript.rhino.JSDocInfoBuilder#boolean#recordReturnType#?,JSTypeExpression#484	1.7003326679973387	0.0	0.8501663339986694		_
com.google.javascript.rhino.JSDocInfoBuilder#boolean#recordReturnType#?,JSTypeExpression#485	1.7003326679973387	0.0	0.8501663339986694		_
com.google.javascript.rhino.JSDocInfoBuilder#boolean#recordReturnType#?,JSTypeExpression#486	1.7003326679973387	0.0	0.8501663339986694		_
com.google.javascript.rhino.JSDocInfo#void#setReturnType#?,JSTypeExpression#1006	1.6996673320026614	0.0	0.8498336660013307		_
com.google.javascript.jscomp.ControlFlowAnalysis#boolean#mayThrowException#?,Node#930	1.6984697272122422	0.0	0.8492348636061211		_
com.google.javascript.jscomp.NodeUtil#JSDocInfo#getFunctionJSDocInfo#?,Node#2823	0.7860279441117765	0.9124417831004658	0.8492348636061211	!(parent.isName())	_
com.google.javascript.rhino.JSDocInfo#JSTypeExpression#getReturnType#?#1084	1.6980705256154358	0.0	0.8490352628077179		_
com.google.javascript.rhino.JSDocInfo#JSTypeExpression#getType#?,int#1105	1.6980705256154358	0.0	0.8490352628077179		_
com.google.javascript.rhino.Node#?#Node#?,int,Node,int,int#452	1.69500998003992	0.0	0.84750499001996		_
com.google.javascript.jscomp.parsing.JsDocInfoParser#Node#wrapNode#?,int,Node#2182	1.6948769128409846	0.0	0.8474384564204923		_
com.google.javascript.jscomp.parsing.JsDocTokenStream#JsDocToken#getJsDocToken#?#95	1.6778443113772454	0.0	0.8389221556886227		_
com.google.javascript.rhino.JSDocInfo#boolean#isJavaDispatch#?#579	1.6770459081836329	0.0	0.8385229540918164		_
com.google.javascript.rhino.JSDocInfoBuilder#boolean#recordType#?,JSTypeExpression#438	1.6754491017964073	0.0	0.8377245508982036		_
com.google.javascript.rhino.JSDocInfoBuilder#boolean#recordType#?,JSTypeExpression#436	1.6754491017964073	0.0	0.8377245508982036		_
com.google.javascript.rhino.JSDocInfoBuilder#boolean#recordType#?,JSTypeExpression#437	1.6754491017964073	0.0	0.8377245508982036		_
com.google.javascript.rhino.JSDocInfo#void#setType#?,JSTypeExpression#1002	1.67478376580173	0.0	0.837391882900865		_
com.google.javascript.jscomp.parsing.JsDocInfoParser#JsDocToken#eatTokensUntilEOL#?,JsDocToken#2242	1.6735861610113107	0.0	0.8367930805056554		_
com.google.javascript.jscomp.parsing.JsDocInfoParser#JsDocToken#eatTokensUntilEOL#?,JsDocToken#2243	1.6735861610113107	0.0	0.8367930805056554		_
com.google.javascript.rhino.Node#boolean#isQualifiedName#?#1593	1.670791749833666	0.0	0.835395874916833		_
com.google.javascript.jscomp.parsing.JsDocTokenStream#void#ungetCharIgnoreLineEnd#?,int#440	1.6697272122421822	0.0	0.8348636061210911		_
com.google.javascript.jscomp.parsing.JsDocTokenStream#boolean#matchChar#?,int#265	1.6697272122421822	0.0	0.8348636061210911		_
com.google.javascript.jscomp.parsing.JsDocTokenStream#boolean#matchChar#?,int#266	1.6697272122421822	0.0	0.8348636061210911		_
com.google.javascript.jscomp.parsing.JsDocTokenStream#int#getChar#?#372	1.6694610778443113	0.0	0.8347305389221557		_
com.google.javascript.jscomp.parsing.JsDocTokenStream#JsDocToken#getJsDocToken#?#70	1.6693280106453758	0.0	0.8346640053226879		_
com.google.javascript.jscomp.parsing.JsDocTokenStream#int#getChar#?#366	1.6693280106453758	0.0	0.8346640053226879		_
com.google.javascript.rhino.JSDocInfo#String#getLendsName#?#1184	1.6660013306719894	0.0	0.8330006653359947		_
com.google.javascript.rhino.JSDocInfoBuilder#boolean#hasAnyTypeRelatedTags#?#963	1.665602129075183	0.0	0.8328010645375915		_
com.google.javascript.jscomp.parsing.JsDocInfoParser#boolean#lookAheadForTypeAnnotation#?#2352	1.6625415834996673	0.0	0.8312707917498336		_
com.google.javascript.jscomp.parsing.JsDocInfoParser#boolean#lookAheadForTypeAnnotation#?#2353	1.6625415834996673	0.0	0.8312707917498336		_
com.google.javascript.jscomp.parsing.JsDocInfoParser#Node#parseTypeExpressionAnnotation#?,JsDocToken#1550	1.66187624750499	0.0	0.830938123752495		_
com.google.javascript.jscomp.parsing.JsDocInfoParser#Node#parseTypeExpressionAnnotation#?,JsDocToken#1546	1.6610778443113772	0.0	0.8305389221556886		_
com.google.javascript.rhino.JSDocInfo#void#lazyInitInfo#?#623	1.6588157019294743	0.0	0.8294078509647371		_
com.google.javascript.jscomp.parsing.JsDocInfoParser#Node#parseTypeExpressionAnnotation#?,JsDocToken#1554	1.658682634730539	0.0	0.8293413173652695		_
com.google.javascript.jscomp.parsing.JsDocInfoParser#Node#parseTypeExpressionAnnotation#?,JsDocToken#1544	1.658682634730539	0.0	0.8293413173652695		_
com.google.javascript.jscomp.parsing.JsDocInfoParser#Node#parseTypeExpressionAnnotation#?,JsDocToken#1543	1.658682634730539	0.0	0.8293413173652695		_
com.google.javascript.jscomp.parsing.JsDocInfoParser#boolean#lookAheadForTypeAnnotation#?#2345	1.6556220891550233	0.0	0.8278110445775116		_
com.google.javascript.jscomp.parsing.JsDocInfoParser#boolean#lookAheadForTypeAnnotation#?#2346	1.6556220891550233	0.0	0.8278110445775116		_
com.google.javascript.jscomp.parsing.JsDocInfoParser#boolean#lookAheadForTypeAnnotation#?#2347	1.6556220891550233	0.0	0.8278110445775116		_
com.google.javascript.jscomp.parsing.JsDocInfoParser#boolean#lookAheadForTypeAnnotation#?#2348	1.6556220891550233	0.0	0.8278110445775116		_
com.google.javascript.jscomp.parsing.JsDocInfoParser#boolean#lookAheadForTypeAnnotation#?#2350	1.6556220891550233	0.0	0.8278110445775116		_
com.google.javascript.jscomp.parsing.JsDocInfoParser#boolean#lookAheadForTypeAnnotation#?#2358	1.6556220891550233	0.0	0.8278110445775116		_
com.google.javascript.jscomp.parsing.JsDocInfoParser#boolean#lookAheadForTypeAnnotation#?#2359	1.6556220891550233	0.0	0.8278110445775116		_
com.google.javascript.rhino.JSDocInfo#void#setType#?,JSTypeExpression,int#1024	1.6537591483699268	0.0	0.8268795741849634		_
com.google.javascript.jscomp.parsing.JsDocInfoParser#Node#parseAndRecordTypeNode#?,JsDocToken,int,int,boolean,boolean#1150	1.6525615435795076	0.0	0.8262807717897538		_
com.google.javascript.jscomp.parsing.JsDocInfoParser#Node#parseAndRecordTypeNode#?,JsDocToken,boolean#1080	1.6525615435795076	0.0	0.8262807717897538		_
com.google.javascript.jscomp.parsing.JsDocInfoParser#Node#parseAndRecordTypeNode#?,JsDocToken#1068	1.6525615435795076	0.0	0.8262807717897538		_
com.google.javascript.rhino.Node#boolean#isQualifiedName#?#1591	1.645508982035928	0.0	0.822754491017964		_
com.google.javascript.rhino.Node#boolean#isQualifiedName#?#1595	1.6451097804391217	0.0	0.8225548902195609		_
com.google.javascript.jscomp.parsing.JsDocInfoParser#Node#parseAndRecordTypeNode#?,JsDocToken,int,int,boolean,boolean#1161	1.6441783100465734	0.0	0.8220891550232867		_
com.google.javascript.jscomp.parsing.JsDocInfoParser#Node#parseAndRecordTypeNode#?,JsDocToken,int,int,boolean,boolean#1158	1.6441783100465734	0.0	0.8220891550232867		_
com.google.javascript.jscomp.parsing.JsDocInfoParser#Node#parseAndRecordTypeNode#?,JsDocToken,int,int,boolean,boolean#1159	1.6441783100465734	0.0	0.8220891550232867		_
com.google.javascript.jscomp.parsing.JsDocInfoParser#Node#parseTopLevelTypeExpression#?,JsDocToken#1649	1.6439121756487025	0.0	0.8219560878243513		_
com.google.javascript.jscomp.Compiler#void#initOptions#?,CompilerOptions#300	1.6424484364604126	0.0	0.8212242182302063		_
com.google.javascript.jscomp.WarningsGuard#boolean#enables#?,DiagnosticGroup#106	1.642315369261477	0.0	0.8211576846307385		_
com.google.javascript.jscomp.WarningsGuard#boolean#disables#?,DiagnosticGroup#95	1.642315369261477	0.0	0.8211576846307385		_
com.google.javascript.jscomp.parsing.JsDocInfoParser#Node#parseAndRecordTypeNode#?,JsDocToken,int,int,boolean,boolean#1165	1.6413838988689289	0.0	0.8206919494344644		_
com.google.javascript.jscomp.parsing.JsDocInfoParser#Node#parseAndRecordTypeNode#?,JsDocToken,int,int,boolean,boolean#1145	1.6413838988689289	0.0	0.8206919494344644		_
com.google.javascript.jscomp.NodeTraversal#Node#getCurrentNode#?#446	1.640851630073187	0.0	0.8204258150365935		_
com.google.javascript.jscomp.parsing.JsDocInfoParser#Node#parseBasicTypeExpression#?,JsDocToken#1750	1.6407185628742516	0.0	0.8203592814371258		_
com.google.javascript.jscomp.ControlFlowAnalysis#void#handleStmtList#?,Node#506	1.6400532268795742	0.0	0.8200266134397871		_
com.google.javascript.jscomp.parsing.JsDocInfoParser#Node#parseTopLevelTypeExpression#?,JsDocToken#1635	1.6396540252827678	0.0	0.8198270126413839		_
com.google.javascript.jscomp.parsing.JsDocInfoParser#Node#parseTypeExpression#?,JsDocToken#1722	1.639387890884897	0.0	0.8196939454424484		_
com.google.javascript.jscomp.parsing.JsDocInfoParser#Node#parseTypeExpression#?,JsDocToken#1711	1.6387225548902196	0.0	0.8193612774451098		_
com.google.javascript.jscomp.ControlFlowAnalysis#void#handleExpr#?,Node#536	1.638589487691284	0.0	0.819294743845642		_
com.google.javascript.jscomp.ControlFlowAnalysis#void#handleExpr#?,Node#535	1.638589487691284	0.0	0.819294743845642		_
com.google.javascript.jscomp.ControlFlowAnalysis#void#visit#?,NodeTraversal,Node,Node#326	1.638589487691284	0.0	0.819294743845642		_
com.google.javascript.jscomp.ControlFlowAnalysis#void#visit#?,NodeTraversal,Node,Node#327	1.638589487691284	0.0	0.819294743845642		_
com.google.javascript.jscomp.parsing.JsDocInfoParser#Node#parseBasicTypeExpression#?,JsDocToken#1743	1.6383233532934132	0.0	0.8191616766467066		_
com.google.javascript.jscomp.ControlFlowAnalysis#boolean#mayThrowException#?,Node#927	1.6375249500998004	0.0	0.8187624750499002		_
com.google.javascript.jscomp.DataFlowAnalysis#void#analyze#?,int#227	1.6356620093147038	0.0	0.8178310046573519		_
com.google.javascript.jscomp.ControlFlowAnalysis$AstControlFlowGraph#Comparator<DiGraphNode<Node,Branch>>#getOptionalNodeComparator#?,boolean#1030	1.6355289421157684	0.0	0.8177644710578842		_
com.google.javascript.jscomp.ControlFlowAnalysis#boolean#mayThrowException#?,Node#921	1.6339321357285428	0.0	0.8169660678642714		_
com.google.javascript.rhino.JSDocInfoBuilder#boolean#recordConstructor#?#706	1.6332667997338657	0.0	0.8166333998669328		_
com.google.javascript.rhino.JSDocInfoBuilder#boolean#recordConstructor#?#705	1.6332667997338657	0.0	0.8166333998669328		_
com.google.javascript.rhino.JSDocInfoBuilder#boolean#recordConstructor#?#704	1.6332667997338657	0.0	0.8166333998669328		_
com.google.javascript.rhino.JSDocInfo#void#setConstructor#?,boolean#349	1.6330006653359947	0.0	0.8165003326679974		_
com.google.javascript.jscomp.NodeTraversal#void#pushScope#?,Scope#574	1.632202262142382	0.0	0.816101131071191		_
com.google.javascript.jscomp.NodeTraversal#void#pushScope#?,Scope#573	1.632202262142382	0.0	0.816101131071191		_
com.google.javascript.jscomp.NodeTraversal#void#pushScope#?,Scope#575	1.632202262142382	0.0	0.816101131071191		_
com.google.javascript.jscomp.ComposeWarningsGuard#boolean#enables#?,DiagnosticGroup#158	1.6308715901530273	0.0	0.8154357950765136		_
com.google.javascript.jscomp.parsing.JsDocInfoParser#Node#parseTypeName#?,JsDocToken#1770	1.6298070525615436	0.0	0.8149035262807718		_
com.google.javascript.jscomp.parsing.JsDocInfoParser#Node#parseTypeName#?,JsDocToken#1780	1.6298070525615436	0.0	0.8149035262807718		_
com.google.javascript.jscomp.parsing.JsDocInfoParser#Node#parseTypeName#?,JsDocToken#1797	1.6298070525615436	0.0	0.8149035262807718		_
com.google.javascript.jscomp.parsing.JsDocInfoParser#Node#parseTypeName#?,JsDocToken#1768	1.6298070525615436	0.0	0.8149035262807718		_
com.google.javascript.jscomp.parsing.JsDocInfoParser#Node#parseTypeName#?,JsDocToken#1769	1.6298070525615436	0.0	0.8149035262807718		_
com.google.javascript.jscomp.parsing.JsDocTokenStream#JsDocToken#getJsDocToken#?#114	1.6260811709913505	0.0	0.8130405854956753		_
com.google.javascript.jscomp.parsing.JsDocInfoParser#Node#newStringNode#?,String,int,int#2199	1.6259481037924153	0.0	0.8129740518962076		_
com.google.javascript.jscomp.parsing.JsDocInfoParser#Node#newStringNode#?,String,int,int#2198	1.6259481037924153	0.0	0.8129740518962076		_
com.google.javascript.jscomp.parsing.JsDocInfoParser#Node#newStringNode#?,String,int,int#2197	1.6259481037924153	0.0	0.8129740518962076		_
com.google.javascript.rhino.Node#Node#newString#?,String,int,int#521	1.6256819693945443	0.0	0.8128409846972722		_
com.google.javascript.rhino.Node$StringNode#?#StringNode#?,int,String,int,int#205	1.6251497005988025	0.0	0.8125748502994012		_
com.google.javascript.rhino.Node$StringNode#?#StringNode#?,int,String,int,int#209	1.6251497005988025	0.0	0.8125748502994012		_
com.google.javascript.jscomp.parsing.JsDocTokenStream#JsDocToken#getJsDocToken#?#111	1.6250166333998668	0.0	0.8125083166999334		_
com.google.javascript.rhino.JSDocInfo#boolean#isConstant#?#442	1.6239520958083833	0.0	0.8119760479041916		_
com.google.javascript.rhino.JSTypeExpression#?#JSTypeExpression#?,Node,String#65	1.6234198270126414	0.0	0.8117099135063207		_
com.google.javascript.rhino.JSTypeExpression#?#JSTypeExpression#?,Node,String#66	1.6234198270126414	0.0	0.8117099135063207		_
com.google.javascript.rhino.Node#boolean#isQualifiedName#?#1588	1.6234198270126414	0.0	0.8117099135063207		_
com.google.javascript.jscomp.DataFlowAnalysis#void#analyze#?,int#218	1.622754491017964	0.0	0.811377245508982		_
com.google.javascript.jscomp.DataFlowAnalysis#void#analyze#?,int#215	1.622754491017964	0.0	0.811377245508982		_
com.google.javascript.jscomp.parsing.JsDocInfoParser#JSTypeExpression#createJSTypeExpression#?,Node#1237	1.6220891550232868	0.0	0.8110445775116434		_
com.google.javascript.jscomp.DataFlowAnalysis#?#DataFlowAnalysis#?,ControlFlowGraph<N>,JoinOp<L>#126	1.6219560878243513	0.0	0.8109780439121757		_
com.google.javascript.jscomp.graph.LinkedDirectedGraph#List<DiGraphNode<N,E>>#getDirectedPredNodes#?,DiGraphNode<N,E>#237	1.6218230206254158	0.0	0.8109115103127079		_
com.google.javascript.jscomp.graph.LinkedDirectedGraph#List<DiGraphNode<N,E>>#getDirectedPredNodes#?,DiGraphNode<N,E>#235	1.6218230206254158	0.0	0.8109115103127079		_
com.google.javascript.jscomp.graph.LinkedDirectedGraph#List<DiGraphNode<N,E>>#getDirectedPredNodes#?,DiGraphNode<N,E>#233	1.6218230206254158	0.0	0.8109115103127079		_
com.google.javascript.jscomp.graph.LinkedDirectedGraph#List<DiGraphNode<N,E>>#getDirectedPredNodes#?,DiGraphNode<N,E>#234	1.6218230206254158	0.0	0.8109115103127079		_
com.google.javascript.jscomp.CompilerInput#boolean#isExtern#?#340	1.6218230206254158	0.0	0.8109115103127079		_
com.google.javascript.jscomp.DataFlowAnalysis#void#analyze#?#180	1.6216899534264804	0.0	0.8108449767132402		_
com.google.javascript.jscomp.DataFlowAnalysis#ControlFlowGraph<N>#getCfg#?#139	1.6216899534264804	0.0	0.8108449767132402		_
com.google.javascript.jscomp.DataFlowAnalysis#void#analyze#?,int#210	1.621556886227545	0.0	0.8107784431137725		_
com.google.javascript.jscomp.DataFlowAnalysis#void#analyze#?,int#211	1.621556886227545	0.0	0.8107784431137725		_
com.google.javascript.jscomp.DataFlowAnalysis#void#analyze#?,int#224	1.621556886227545	0.0	0.8107784431137725		_
com.google.javascript.jscomp.DataFlowAnalysis#void#analyze#?,int#209	1.621556886227545	0.0	0.8107784431137725		_
com.google.javascript.jscomp.DataFlowAnalysis#void#analyze#?,int#202	1.621556886227545	0.0	0.8107784431137725		_
com.google.javascript.jscomp.DataFlowAnalysis#void#analyze#?,int#203	1.621556886227545	0.0	0.8107784431137725		_
com.google.javascript.jscomp.ControlFlowAnalysis$AstControlFlowGraph#int#getPosition#?,DiGraphNode<Node,Branch>#1054	1.621556886227545	0.0	0.8107784431137725		_
com.google.javascript.jscomp.ControlFlowAnalysis$AstControlFlowGraph#int#getPosition#?,DiGraphNode<Node,Branch>#1053	1.621556886227545	0.0	0.8107784431137725		_
com.google.javascript.jscomp.ControlFlowAnalysis$AstControlFlowGraph#int#getPosition#?,DiGraphNode<Node,Branch>#1055	1.621556886227545	0.0	0.8107784431137725		_
com.google.javascript.jscomp.DataFlowAnalysis#?#DataFlowAnalysis#?,ControlFlowGraph<N>,JoinOp<L>#122	1.621556886227545	0.0	0.8107784431137725		_
com.google.javascript.jscomp.DataFlowAnalysis#?#DataFlowAnalysis#?,ControlFlowGraph<N>,JoinOp<L>#121	1.621556886227545	0.0	0.8107784431137725		_
com.google.javascript.jscomp.DataFlowAnalysis#?#DataFlowAnalysis#?,ControlFlowGraph<N>,JoinOp<L>#123	1.621556886227545	0.0	0.8107784431137725		_
com.google.javascript.jscomp.parsing.JsDocTokenStream#boolean#isJSDocString#?,int#298	1.6214238190286094	0.0	0.8107119095143047		_
com.google.javascript.jscomp.ControlFlowAnalysis#Node#computeFollowNode#?,Node,Node,ControlFlowAnalysis#784	1.620758483033932	0.0	0.810379241516966		_
com.google.javascript.rhino.JSDocInfo#boolean#hasBaseType#?#1221	1.6204923486360612	0.0	0.8102461743180306		_
com.google.javascript.rhino.JSDocInfo#boolean#hasReturnType#?#1066	1.619028609447771	0.0	0.8095143047238855		_
com.google.javascript.rhino.JSDocInfo#JSTypeExpression#getBaseType#?#1140	1.6188955422488356	0.0	0.8094477711244178		_
com.google.javascript.jscomp.ControlFlowGraph#boolean#isEnteringNewCfgNode#?,Node#152	1.6179640718562873	0.0	0.8089820359281437		_
com.google.javascript.jscomp.ControlFlowGraph#boolean#isEnteringNewCfgNode#?,Node#153	1.6179640718562873	0.0	0.8089820359281437		_
com.google.javascript.jscomp.ControlFlowGraph#boolean#isEnteringNewCfgNode#?,Node#195	1.6179640718562873	0.0	0.8089820359281437		_
com.google.javascript.jscomp.SourceFile#boolean#isExtern#?#181	1.6174318030605455	0.0	0.8087159015302727		_
com.google.javascript.rhino.JSDocInfo#boolean#hasThisType#?#1128	1.6174318030605455	0.0	0.8087159015302727		_
com.google.javascript.jscomp.graph.LinkedDirectedGraph$LinkedDirectedGraphEdge#DiGraphNode<N,E>#getSource#?#480	1.6172987358616102	0.0	0.8086493679308051		_
com.google.javascript.jscomp.parsing.JsDocTokenStream#JsDocToken#getJsDocToken#?#189	1.6168995342648036	0.0	0.8084497671324018		_
com.google.javascript.jscomp.parsing.JsDocTokenStream#JsDocToken#getJsDocToken#?#180	1.6168995342648036	0.0	0.8084497671324018		_
com.google.javascript.rhino.Node#?#Node#?,int,int,int#447	1.6167664670658684	0.0	0.8083832335329342		_
com.google.javascript.jscomp.parsing.JsDocTokenStream#JsDocToken#getJsDocToken#?#182	1.6165003326679974	0.0	0.8082501663339987		_
com.google.javascript.jscomp.parsing.JsDocTokenStream#JsDocToken#getJsDocToken#?#184	1.6165003326679974	0.0	0.8082501663339987		_
com.google.javascript.jscomp.parsing.JsDocTokenStream#JsDocToken#getJsDocToken#?#183	1.6165003326679974	0.0	0.8082501663339987		_
com.google.javascript.jscomp.parsing.JsDocTokenStream#JsDocToken#getJsDocToken#?#186	1.6165003326679974	0.0	0.8082501663339987		_
com.google.javascript.jscomp.parsing.JsDocTokenStream#JsDocToken#getJsDocToken#?#185	1.6165003326679974	0.0	0.8082501663339987		_
com.google.javascript.jscomp.parsing.JsDocTokenStream#JsDocToken#getJsDocToken#?#171	1.616367265469062	0.0	0.808183632734531		_
com.google.javascript.jscomp.parsing.JsDocTokenStream#JsDocToken#getJsDocToken#?#170	1.616367265469062	0.0	0.808183632734531		_
com.google.javascript.jscomp.ControlFlowAnalysis#boolean#shouldTraverse#?,NodeTraversal,Node,Node#277	1.6151696606786428	0.0	0.8075848303393214		_
com.google.javascript.jscomp.parsing.JsDocInfoParser#String#getSourceName#?#149	1.61437125748503	0.0	0.807185628742515		_
com.google.javascript.jscomp.parsing.JsDocTokenStream#boolean#isJSDocString#?,int#301	1.6142381902860945	0.0	0.8071190951430472		_
com.google.javascript.jscomp.DiagnosticGroupWarningsGuard#boolean#enables#?,DiagnosticGroup#58	1.614105123087159	0.0	0.8070525615435795		_
com.google.javascript.jscomp.DiagnosticGroupWarningsGuard#boolean#disables#?,DiagnosticGroup#45	1.614105123087159	0.0	0.8070525615435795		_
com.google.javascript.jscomp.graph.LinkedDirectedGraph$AnnotatedLinkedDirectedGraphNode#void#setAnnotation#?,Annotation#449	1.6133067198935462	0.0	0.8066533599467731		_
com.google.javascript.jscomp.graph.LinkedDirectedGraph$AnnotatedLinkedDirectedGraphNode#A#getAnnotation#?#444	1.6133067198935462	0.0	0.8066533599467731		_
com.google.javascript.jscomp.ControlFlowAnalysis#boolean#mayThrowException#?,Node#911	1.6111776447105788	0.0	0.8055888223552894		_
com.google.javascript.jscomp.parsing.JsDocTokenStream#boolean#isJSDocString#?,int#280	1.6110445775116433	0.0	0.8055222887558217		_
com.google.javascript.jscomp.parsing.JsDocTokenStream#JsDocToken#getJsDocToken#?#162	1.6110445775116433	0.0	0.8055222887558217		_
com.google.javascript.jscomp.parsing.JsDocTokenStream#JsDocToken#getJsDocToken#?#161	1.6110445775116433	0.0	0.8055222887558217		_
com.google.javascript.jscomp.parsing.JsDocTokenStream#JsDocToken#getJsDocToken#?#160	1.6110445775116433	0.0	0.8055222887558217		_
com.google.javascript.jscomp.ControlFlowAnalysis#void#handleStmtList#?,Node#520	1.6093147039254823	0.0	0.8046573519627411		_
com.google.javascript.jscomp.ControlFlowAnalysis#Node#computeFollowNode#?,Node,ControlFlowAnalysis#675	1.609181636726547	0.0	0.8045908183632735		_
com.google.javascript.jscomp.ControlFlowAnalysis#void#handleStmtList#?,Node#511	1.6086493679308052	0.0	0.8043246839654026		_
com.google.javascript.jscomp.ControlFlowAnalysis#Node#computeFollowNode#?,Node,Node,ControlFlowAnalysis#787	1.6086493679308052	0.0	0.8043246839654026		_
com.google.javascript.jscomp.ControlFlowAnalysis#Node#computeFollowNode#?,Node,Node,ControlFlowAnalysis#715	1.6085163007318695	0.0	0.8042581503659347		_
com.google.javascript.jscomp.ControlFlowAnalysis#void#handleStmtList#?,Node#504	1.6083832335329342	0.0	0.8041916167664671		_
com.google.javascript.jscomp.ControlFlowAnalysis#boolean#shouldTraverse#?,NodeTraversal,Node,Node#291	1.6083832335329342	0.0	0.8041916167664671		_
com.google.javascript.jscomp.ControlFlowAnalysis#ControlFlowGraph<Node>#getCfg#?#145	1.6082501663339985	0.0	0.8041250831669993		_
com.google.javascript.jscomp.ControlFlowAnalysis$AstControlFlowGraph#?#AstControlFlowGraph#?,Node,Map<DiGraphNode<Node,Branch>,Integer>,boolean#1016	1.6082501663339985	0.0	0.8041250831669993		_
com.google.javascript.jscomp.ControlFlowAnalysis$AstControlFlowGraph#?#AstControlFlowGraph#?,Node,Map<DiGraphNode<Node,Branch>,Integer>,boolean#1018	1.6082501663339985	0.0	0.8041250831669993		_
com.google.javascript.jscomp.ControlFlowAnalysis#void#handleStmtList#?,Node#485	1.6082501663339985	0.0	0.8041250831669993		_
com.google.javascript.jscomp.ControlFlowAnalysis#void#handleStmtList#?,Node#495	1.6082501663339985	0.0	0.8041250831669993		_
com.google.javascript.jscomp.ControlFlowAnalysis#void#prioritizeFromEntryNode#?,DiGraphNode<Node,Branch>#209	1.6082501663339985	0.0	0.8041250831669993		_
com.google.javascript.jscomp.ControlFlowAnalysis#void#prioritizeFromEntryNode#?,DiGraphNode<Node,Branch>#211	1.6082501663339985	0.0	0.8041250831669993		_
com.google.javascript.jscomp.ControlFlowAnalysis#void#prioritizeFromEntryNode#?,DiGraphNode<Node,Branch>#212	1.6082501663339985	0.0	0.8041250831669993		_
com.google.javascript.jscomp.ControlFlowAnalysis#void#prioritizeFromEntryNode#?,DiGraphNode<Node,Branch>#202	1.6082501663339985	0.0	0.8041250831669993		_
com.google.javascript.jscomp.ControlFlowAnalysis#void#prioritizeFromEntryNode#?,DiGraphNode<Node,Branch>#207	1.6082501663339985	0.0	0.8041250831669993		_
com.google.javascript.jscomp.ControlFlowAnalysis#void#prioritizeFromEntryNode#?,DiGraphNode<Node,Branch>#197	1.6082501663339985	0.0	0.8041250831669993		_
com.google.javascript.jscomp.ControlFlowAnalysis#void#prioritizeFromEntryNode#?,DiGraphNode<Node,Branch>#199	1.6082501663339985	0.0	0.8041250831669993		_
com.google.javascript.jscomp.ControlFlowAnalysis#void#createEdge#?,Node,ControlFlowGraph.Branch,Node#820	1.6082501663339985	0.0	0.8041250831669993		_
com.google.javascript.jscomp.ControlFlowAnalysis#void#createEdge#?,Node,ControlFlowGraph.Branch,Node#822	1.6082501663339985	0.0	0.8041250831669993		_
com.google.javascript.jscomp.ControlFlowAnalysis#void#createEdge#?,Node,ControlFlowGraph.Branch,Node#821	1.6082501663339985	0.0	0.8041250831669993		_
com.google.javascript.jscomp.ControlFlowAnalysis#boolean#shouldTraverse#?,NodeTraversal,Node,Node#222	1.6082501663339985	0.0	0.8041250831669993		_
com.google.javascript.jscomp.ControlFlowAnalysis#boolean#shouldTraverse#?,NodeTraversal,Node,Node#220	1.6082501663339985	0.0	0.8041250831669993		_
com.google.javascript.jscomp.ControlFlowAnalysis#boolean#shouldTraverse#?,NodeTraversal,Node,Node#251	1.6082501663339985	0.0	0.8041250831669993		_
com.google.javascript.jscomp.ControlFlowAnalysis#void#visit#?,NodeTraversal,Node,Node#321	1.6082501663339985	0.0	0.8041250831669993		_
com.google.javascript.jscomp.ControlFlowAnalysis#void#visit#?,NodeTraversal,Node,Node#320	1.6082501663339985	0.0	0.8041250831669993		_
com.google.javascript.jscomp.ControlFlowAnalysis#void#process#?,Node,Node#156	1.6082501663339985	0.0	0.8041250831669993		_
com.google.javascript.jscomp.ControlFlowAnalysis#void#process#?,Node,Node#153	1.6082501663339985	0.0	0.8041250831669993		_
com.google.javascript.jscomp.ControlFlowAnalysis#void#process#?,Node,Node#154	1.6082501663339985	0.0	0.8041250831669993		_
com.google.javascript.jscomp.ControlFlowAnalysis#void#process#?,Node,Node#151	1.6082501663339985	0.0	0.8041250831669993		_
com.google.javascript.jscomp.ControlFlowAnalysis#void#process#?,Node,Node#152	1.6082501663339985	0.0	0.8041250831669993		_
com.google.javascript.jscomp.ControlFlowAnalysis#void#process#?,Node,Node#150	1.6082501663339985	0.0	0.8041250831669993		_
com.google.javascript.jscomp.ControlFlowAnalysis#void#process#?,Node,Node#157	1.6082501663339985	0.0	0.8041250831669993		_
com.google.javascript.jscomp.ControlFlowAnalysis#void#process#?,Node,Node#161	1.6082501663339985	0.0	0.8041250831669993		_
com.google.javascript.jscomp.ControlFlowAnalysis#void#process#?,Node,Node#162	1.6082501663339985	0.0	0.8041250831669993		_
com.google.javascript.jscomp.ControlFlowAnalysis#void#process#?,Node,Node#163	1.6082501663339985	0.0	0.8041250831669993		_
com.google.javascript.jscomp.ControlFlowAnalysis#void#visit#?,NodeTraversal,Node,Node#296	1.6082501663339985	0.0	0.8041250831669993		_
com.google.javascript.jscomp.ControlFlowAnalysis#void#process#?,Node,Node#182	1.6082501663339985	0.0	0.8041250831669993		_
com.google.javascript.jscomp.ControlFlowAnalysis#void#process#?,Node,Node#189	1.6082501663339985	0.0	0.8041250831669993		_
com.google.javascript.jscomp.ControlFlowAnalysis#?#ControlFlowAnalysis#?,AbstractCompiler,boolean,boolean#139	1.6082501663339985	0.0	0.8041250831669993		_
com.google.javascript.jscomp.ControlFlowAnalysis#?#ControlFlowAnalysis#?,AbstractCompiler,boolean,boolean#140	1.6082501663339985	0.0	0.8041250831669993		_
com.google.javascript.jscomp.ControlFlowAnalysis#?#ControlFlowAnalysis#?,AbstractCompiler,boolean,boolean#141	1.6082501663339985	0.0	0.8041250831669993		_
com.google.javascript.jscomp.graph.Graph#void#connectIfNotFound#?,N,E,N#121	1.6081170991350633	0.0	0.8040585495675316		_
com.google.javascript.jscomp.graph.DiGraph#boolean#isConnected#?,N,E,N#99	1.6081170991350633	0.0	0.8040585495675316		_
com.google.javascript.jscomp.ControlFlowGraph#DiGraphNode<N,ControlFlowGraph.Branch>#getEntry#?#70	1.607717897538257	0.0	0.8038589487691284		_
com.google.javascript.jscomp.ControlFlowGraph#?#ControlFlowGraph#?,N,boolean,boolean#49	1.607717897538257	0.0	0.8038589487691284		_
com.google.javascript.jscomp.ControlFlowGraph#?#ControlFlowGraph#?,N,boolean,boolean#50	1.607717897538257	0.0	0.8038589487691284		_
com.google.javascript.jscomp.ControlFlowGraph#?#ControlFlowGraph#?,N,boolean,boolean#51	1.607717897538257	0.0	0.8038589487691284		_
com.google.javascript.jscomp.ControlFlowGraph#DiGraphNode<N,ControlFlowGraph.Branch>#getImplicitReturn#?#60	1.607717897538257	0.0	0.8038589487691284		_
com.google.javascript.jscomp.graph.LinkedDirectedGraph#List<DiGraphNode<N,E>>#getDirectedSuccNodes#?,DiGraphNode<N,E>#246	1.6075848303393214	0.0	0.8037924151696607		_
com.google.javascript.jscomp.graph.LinkedDirectedGraph#List<DiGraphNode<N,E>>#getDirectedSuccNodes#?,DiGraphNode<N,E>#248	1.6075848303393214	0.0	0.8037924151696607		_
com.google.javascript.jscomp.graph.LinkedDirectedGraph#List<DiGraphNode<N,E>>#getDirectedSuccNodes#?,DiGraphNode<N,E>#247	1.6075848303393214	0.0	0.8037924151696607		_
com.google.javascript.jscomp.graph.LinkedDirectedGraph#List<DiGraphNode<N,E>>#getDirectedSuccNodes#?,DiGraphNode<N,E>#250	1.6075848303393214	0.0	0.8037924151696607		_
com.google.javascript.jscomp.ControlFlowAnalysis#Node#computeFallThrough#?,Node#797	1.6062541583499668	0.0	0.8031270791749834		_
com.google.javascript.jscomp.ControlFlowAnalysis#Node#computeFallThrough#?,Node#808	1.6062541583499668	0.0	0.8031270791749834		_
com.google.javascript.jscomp.ControlFlowAnalysis#Node#computeFollowNode#?,Node,Node,ControlFlowAnalysis#776	1.6062541583499668	0.0	0.8031270791749834		_
com.google.javascript.jscomp.ControlFlowAnalysis#Node#computeFollowNode#?,Node,Node,ControlFlowAnalysis#719	1.6061210911510313	0.0	0.8030605455755156		_
com.google.javascript.jscomp.ControlFlowAnalysis#Node#computeFollowNode#?,Node,Node,ControlFlowAnalysis#712	1.605455755156354	0.0	0.802727877578177		_
com.google.javascript.jscomp.graph.LinkedDirectedGraph$AnnotatedLinkedDirectedGraphNode#?#AnnotatedLinkedDirectedGraphNode#?,N#438	1.6046573519627412	0.0	0.8023286759813706		_
com.google.javascript.rhino.Node#void#setLength#?,int#1137	1.6019960079840319	0.0	0.8009980039920159		_
com.google.javascript.jscomp.NodeUtil#JSDocInfo#getFunctionJSDocInfo#?,Node#2822	1.60146373918829	0.0	0.800731869594145		_
com.google.javascript.rhino.Node#boolean#isSyntheticBlock#?#1930	1.5929474384564206	0.0	0.7964737192282103		_
com.google.javascript.jscomp.graph.LinkedDirectedGraph#boolean#isConnectedInDirection#?,N,Predicate<E>,N#207	1.582435129740519	0.0	0.7912175648702595		_
com.google.javascript.rhino.JSDocInfo#boolean#isInterface#?#515	1.5805721889554225	0.0	0.7902860944777113		_
com.google.javascript.rhino.JSDocInfo#boolean#isConstructor#?#450	1.580172987358616	0.0	0.790086493679308		_
com.google.javascript.rhino.JSDocInfo#boolean#isDefine#?#459	1.5793745841650033	0.0	0.7896872920825017		_
com.google.javascript.jscomp.CodeConsumer#void#endFunction#?,boolean#169	0.7201596806387225	0.8582834331337326	0.7892215568862275	!(statementContext)	_
com.google.javascript.jscomp.Scope$Var#Node#getParentNode#?#183	1.5776447105788423	0.0	0.7888223552894211		_
com.google.javascript.jscomp.graph.LinkedDirectedGraph$LinkedDirectedGraphEdge#E#getValue#?#500	1.5745841650033268	0.0	0.7872920825016634		_
com.google.javascript.jscomp.graph.LinkedDirectedGraph#boolean#isConnectedInDirection#?,N,E,N#200	1.5721889554224884	0.0	0.7860944777112442		_
com.google.javascript.jscomp.graph.LinkedDirectedGraph#boolean#isConnectedInDirection#?,N,Predicate<E>,N#214	1.5711244178310046	0.0	0.7855622089155023		_
com.google.javascript.jscomp.graph.LinkedDirectedGraph#boolean#isConnectedInDirection#?,N,Predicate<E>,N#206	1.5711244178310046	0.0	0.7855622089155023		_
com.google.javascript.jscomp.graph.LinkedDirectedGraph#boolean#isConnectedInDirection#?,N,Predicate<E>,N#205	1.5711244178310046	0.0	0.7855622089155023		_
com.google.javascript.rhino.JSDocInfoBuilder#boolean#hasAnySingletonTypeTags#?#980	1.5705921490352628	0.0	0.7852960745176314		_
com.google.javascript.jscomp.parsing.IRFactory#Node#transform#?,AstNode#286	1.5663339986693279	0.0	0.7831669993346639		_
com.google.javascript.rhino.JSDocInfo#boolean#hasTypedefType#?#1058	1.5659347970725217	0.0	0.7829673985362609		_
com.google.javascript.rhino.JSDocInfo#boolean#hasEnumParameterType#?#1050	1.5659347970725217	0.0	0.7829673985362609		_
com.google.javascript.rhino.JSDocInfo#boolean#hasType#?#1042	1.564337990685296	0.0	0.782168995342648		_
com.google.javascript.jscomp.parsing.IRFactory#JSDocInfo#handleJsDoc#?,AstNode,Node#276	1.5632734530938124	0.0	0.7816367265469062		_
com.google.javascript.jscomp.parsing.IRFactory#boolean#handlePossibleFileOverviewJsDoc#?,JsDocInfoParser#261	1.5632734530938124	0.0	0.7816367265469062		_
com.google.javascript.jscomp.parsing.IRFactory#JSDocInfo#handleJsDoc#?,AstNode,Node#274	1.5630073186959414	0.0	0.7815036593479707		_
com.google.javascript.jscomp.parsing.IRFactory#JSDocInfo#handleJsDoc#?,AstNode,Node#273	1.5630073186959414	0.0	0.7815036593479707		_
com.google.javascript.jscomp.parsing.IRFactory#JsDocInfoParser#createJsDocInfoParser#?,Comment,Node#364	1.5630073186959414	0.0	0.7815036593479707		_
com.google.javascript.jscomp.parsing.IRFactory#JsDocInfoParser#createJsDocInfoParser#?,Comment,Node#365	1.5630073186959414	0.0	0.7815036593479707		_
com.google.javascript.jscomp.parsing.IRFactory#JsDocInfoParser#createJsDocInfoParser#?,Comment,Node#366	1.5630073186959414	0.0	0.7815036593479707		_
com.google.javascript.jscomp.parsing.IRFactory#JsDocInfoParser#createJsDocInfoParser#?,Comment,Node#363	1.5630073186959414	0.0	0.7815036593479707		_
com.google.javascript.jscomp.parsing.IRFactory#JsDocInfoParser#createJsDocInfoParser#?,Comment,Node#353	1.5630073186959414	0.0	0.7815036593479707		_
com.google.javascript.jscomp.parsing.IRFactory#JsDocInfoParser#createJsDocInfoParser#?,Comment,Node#354	1.5630073186959414	0.0	0.7815036593479707		_
com.google.javascript.jscomp.parsing.IRFactory#JsDocInfoParser#createJsDocInfoParser#?,Comment,Node#350	1.5630073186959414	0.0	0.7815036593479707		_
com.google.javascript.jscomp.parsing.IRFactory#JsDocInfoParser#createJsDocInfoParser#?,Comment,Node#348	1.5630073186959414	0.0	0.7815036593479707		_
com.google.javascript.jscomp.parsing.IRFactory#JsDocInfoParser#createJsDocInfoParser#?,Comment,Node#349	1.5630073186959414	0.0	0.7815036593479707		_
com.google.javascript.rhino.JSDocInfo#boolean#hasType#?,int#1070	1.5630073186959414	0.0	0.7815036593479707		_
com.google.javascript.jscomp.parsing.JsDocInfoParser#void#setFileOverviewJSDocInfo#?,JSDocInfo#116	1.5630073186959414	0.0	0.7815036593479707		_
com.google.javascript.jscomp.parsing.JsDocInfoParser#void#setFileLevelJsDocBuilder#?,Node.FileLevelJsDocBuilder#108	1.5624750499001996	0.0	0.7812375249500998		_
com.google.javascript.jscomp.parsing.JsDocInfoParser#JSDocInfo#getFileOverviewJSDocInfo#?#2333	1.5619427811044577	0.0	0.7809713905522289		_
com.google.javascript.jscomp.parsing.IRFactory#Node#transformTree#?,AstRoot,StaticSourceFile,String,Config,ErrorReporter#186	1.5618097139055223	0.0	0.7809048569527611		_
com.google.javascript.jscomp.graph.LinkedDirectedGraph$LinkedDirectedGraphEdge#?#LinkedDirectedGraphEdge#?,DiGraphNode<N,E>,E,DiGraphNode<N,E>#475	1.5590153027278775	0.0	0.7795076513639387		_
com.google.javascript.jscomp.graph.LinkedDirectedGraph$LinkedDirectedGraphEdge#?#LinkedDirectedGraphEdge#?,DiGraphNode<N,E>,E,DiGraphNode<N,E>#473	1.5590153027278775	0.0	0.7795076513639387		_
com.google.javascript.jscomp.graph.LinkedDirectedGraph$LinkedDirectedGraphEdge#?#LinkedDirectedGraphEdge#?,DiGraphNode<N,E>,E,DiGraphNode<N,E>#474	1.5590153027278775	0.0	0.7795076513639387		_
com.google.javascript.jscomp.graph.LinkedDirectedGraph$LinkedDirectedGraphNode#List<DiGraphEdge<N,E>>#getInEdges#?#389	1.5590153027278775	0.0	0.7795076513639387		_
com.google.javascript.jscomp.graph.LinkedDirectedGraph#void#connect#?,N,E,N#86	1.5590153027278775	0.0	0.7795076513639387		_
com.google.javascript.jscomp.graph.LinkedDirectedGraph#void#connect#?,N,E,N#80	1.5590153027278775	0.0	0.7795076513639387		_
com.google.javascript.jscomp.graph.LinkedDirectedGraph#void#connect#?,N,E,N#81	1.5590153027278775	0.0	0.7795076513639387		_
com.google.javascript.jscomp.graph.LinkedDirectedGraph#void#connect#?,N,E,N#85	1.5590153027278775	0.0	0.7795076513639387		_
com.google.javascript.jscomp.graph.LinkedDirectedGraph#void#connect#?,N,E,N#79	1.5590153027278775	0.0	0.7795076513639387		_
com.google.javascript.jscomp.graph.LinkedDirectedGraph#GraphNode<N,E>#getNode#?,N#118	1.5590153027278775	0.0	0.7795076513639387		_
com.google.javascript.rhino.Node#boolean#isTry#?#2373	1.5586161011310713	0.0	0.7793080505655356		_
com.google.javascript.jscomp.graph.LinkedDirectedGraph$LinkedDirectedGraphEdge#DiGraphNode<N,E>#getDestination#?#485	1.5580838323353294	0.0	0.7790419161676647		_
com.google.javascript.jscomp.graph.Graph#T#getNodeOrFail#?,N#224	1.5570192947438457	0.0	0.7785096473719229		_
com.google.javascript.jscomp.graph.Graph#T#getNodeOrFail#?,N#220	1.5570192947438457	0.0	0.7785096473719229		_
com.google.javascript.jscomp.graph.LinkedDirectedGraph#Iterable<DiGraphNode<N,E>>#getDirectedGraphNodes#?#107	1.5554224883566201	0.0	0.7777112441783101		_
com.google.javascript.rhino.Node#void#setJSDocInfo#?,JSDocInfo#1878	1.5543579507651364	0.0	0.7771789753825682		_
com.google.javascript.jscomp.Scope#Iterator<Var>#getVars#?#578	1.5520958083832335	0.0	0.7760479041916167		_
com.google.javascript.jscomp.Scope#Node#getRootNode#?#448	1.5514304723885561	0.0	0.7757152361942781		_
com.google.javascript.jscomp.graph.LinkedDirectedGraph#GraphNode<N,E>#createNode#?,N#177	1.5486360612109116	0.0	0.7743180306054558		_
com.google.javascript.jscomp.parsing.JsDocInfoParser#JsDocToken#eatTokensUntilEOL#?#2228	1.5483699268130406	0.0	0.7741849634065203		_
com.google.javascript.jscomp.graph.LinkedDirectedGraph$LinkedDirectedGraphNode#?#LinkedDirectedGraphNode#?,N#347	1.5471723220226214	0.0	0.7735861610113107		_
com.google.javascript.jscomp.graph.LinkedDirectedGraph#DiGraphNode<N,E>#createDirectedGraphNode#?,N#142	1.5471723220226214	0.0	0.7735861610113107		_
com.google.javascript.jscomp.graph.LinkedDirectedGraph#DiGraphNode<N,E>#createDirectedGraphNode#?,N#140	1.5471723220226214	0.0	0.7735861610113107		_
com.google.javascript.jscomp.graph.LinkedDirectedGraph#DiGraphNode<N,E>#createDirectedGraphNode#?,N#137	1.5471723220226214	0.0	0.7735861610113107		_
com.google.javascript.jscomp.graph.LinkedDirectedGraph#DiGraphNode<N,E>#createDirectedGraphNode#?,N#135	1.5471723220226214	0.0	0.7735861610113107		_
com.google.javascript.jscomp.graph.LinkedDirectedGraph$LinkedDirectedGraphNode#N#getValue#?#352	1.546773120425815	0.0	0.7733865602129075		_
com.google.javascript.jscomp.graph.LinkedDirectedGraph$LinkedDirectedGraphNode#List<DiGraphEdge<N,E>>#getOutEdges#?#394	1.5461077844311377	0.0	0.7730538922155689		_
com.google.javascript.jscomp.graph.LinkedDirectedGraph#DiGraphNode<N,E>#getDirectedGraphNode#?,N#113	1.5461077844311377	0.0	0.7730538922155689		_
com.google.javascript.jscomp.graph.LinkedDirectedGraph#?#LinkedDirectedGraph#?,boolean,boolean#73	1.5441117764471057	0.0	0.7720558882235529		_
com.google.javascript.jscomp.graph.LinkedDirectedGraph#?#LinkedDirectedGraph#?,boolean,boolean#74	1.5441117764471057	0.0	0.7720558882235529		_
com.google.javascript.rhino.JSDocInfo#Marker#addMarker#?#649	1.5362608117099135	0.0	0.7681304058549567		_
com.google.javascript.rhino.JSDocInfo#boolean#lazyInitDocumentation#?#633	1.535861610113107	0.0	0.7679308050565535		_
com.google.javascript.jscomp.PrepareAst$PrepareAnnotations#void#annotateFunctions#?,Node,Node#232	1.533200266134398	0.0	0.766600133067199		_
com.google.javascript.jscomp.PrepareAst$PrepareAnnotations#void#annotateFunctions#?,Node,Node#233	1.533200266134398	0.0	0.766600133067199		_
com.google.javascript.jscomp.parsing.JsDocInfoParser#JsDocToken#eatTokensUntilEOL#?,JsDocToken#2239	1.531204258150366	0.0	0.765602129075183		_
com.google.javascript.jscomp.parsing.JsDocInfoParser#JsDocToken#eatTokensUntilEOL#?,JsDocToken#2240	1.531204258150366	0.0	0.765602129075183		_
com.google.javascript.jscomp.parsing.IRFactory$TransformDispatcher#Node#processFunctionNode#?,FunctionNode#684	1.5306719893546241	0.0	0.7653359946773121		_
com.google.javascript.jscomp.parsing.IRFactory$TransformDispatcher#Node#processFunctionNode#?,FunctionNode#678	1.5305389221556887	0.0	0.7652694610778443		_
com.google.javascript.jscomp.parsing.IRFactory$TransformDispatcher#Node#processFunctionNode#?,FunctionNode#679	1.5305389221556887	0.0	0.7652694610778443		_
com.google.javascript.rhino.Node$StringNode#boolean#isEquivalentTo#?,Node,boolean,boolean#235	1.5305389221556887	0.0	0.7652694610778443		_
com.google.javascript.rhino.JSDocInfo#boolean#isNoCompile#?#587	1.5212242182302063	0.0	0.7606121091151031		_
com.google.javascript.rhino.JSDocInfo#boolean#isExterns#?#571	1.5208250166333999	0.0	0.7604125083166999		_
com.google.javascript.rhino.JSDocInfo#boolean#hasFileOverview#?#1390	1.5201596806387225	0.0	0.7600798403193613		_
com.google.javascript.jscomp.parsing.JsDocTokenStream#int#getCharIgnoreLineEnd#?#412	1.5190951430472388	0.0	0.7595475715236194		_
com.google.javascript.jscomp.parsing.JsDocTokenStream#int#getCharIgnoreLineEnd#?#411	1.5190951430472388	0.0	0.7595475715236194		_
com.google.javascript.jscomp.parsing.JsDocTokenStream#int#getCharIgnoreLineEnd#?#403	1.5190951430472388	0.0	0.7595475715236194		_
com.google.javascript.jscomp.parsing.JsDocTokenStream#int#getCharIgnoreLineEnd#?#402	1.5190951430472388	0.0	0.7595475715236194		_
com.google.javascript.rhino.JSDocInfoBuilder#void#markAnnotation#?,String,int,int#149	1.5143047238855623	0.0	0.7571523619427811		_
com.google.javascript.rhino.JSDocInfoBuilder#void#markAnnotation#?,String,int,int#161	1.5143047238855623	0.0	0.7571523619427811		_
com.google.javascript.rhino.JSDocInfoBuilder#void#populateDefaults#?,JSDocInfo#140	1.5141716566866268	0.0	0.7570858283433134		_
com.google.javascript.rhino.JSDocInfoBuilder#boolean#isPopulated#?#93	1.5127079174983367	0.0	0.7563539587491683		_
com.google.javascript.rhino.JSDocInfoBuilder#boolean#isPopulatedWithFileOverview#?#102	1.5127079174983367	0.0	0.7563539587491683		_
com.google.javascript.jscomp.parsing.JsDocInfoParser#boolean#hasParsedFileOverviewDocInfo#?#2318	1.5127079174983367	0.0	0.7563539587491683		_
com.google.javascript.jscomp.parsing.JsDocInfoParser#JSDocInfo#retrieveAndResetParsedJSDocInfo#?#2326	1.5127079174983367	0.0	0.7563539587491683		_
com.google.javascript.rhino.JSDocInfoBuilder#boolean#shouldParseDocumentation#?#85	1.5125748502994012	0.0	0.7562874251497006		_
com.google.javascript.jscomp.parsing.JsDocInfoParser#boolean#parse#?#188	1.5125748502994012	0.0	0.7562874251497006		_
com.google.javascript.jscomp.parsing.JsDocInfoParser#boolean#parse#?#189	1.5125748502994012	0.0	0.7562874251497006		_
com.google.javascript.jscomp.parsing.JsDocInfoParser#boolean#parse#?#182	1.5125748502994012	0.0	0.7562874251497006		_
com.google.javascript.jscomp.parsing.JsDocInfoParser#boolean#parse#?#183	1.5125748502994012	0.0	0.7562874251497006		_
com.google.javascript.jscomp.parsing.JsDocInfoParser#boolean#parse#?#186	1.5125748502994012	0.0	0.7562874251497006		_
com.google.javascript.jscomp.parsing.JsDocInfoParser#boolean#parse#?#193	1.5125748502994012	0.0	0.7562874251497006		_
com.google.javascript.jscomp.parsing.JsDocInfoParser#boolean#parse#?#191	1.5125748502994012	0.0	0.7562874251497006		_
com.google.javascript.jscomp.parsing.JsDocTokenStream#JsDocToken#getJsDocToken#?#82	1.5125748502994012	0.0	0.7562874251497006		_
com.google.javascript.jscomp.parsing.JsDocTokenStream#JsDocToken#getJsDocToken#?#89	1.5125748502994012	0.0	0.7562874251497006		_
com.google.javascript.jscomp.parsing.JsDocInfoParser#?#JsDocInfoParser#?,JsDocTokenStream,Comment,Node,Config,ErrorReporter#139	1.5125748502994012	0.0	0.7562874251497006		_
com.google.javascript.jscomp.parsing.JsDocTokenStream#boolean#isAlpha#?,int#273	1.5125748502994012	0.0	0.7562874251497006		_
com.google.javascript.jscomp.parsing.JsDocTokenStream#boolean#isAlpha#?,int#275	1.5125748502994012	0.0	0.7562874251497006		_
com.google.javascript.jscomp.parsing.JsDocTokenStream#JsDocToken#getJsDocToken#?#86	1.5124417831004657	0.0	0.7562208915502329		_
com.google.javascript.jscomp.parsing.JsDocTokenStream#JsDocToken#getJsDocToken#?#87	1.5124417831004657	0.0	0.7562208915502329		_
com.google.javascript.jscomp.parsing.JsDocTokenStream#JsDocToken#getJsDocToken#?#84	1.5124417831004657	0.0	0.7562208915502329		_
com.google.javascript.jscomp.parsing.JsDocTokenStream#JsDocToken#getJsDocToken#?#85	1.5124417831004657	0.0	0.7562208915502329		_
com.google.javascript.jscomp.parsing.JsDocTokenStream#JsDocToken#getJsDocToken#?#80	1.5124417831004657	0.0	0.7562208915502329		_
com.google.javascript.rhino.JSDocInfoBuilder#JSDocInfo#build#?,Node#126	1.5123087159015303	0.0	0.7561543579507651		_
com.google.javascript.rhino.JSDocInfoBuilder#JSDocInfo#build#?,Node#127	1.5123087159015303	0.0	0.7561543579507651		_
com.google.javascript.rhino.JSDocInfoBuilder#JSDocInfo#build#?,Node#128	1.5123087159015303	0.0	0.7561543579507651		_
com.google.javascript.rhino.JSDocInfoBuilder#JSDocInfo#build#?,Node#129	1.5123087159015303	0.0	0.7561543579507651		_
com.google.javascript.rhino.JSDocInfoBuilder#JSDocInfo#build#?,Node#131	1.5123087159015303	0.0	0.7561543579507651		_
com.google.javascript.rhino.JSDocInfoBuilder#JSDocInfo#build#?,Node#130	1.5123087159015303	0.0	0.7561543579507651		_
com.google.javascript.rhino.JSDocInfo#void#setAssociatedNode#?,Node#1412	1.5123087159015303	0.0	0.7561543579507651		_
com.google.javascript.rhino.JSDocInfo#void#setVisibility#?,Visibility#618	1.5120425815036593	0.0	0.7560212907518297		_
com.google.javascript.jscomp.parsing.JsDocInfoParser#boolean#match#?,JsDocToken#2266	1.5119095143047239	0.0	0.7559547571523619		_
com.google.javascript.jscomp.parsing.JsDocInfoParser#boolean#match#?,JsDocToken#2267	1.5119095143047239	0.0	0.7559547571523619		_
com.google.javascript.jscomp.parsing.JsDocInfoParser#JsDocToken#current#?#2297	1.5119095143047239	0.0	0.7559547571523619		_
com.google.javascript.jscomp.parsing.JsDocInfoParser#JsDocToken#current#?#2296	1.5119095143047239	0.0	0.7559547571523619		_
com.google.javascript.jscomp.parsing.JsDocInfoParser#JsDocToken#current#?#2295	1.5119095143047239	0.0	0.7559547571523619		_
com.google.javascript.jscomp.parsing.JsDocInfoParser#JsDocToken#next#?#2287	1.5119095143047239	0.0	0.7559547571523619		_
com.google.javascript.jscomp.parsing.JsDocInfoParser#?#JsDocInfoParser#?,JsDocTokenStream,Comment,Node,Config,ErrorReporter#137	1.5117764471057884	0.0	0.7558882235528942		_
com.google.javascript.jscomp.parsing.JsDocInfoParser#?#JsDocInfoParser#?,JsDocTokenStream,Comment,Node,Config,ErrorReporter#134	1.5117764471057884	0.0	0.7558882235528942		_
com.google.javascript.jscomp.parsing.JsDocInfoParser#?#JsDocInfoParser#?,JsDocTokenStream,Comment,Node,Config,ErrorReporter#130	1.5117764471057884	0.0	0.7558882235528942		_
com.google.javascript.jscomp.parsing.JsDocInfoParser#?#JsDocInfoParser#?,JsDocTokenStream,Comment,Node,Config,ErrorReporter#131	1.5117764471057884	0.0	0.7558882235528942		_
com.google.javascript.jscomp.parsing.JsDocInfoParser#?#JsDocInfoParser#?,JsDocTokenStream,Comment,Node,Config,ErrorReporter#142	1.5117764471057884	0.0	0.7558882235528942		_
com.google.javascript.jscomp.parsing.JsDocInfoParser#?#JsDocInfoParser#?,JsDocTokenStream,Comment,Node,Config,ErrorReporter#141	1.5117764471057884	0.0	0.7558882235528942		_
com.google.javascript.jscomp.parsing.JsDocInfoParser#?#JsDocInfoParser#?,JsDocTokenStream,Comment,Node,Config,ErrorReporter#145	1.5117764471057884	0.0	0.7558882235528942		_
com.google.javascript.jscomp.parsing.JsDocInfoParser#?#JsDocInfoParser#?,JsDocTokenStream,Comment,Node,Config,ErrorReporter#144	1.5117764471057884	0.0	0.7558882235528942		_
com.google.javascript.jscomp.parsing.JsDocInfoParser#Node#createTemplateNode#?#2206	1.5117764471057884	0.0	0.7558882235528942		_
com.google.javascript.jscomp.parsing.JsDocInfoParser#Node#createTemplateNode#?#2207	1.5117764471057884	0.0	0.7558882235528942		_
com.google.javascript.jscomp.parsing.JsDocInfoParser#Node#createTemplateNode#?#2211	1.5117764471057884	0.0	0.7558882235528942		_
com.google.javascript.jscomp.parsing.JsDocInfoParser#JsDocToken#next#?#2285	1.5117764471057884	0.0	0.7558882235528942		_
com.google.javascript.rhino.JSDocInfo#Visibility#getVisibility#?#941	1.511377245508982	0.0	0.755688622754491		_
com.google.javascript.jscomp.parsing.JsDocTokenStream#JsDocToken#getJsDocToken#?#93	1.5104457751164337	0.0	0.7552228875582169		_
com.google.javascript.jscomp.parsing.JsDocTokenStream#boolean#matchChar#?,int#263	1.5103127079174983	0.0	0.7551563539587491		_
com.google.javascript.jscomp.parsing.JsDocTokenStream#String#getString#?#232	1.5099135063206919	0.0	0.7549567531603459		_
com.google.javascript.jscomp.parsing.JsDocTokenStream#boolean#matchChar#?,int#260	1.5099135063206919	0.0	0.7549567531603459		_
com.google.javascript.jscomp.parsing.JsDocTokenStream#String#getStringFromBuffer#?#237	1.509647371922821	0.0	0.7548236859614105		_
com.google.javascript.jscomp.parsing.JsDocTokenStream#String#getStringFromBuffer#?#238	1.509647371922821	0.0	0.7548236859614105		_
com.google.javascript.jscomp.parsing.JsDocTokenStream#void#addToString#?,int#242	1.509647371922821	0.0	0.7548236859614105		_
com.google.javascript.jscomp.parsing.JsDocTokenStream#void#addToString#?,int#248	1.509647371922821	0.0	0.7548236859614105		_
com.google.javascript.jscomp.parsing.JsDocTokenStream#void#ungetChar#?,int#256	1.509647371922821	0.0	0.7548236859614105		_
com.google.javascript.jscomp.parsing.JsDocTokenStream#void#ungetChar#?,int#254	1.509647371922821	0.0	0.7548236859614105		_
com.google.javascript.jscomp.parsing.JsDocTokenStream#int#getChar#?#341	1.5095143047238855	0.0	0.7547571523619427		_
com.google.javascript.jscomp.parsing.JsDocTokenStream#int#getChar#?#338	1.5095143047238855	0.0	0.7547571523619427		_
com.google.javascript.jscomp.parsing.JsDocTokenStream#int#getChar#?#339	1.5095143047238855	0.0	0.7547571523619427		_
com.google.javascript.rhino.JSDocInfo#boolean#getFlag#?,int#613	1.5095143047238855	0.0	0.7547571523619427		_
com.google.javascript.jscomp.parsing.JsDocTokenStream#JsDocToken#getJsDocToken#?#76	1.5091151031270793	0.0	0.7545575515635397		_
com.google.javascript.jscomp.parsing.JsDocTokenStream#JsDocToken#getJsDocToken#?#72	1.5091151031270793	0.0	0.7545575515635397		_
com.google.javascript.jscomp.parsing.JsDocTokenStream#int#getChar#?#356	1.5091151031270793	0.0	0.7545575515635397		_
com.google.javascript.jscomp.parsing.JsDocTokenStream#int#getChar#?#355	1.5091151031270793	0.0	0.7545575515635397		_
com.google.javascript.jscomp.parsing.JsDocTokenStream#boolean#isJSSpace#?,int#311	1.5091151031270793	0.0	0.7545575515635397		_
com.google.javascript.jscomp.parsing.JsDocTokenStream#JsDocToken#getJsDocToken#?#66	1.5089820359281436	0.0	0.7544910179640718		_
com.google.javascript.jscomp.parsing.JsDocTokenStream#JsDocToken#getJsDocToken#?#62	1.5089820359281436	0.0	0.7544910179640718		_
com.google.javascript.jscomp.parsing.JsDocTokenStream#JsDocToken#getJsDocToken#?#65	1.5089820359281436	0.0	0.7544910179640718		_
com.google.javascript.jscomp.parsing.JsDocTokenStream#JsDocToken#getJsDocToken#?#64	1.5089820359281436	0.0	0.7544910179640718		_
com.google.javascript.jscomp.parsing.JsDocTokenStream#JsDocToken#getJsDocToken#?#61	1.5089820359281436	0.0	0.7544910179640718		_
com.google.javascript.jscomp.parsing.JsDocTokenStream#JsDocToken#getJsDocToken#?#60	1.5089820359281436	0.0	0.7544910179640718		_
com.google.javascript.jscomp.parsing.JsDocTokenStream#int#getChar#?#347	1.5089820359281436	0.0	0.7544910179640718		_
com.google.javascript.jscomp.parsing.JsDocTokenStream#int#getChar#?#346	1.5089820359281436	0.0	0.7544910179640718		_
com.google.javascript.jscomp.parsing.JsDocTokenStream#?#JsDocTokenStream#?,String,int,int#48	1.5089820359281436	0.0	0.7544910179640718		_
com.google.javascript.jscomp.parsing.JsDocTokenStream#?#JsDocTokenStream#?,String,int,int#46	1.5089820359281436	0.0	0.7544910179640718		_
com.google.javascript.rhino.JSDocInfoBuilder#?#JSDocInfoBuilder#?,boolean#71	1.5052561543579508	0.0	0.7526280771789754		_
com.google.javascript.rhino.JSDocInfoBuilder#?#JSDocInfoBuilder#?,boolean#70	1.5052561543579508	0.0	0.7526280771789754		_
com.google.javascript.jscomp.NodeUtil#boolean#isHoistedFunctionDeclaration#?,Node#1877	1.5040585495675316	0.0	0.7520292747837658		_
com.google.javascript.rhino.JSDocInfo#?#JSDocInfo#?,boolean#334	1.5032601463739188	0.0	0.7516300731869594		_
com.google.javascript.rhino.IR#Node#script#?,Node#122	1.500998003992016	0.0	0.750499001996008		_
com.google.javascript.rhino.IR#Node#script#?,Node#117	1.500998003992016	0.0	0.750499001996008		_
com.google.javascript.jscomp.NodeUtil#JSDocInfo#getBestJSDocInfo#?,Node#3020	1.4899534264803727	0.0	0.7449767132401863		_
com.google.javascript.jscomp.CodeGenerator#void#add#?,Node,Context#288	0.7201596806387225	0.7201596806387225	0.7201596806387225	!(n.getClass() != Node.class)	_
com.google.javascript.jscomp.NodeTraversal#void#traverseRoots#?,AbstractCompiler,List<Node>,Callback#464	1.4395209580838322	0.0	0.7197604790419161		_
com.google.javascript.jscomp.NodeTraversal#void#traverseRoots#?,AbstractCompiler,List<Node>,Callback#463	1.4395209580838322	0.0	0.7197604790419161		_
com.google.javascript.jscomp.NodeTraversal#Node#getScopeRoot#?#627	1.4324683965402527	0.0	0.7162341982701264		_
com.google.javascript.jscomp.NodeTraversal#void#traverseRoots#?,List<Node>#307	1.4159680638722554	0.0	0.7079840319361277		_
com.google.javascript.jscomp.NodeTraversal#void#traverseRoots#?,List<Node>#302	1.4157019294743844	0.0	0.7078509647371922		_
com.google.javascript.jscomp.NodeTraversal#void#traverseRoots#?,List<Node>#303	1.4157019294743844	0.0	0.7078509647371922		_
com.google.javascript.jscomp.NodeTraversal#void#traverseRoots#?,List<Node>#304	1.4157019294743844	0.0	0.7078509647371922		_
com.google.javascript.jscomp.NodeTraversal#void#traverseRoots#?,List<Node>#300	1.4157019294743844	0.0	0.7078509647371922		_
com.google.javascript.jscomp.NodeTraversal#void#traverseRoots#?,List<Node>#295	1.4157019294743844	0.0	0.7078509647371922		_
com.google.javascript.jscomp.NodeTraversal#void#traverseRoots#?,List<Node>#294	1.4157019294743844	0.0	0.7078509647371922		_
com.google.javascript.jscomp.NodeTraversal#void#traverseRoots#?,List<Node>#297	1.4157019294743844	0.0	0.7078509647371922		_
com.google.javascript.jscomp.NodeTraversal#void#traverseRoots#?,List<Node>#299	1.4157019294743844	0.0	0.7078509647371922		_
com.google.javascript.jscomp.NodeTraversal#void#traverseRoots#?,List<Node>#298	1.4157019294743844	0.0	0.7078509647371922		_
com.google.javascript.jscomp.CodeConsumer#void#endBlock#?,boolean#117	0.7057884231536926	0.7068529607451763	0.7063206919494345	!(shouldEndLine)	_
com.google.javascript.jscomp.CodeConsumer#void#beginBlock#?#101	0.7057884231536926	0.7057884231536926	0.7057884231536926	!(statementNeedsEnded)	_
com.google.javascript.jscomp.NodeTraversal#CompilerInput#getInput#?#433	1.4073186959414503	0.0	0.7036593479707252		_
com.google.javascript.jscomp.parsing.IRFactory$TransformDispatcher#Node#processFunctionNode#?,FunctionNode#670	1.403725881570193	0.0	0.7018629407850965		_
com.google.javascript.jscomp.NodeUtil#boolean#isFunctionDeclaration#?,Node#1868	1.401729873586161	0.0	0.7008649367930805		_
com.google.javascript.jscomp.NodeTraversal#void#traverseFunction#?,Node,Node#521	1.380439121756487	0.0	0.6902195608782435		_
com.google.javascript.jscomp.NodeTraversal#void#pushScope#?,Node#567	1.3709913506320692	0.0	0.6854956753160346		_
com.google.javascript.jscomp.NodeTraversal#?#NodeTraversal#?,AbstractCompiler,Callback,ScopeCreator#233	1.3709913506320692	0.0	0.6854956753160346		_
com.google.javascript.jscomp.NodeTraversal#void#popScope#?#584	1.3709913506320692	0.0	0.6854956753160346		_
com.google.javascript.rhino.Node#boolean#isExprResult#?#2241	1.3624750499001996	0.0	0.6812375249500998		_
com.google.javascript.jscomp.NodeUtil#boolean#isStatementParent#?,Node#1718	1.3620758483033932	0.0	0.6810379241516966		_
com.google.javascript.jscomp.NodeTraversal#boolean#inGlobalScope#?#635	1.3515635395874916	0.0	0.6757817697937458		_
com.google.javascript.jscomp.ProcessCommonJSModules#String#toModuleName#?,String,String#105	1.0	0.0	0.5		_
com.google.javascript.jscomp.CollapseVariableDeclarations#void#applyCollapses#?#240	0.9998669328010645	0.0	0.49993346640053227		_
com.google.javascript.jscomp.CollapseVariableDeclarations#void#applyCollapses#?#229	0.9998669328010645	0.0	0.49993346640053227		_
com.google.javascript.jscomp.CollapseVariableDeclarations#void#applyCollapses#?#227	0.9998669328010645	0.0	0.49993346640053227		_
com.google.javascript.jscomp.CollapseVariableDeclarations#void#applyCollapses#?#228	0.9998669328010645	0.0	0.49993346640053227		_
com.google.javascript.jscomp.CollapseVariableDeclarations#void#applyCollapses#?#226	0.9998669328010645	0.0	0.49993346640053227		_
com.google.javascript.jscomp.CollapseVariableDeclarations#void#applyCollapses#?#238	0.9998669328010645	0.0	0.49993346640053227		_
com.google.javascript.jscomp.CollapseVariableDeclarations#void#applyCollapses#?#239	0.9998669328010645	0.0	0.49993346640053227		_
com.google.javascript.jscomp.CollapseVariableDeclarations#void#applyCollapses#?#231	0.9998669328010645	0.0	0.49993346640053227		_
com.google.javascript.jscomp.CollapseVariableDeclarations#void#applyCollapses#?#230	0.9998669328010645	0.0	0.49993346640053227		_
com.google.javascript.jscomp.CollapseVariableDeclarations#void#applyCollapses#?#232	0.9998669328010645	0.0	0.49993346640053227		_
com.google.javascript.jscomp.Compiler#void#processAMDAndCommonJSModules#?#1452	0.9998669328010645	0.0	0.49993346640053227		_
com.google.javascript.jscomp.PeepholeRemoveDeadCode#boolean#isExprConditional#?,Node#593	0.9997338656021291	0.0	0.49986693280106453		_
com.google.javascript.jscomp.PeepholeRemoveDeadCode#Node#getSimpleAssignmentName#?,Node#563	0.9997338656021291	0.0	0.49986693280106453		_
com.google.javascript.jscomp.TransformAMDToCJSModule$TransformAMDModulesCallback#void#handleDefineObjectLiteral#?,Node,Node,Node#142	0.9997338656021291	0.0	0.49986693280106453		_
com.google.javascript.jscomp.TransformAMDToCJSModule$TransformAMDModulesCallback#void#handleDefineObjectLiteral#?,Node,Node,Node#141	0.9997338656021291	0.0	0.49986693280106453		_
com.google.javascript.jscomp.TransformAMDToCJSModule$TransformAMDModulesCallback#void#handleDefineObjectLiteral#?,Node,Node,Node#145	0.9997338656021291	0.0	0.49986693280106453		_
com.google.javascript.jscomp.TransformAMDToCJSModule$TransformAMDModulesCallback#void#visit#?,NodeTraversal,Node,Node#107	0.9997338656021291	0.0	0.49986693280106453		_
com.google.javascript.jscomp.TransformAMDToCJSModule$TransformAMDModulesCallback#void#visit#?,NodeTraversal,Node,Node#108	0.9997338656021291	0.0	0.49986693280106453		_
com.google.javascript.jscomp.PeepholeRemoveDeadCode#Node#getConditionalStatementCondition#?,Node#606	0.9997338656021291	0.0	0.49986693280106453		_
com.google.javascript.jscomp.PeepholeRemoveDeadCode#Node#getConditionalStatementCondition#?,Node#607	0.9997338656021291	0.0	0.49986693280106453		_
com.google.javascript.rhino.Node#String#propToString#?,int#122	0.9996007984031936	0.0	0.4998003992015968		_
com.google.javascript.rhino.JSDocInfo#String#toString#?#1213	0.9996007984031936	0.0	0.4998003992015968		_
com.google.javascript.jscomp.PeepholeRemoveDeadCode#Node#getSimpleAssignmentName#?,Node#560	0.9996007984031936	0.0	0.4998003992015968		_
com.google.javascript.jscomp.ExploitAssigns#boolean#collapseAssignEqualTo#?,Node,Node,Node#155	0.9994677312042581	0.0	0.49973386560212907		_
com.google.javascript.jscomp.TransformAMDToCJSModule$TransformAMDModulesCallback#void#visit#?,NodeTraversal,Node,Node#105	0.9994677312042581	0.0	0.49973386560212907		_
com.google.javascript.jscomp.ExploitAssigns#boolean#collapseAssignEqualTo#?,Node,Node,Node#137	0.9993346640053227	0.0	0.49966733200266134		_
com.google.javascript.jscomp.PeepholeCollectPropertyAssignments#boolean#collectProperty#?,Node,String,Node#133	0.9993346640053227	0.0	0.49966733200266134		_
com.google.javascript.rhino.Node#String#propToString#?,int#125	0.9992015968063872	0.0	0.4996007984031936		_
com.google.javascript.jscomp.TransformAMDToCJSModule$TransformAMDModulesCallback#void#visit#?,NodeTraversal,Node,Node#97	0.9990685296074517	0.0	0.49953426480372587		_
com.google.javascript.jscomp.TransformAMDToCJSModule$TransformAMDModulesCallback#void#visit#?,NodeTraversal,Node,Node#98	0.9990685296074517	0.0	0.49953426480372587		_
com.google.javascript.jscomp.TransformAMDToCJSModule$TransformAMDModulesCallback#void#visit#?,NodeTraversal,Node,Node#99	0.9990685296074517	0.0	0.49953426480372587		_
com.google.javascript.jscomp.TransformAMDToCJSModule$TransformAMDModulesCallback#void#visit#?,NodeTraversal,Node,Node#100	0.9990685296074517	0.0	0.49953426480372587		_
com.google.javascript.jscomp.TransformAMDToCJSModule#void#process#?,Node,Node#60	0.9989354624085163	0.0	0.49946773120425814		_
com.google.javascript.jscomp.TransformAMDToCJSModule$TransformAMDModulesCallback#void#visit#?,NodeTraversal,Node,Node#87	0.9989354624085163	0.0	0.49946773120425814		_
com.google.javascript.jscomp.TransformAMDToCJSModule#?#TransformAMDToCJSModule#?,AbstractCompiler#55	0.9989354624085163	0.0	0.49946773120425814		_
com.google.javascript.jscomp.PeepholeCollectPropertyAssignments#boolean#collectProperty#?,Node,String,Node#164	0.9985362608117099	0.0	0.49926813040585494		_
com.google.javascript.jscomp.PeepholeCollectPropertyAssignments#boolean#collectObjectProperty#?,Node,Node#242	0.9985362608117099	0.0	0.49926813040585494		_
com.google.javascript.jscomp.PeepholeCollectPropertyAssignments#boolean#collectObjectProperty#?,Node,Node#249	0.9985362608117099	0.0	0.49926813040585494		_
com.google.javascript.jscomp.PeepholeCollectPropertyAssignments#boolean#collectObjectProperty#?,Node,Node#246	0.9985362608117099	0.0	0.49926813040585494		_
com.google.javascript.jscomp.PeepholeCollectPropertyAssignments#boolean#collectObjectProperty#?,Node,Node#255	0.9985362608117099	0.0	0.49926813040585494		_
com.google.javascript.jscomp.PeepholeCollectPropertyAssignments#boolean#collectObjectProperty#?,Node,Node#256	0.9985362608117099	0.0	0.49926813040585494		_
com.google.javascript.jscomp.PeepholeCollectPropertyAssignments#boolean#collectObjectProperty#?,Node,Node#257	0.9985362608117099	0.0	0.49926813040585494		_
com.google.javascript.jscomp.PeepholeCollectPropertyAssignments#boolean#collectObjectProperty#?,Node,Node#259	0.9985362608117099	0.0	0.49926813040585494		_
com.google.javascript.jscomp.PeepholeCollectPropertyAssignments#boolean#collectObjectProperty#?,Node,Node#230	0.9985362608117099	0.0	0.49926813040585494		_
com.google.javascript.jscomp.PeepholeCollectPropertyAssignments#boolean#collectObjectProperty#?,Node,Node#231	0.9985362608117099	0.0	0.49926813040585494		_
com.google.javascript.jscomp.PeepholeCollectPropertyAssignments#boolean#collectObjectProperty#?,Node,Node#232	0.9985362608117099	0.0	0.49926813040585494		_
com.google.javascript.jscomp.PeepholeCollectPropertyAssignments#boolean#collectObjectProperty#?,Node,Node#233	0.9985362608117099	0.0	0.49926813040585494		_
com.google.javascript.jscomp.PeepholeCollectPropertyAssignments#boolean#collectObjectProperty#?,Node,Node#260	0.9985362608117099	0.0	0.49926813040585494		_
com.google.javascript.jscomp.ExploitAssigns#boolean#collapseAssignEqualTo#?,Node,Node,Node#123	0.9984031936127744	0.0	0.4992015968063872		_
com.google.javascript.jscomp.ExploitAssigns#boolean#collapseAssignEqualTo#?,Node,Node,Node#122	0.9984031936127744	0.0	0.4992015968063872		_
com.google.javascript.jscomp.ExploitAssigns#boolean#collapseAssignEqualTo#?,Node,Node,Node#124	0.9984031936127744	0.0	0.4992015968063872		_
com.google.javascript.rhino.JSDocInfo#void#addSuppression#?,String#684	0.9984031936127744	0.0	0.4992015968063872		_
com.google.javascript.rhino.JSDocInfo#void#addSuppression#?,String#681	0.9984031936127744	0.0	0.4992015968063872		_
com.google.javascript.rhino.JSDocInfo#void#addSuppression#?,String#686	0.9984031936127744	0.0	0.4992015968063872		_
com.google.javascript.jscomp.ExploitAssigns#boolean#collapseAssignEqualTo#?,Node,Node,Node#114	0.9982701264138389	0.0	0.49913506320691947		_
com.google.javascript.jscomp.CollapseVariableDeclarations#void#applyCollapses#?#208	0.998003992015968	0.0	0.499001996007984		_
com.google.javascript.jscomp.CollapseVariableDeclarations#void#applyCollapses#?#216	0.998003992015968	0.0	0.499001996007984		_
com.google.javascript.jscomp.CollapseVariableDeclarations#void#applyCollapses#?#219	0.998003992015968	0.0	0.499001996007984		_
com.google.javascript.jscomp.CollapseVariableDeclarations#void#applyCollapses#?#218	0.998003992015968	0.0	0.499001996007984		_
com.google.javascript.jscomp.CollapseVariableDeclarations#void#applyCollapses#?#210	0.998003992015968	0.0	0.499001996007984		_
com.google.javascript.jscomp.CollapseVariableDeclarations#void#applyCollapses#?#211	0.998003992015968	0.0	0.499001996007984		_
com.google.javascript.jscomp.CollapseVariableDeclarations#void#applyCollapses#?#212	0.998003992015968	0.0	0.499001996007984		_
com.google.javascript.jscomp.CollapseVariableDeclarations#void#applyCollapses#?#214	0.998003992015968	0.0	0.499001996007984		_
com.google.javascript.jscomp.CollapseVariableDeclarations#void#applyCollapses#?#223	0.998003992015968	0.0	0.499001996007984		_
com.google.javascript.jscomp.CollapseVariableDeclarations#void#applyCollapses#?#234	0.998003992015968	0.0	0.499001996007984		_
com.google.javascript.jscomp.CollapseVariableDeclarations#void#process#?,Node,Node#117	0.998003992015968	0.0	0.499001996007984		_
com.google.javascript.jscomp.CollapseVariableDeclarations#void#process#?,Node,Node#116	0.998003992015968	0.0	0.499001996007984		_
com.google.javascript.jscomp.CollapseVariableDeclarations$Collapse#?#Collapse#?,Node,Node,Node#85	0.998003992015968	0.0	0.499001996007984		_
com.google.javascript.jscomp.CollapseVariableDeclarations$Collapse#?#Collapse#?,Node,Node,Node#87	0.998003992015968	0.0	0.499001996007984		_
com.google.javascript.jscomp.CollapseVariableDeclarations$Collapse#?#Collapse#?,Node,Node,Node#86	0.998003992015968	0.0	0.499001996007984		_
com.google.javascript.jscomp.CollapseVariableDeclarations$GatherCollapses#void#visit#?,NodeTraversal,Node,Node#170	0.998003992015968	0.0	0.499001996007984		_
com.google.javascript.jscomp.CollapseVariableDeclarations$GatherCollapses#void#visit#?,NodeTraversal,Node,Node#172	0.998003992015968	0.0	0.499001996007984		_
com.google.javascript.jscomp.CollapseVariableDeclarations$GatherCollapses#void#visit#?,NodeTraversal,Node,Node#176	0.998003992015968	0.0	0.499001996007984		_
com.google.javascript.jscomp.CollapseVariableDeclarations$GatherCollapses#void#visit#?,NodeTraversal,Node,Node#177	0.998003992015968	0.0	0.499001996007984		_
com.google.javascript.jscomp.CollapseVariableDeclarations$GatherCollapses#void#visit#?,NodeTraversal,Node,Node#169	0.998003992015968	0.0	0.499001996007984		_
com.google.javascript.rhino.IR#Node#stringKey#?,String#424	0.9977378576180972	0.0	0.4988689288090486		_
com.google.javascript.rhino.Token#String#name#?,int#229	0.9977378576180972	0.0	0.4988689288090486		_
com.google.javascript.rhino.Node#void#toString#?,StringBuilder,boolean,boolean,boolean#965	0.9977378576180972	0.0	0.4988689288090486		_
com.google.javascript.rhino.Node#void#toString#?,StringBuilder,boolean,boolean,boolean#958	0.9976047904191617	0.0	0.49880239520958086		_
com.google.javascript.jscomp.PeepholeCollectPropertyAssignments#Node#getValue#?,Node#95	0.9972055888223553	0.0	0.49860279441117766		_
com.google.javascript.jscomp.PeepholeCollectPropertyAssignments#Node#getName#?,Node#86	0.9972055888223553	0.0	0.49860279441117766		_
com.google.javascript.jscomp.SyntacticScopeCreator#boolean#hasDuplicateDeclarationSuppression#?,Node,Scope.Var#264	0.9970725216234199	0.0	0.49853626081170993		_
com.google.javascript.jscomp.PeepholeCollectPropertyAssignments#boolean#isPropertyAssignmentToName#?,Node#118	0.9969394544244844	0.0	0.4984697272122422		_
com.google.javascript.jscomp.PeepholeCollectPropertyAssignments#Node#optimizeSubtree#?,Node#72	0.9968063872255489	0.0	0.49840319361277446		_
com.google.javascript.jscomp.PeepholeCollectPropertyAssignments#boolean#collectProperty#?,Node,String,Node#168	0.996540252827678	0.0	0.498270126413839		_
com.google.javascript.jscomp.PeepholeCollectPropertyAssignments#Node#optimizeSubtree#?,Node#74	0.996540252827678	0.0	0.498270126413839		_
com.google.javascript.jscomp.PeepholeCollectPropertyAssignments#Node#optimizeSubtree#?,Node#79	0.996540252827678	0.0	0.498270126413839		_
com.google.javascript.jscomp.ExploitAssigns#boolean#isCollapsibleValue#?,Node,boolean#89	0.9961410512308716	0.0	0.4980705256154358		_
com.google.javascript.jscomp.PeepholeCollectPropertyAssignments#boolean#collectProperty#?,Node,String,Node#154	0.9960079840319361	0.0	0.49800399201596807		_
com.google.javascript.jscomp.SyntacticScopeCreator$DefaultRedeclarationHandler#void#onRedeclaration#?,Scope,String,Node,CompilerInput#207	0.9954757152361943	0.0	0.49773785761809713		_
com.google.javascript.jscomp.SyntacticScopeCreator$DefaultRedeclarationHandler#void#onRedeclaration#?,Scope,String,Node,CompilerInput#199	0.9953426480372588	0.0	0.4976713240186294		_
com.google.javascript.jscomp.SyntacticScopeCreator$DefaultRedeclarationHandler#void#onRedeclaration#?,Scope,String,Node,CompilerInput#200	0.9953426480372588	0.0	0.4976713240186294		_
com.google.javascript.jscomp.PeepholeCollectPropertyAssignments#boolean#collectProperty#?,Node,String,Node#136	0.9952095808383233	0.0	0.49760479041916167		_
com.google.javascript.jscomp.PeepholeCollectPropertyAssignments#boolean#collectProperty#?,Node,String,Node#142	0.9952095808383233	0.0	0.49760479041916167		_
com.google.javascript.jscomp.PeepholeCollectPropertyAssignments#Node#optimizeSubtree#?,Node#67	0.9952095808383233	0.0	0.49760479041916167		_
com.google.javascript.jscomp.PeepholeCollectPropertyAssignments#boolean#isInterestingValue#?,Node#103	0.9949434464404524	0.0	0.4974717232202262		_
com.google.javascript.jscomp.PeepholeCollectPropertyAssignments#Node#optimizeSubtree#?,Node#61	0.9948103792415169	0.0	0.49740518962075847		_
com.google.javascript.jscomp.PeepholeCollectPropertyAssignments#boolean#isPropertyAssignmentToName#?,Node#122	0.9946773120425815	0.0	0.49733865602129074		_
com.google.javascript.jscomp.PeepholeCollectPropertyAssignments#boolean#isPropertyAssignmentToName#?,Node#127	0.9946773120425815	0.0	0.49733865602129074		_
com.google.javascript.jscomp.PeepholeCollectPropertyAssignments#Node#optimizeSubtree#?,Node#55	0.9946773120425815	0.0	0.49733865602129074		_
com.google.javascript.jscomp.PeepholeCollectPropertyAssignments#Node#optimizeSubtree#?,Node#56	0.9946773120425815	0.0	0.49733865602129074		_
com.google.javascript.rhino.Node#Node#removeChildAfter#?,Node#1671	0.9942781104457751	0.0	0.49713905522288754		_
com.google.javascript.rhino.Node#Node#removeChildAfter#?,Node#1673	0.9942781104457751	0.0	0.49713905522288754		_
com.google.javascript.rhino.Node#Node#removeChildAfter#?,Node#1676	0.9942781104457751	0.0	0.49713905522288754		_
com.google.javascript.rhino.Node#Node#removeChildAfter#?,Node#1677	0.9942781104457751	0.0	0.49713905522288754		_
com.google.javascript.rhino.Node#Node#removeChildAfter#?,Node#1679	0.9942781104457751	0.0	0.49713905522288754		_
com.google.javascript.rhino.Node#Node#removeChildAfter#?,Node#1681	0.9942781104457751	0.0	0.49713905522288754		_
com.google.javascript.rhino.Node#Node#removeChildAfter#?,Node#1680	0.9942781104457751	0.0	0.49713905522288754		_
com.google.javascript.jscomp.RemoveUnusedVars$Assign#Assign#maybeCreateAssign#?,Node#930	0.9941450432468396	0.0	0.4970725216234198		_
com.google.javascript.jscomp.RemoveUnusedVars$Assign#Assign#maybeCreateAssign#?,Node#931	0.9941450432468396	0.0	0.4970725216234198		_
com.google.javascript.jscomp.SyntacticScopeCreator$DefaultRedeclarationHandler#void#onRedeclaration#?,Scope,String,Node,CompilerInput#195	0.993080505655356	0.0	0.496540252827678		_
com.google.javascript.jscomp.SyntacticScopeCreator#void#declareVar#?,Node#240	0.9924151696606787	0.0	0.49620758483033933		_
com.google.javascript.jscomp.NodeUtil#boolean#checkForStateChangeHelper#?,Node,boolean,AbstractCompiler#825	0.9918829008649368	0.0	0.4959414504324684		_
com.google.javascript.jscomp.GlobalNamespace$BuildGlobalNamespace#String#getNameForObjLitKey#?,Node#475	0.9914836992681304	0.0	0.4957418496340652		_
com.google.javascript.jscomp.GlobalNamespace$BuildGlobalNamespace#String#getNameForObjLitKey#?,Node#477	0.9914836992681304	0.0	0.4957418496340652		_
com.google.javascript.jscomp.GlobalNamespace$BuildGlobalNamespace#String#getNameForObjLitKey#?,Node#476	0.9914836992681304	0.0	0.4957418496340652		_
com.google.javascript.rhino.Token#String#name#?,int#249	0.9901530272787757	0.0	0.49507651363938787		_
com.google.javascript.jscomp.SyntacticScopeCreator#boolean#hasDuplicateDeclarationSuppression#?,Node,Scope.Var#261	0.9845642049234864	0.0	0.4922821024617432		_
com.google.javascript.jscomp.SyntacticScopeCreator#boolean#hasDuplicateDeclarationSuppression#?,Node,Scope.Var#259	0.9833666001330672	0.0	0.4916833000665336		_
com.google.javascript.jscomp.SyntacticScopeCreator#boolean#hasDuplicateDeclarationSuppression#?,Node,Scope.Var#257	0.9833666001330672	0.0	0.4916833000665336		_
com.google.javascript.jscomp.SyntacticScopeCreator#boolean#hasDuplicateDeclarationSuppression#?,Node,Scope.Var#255	0.9833666001330672	0.0	0.4916833000665336		_
com.google.javascript.jscomp.SyntacticScopeCreator#boolean#hasDuplicateDeclarationSuppression#?,Node,Scope.Var#256	0.9833666001330672	0.0	0.4916833000665336		_
com.google.javascript.jscomp.CodeGenerator#void#add#?,Node,Context#294	0.982168995342648	0.0	0.491084497671324		_
com.google.javascript.jscomp.CodeGenerator#void#add#?,Node,Context#305	0.982168995342648	0.0	0.491084497671324		_
com.google.javascript.jscomp.GlobalNamespace$Name#JSDocInfo#getDocInfoForDeclaration#?,Ref#1163	0.9809713905522289	0.0	0.49048569527611446		_
com.google.javascript.jscomp.GlobalNamespace$BuildGlobalNamespace#boolean#isConstructorOrEnumDeclaration#?,Node,Node#599	0.9808383233532935	0.0	0.49041916167664673		_
com.google.javascript.jscomp.GlobalNamespace$BuildGlobalNamespace#void#collect#?,NodeTraversal,Node,Node#331	0.9805721889554225	0.0	0.49028609447771127		_
com.google.javascript.jscomp.GlobalNamespace$BuildGlobalNamespace#void#collect#?,NodeTraversal,Node,Node#332	0.9805721889554225	0.0	0.49028609447771127		_
com.google.javascript.jscomp.NodeUtil#boolean#checkForStateChangeHelper#?,Node,boolean,AbstractCompiler#896	0.9804391217564871	0.0	0.49021956087824353		_
com.google.javascript.jscomp.NodeUtil#boolean#checkForStateChangeHelper#?,Node,boolean,AbstractCompiler#910	0.9804391217564871	0.0	0.49021956087824353		_
com.google.javascript.jscomp.GlobalNamespace$BuildGlobalNamespace#void#collect#?,NodeTraversal,Node,Node#329	0.9799068529607452	0.0	0.4899534264803726		_
com.google.javascript.jscomp.GlobalNamespace$BuildGlobalNamespace#void#collect#?,NodeTraversal,Node,Node#328	0.9799068529607452	0.0	0.4899534264803726		_
com.google.javascript.jscomp.GlobalNamespace$BuildGlobalNamespace#void#collect#?,NodeTraversal,Node,Node#342	0.9799068529607452	0.0	0.4899534264803726		_
com.google.javascript.jscomp.GlobalNamespace$BuildGlobalNamespace#String#getNameForObjLitKey#?,Node#496	0.9799068529607452	0.0	0.4899534264803726		_
com.google.javascript.jscomp.GlobalNamespace$BuildGlobalNamespace#String#getNameForObjLitKey#?,Node#494	0.9797737857618097	0.0	0.48988689288090487		_
com.google.javascript.jscomp.ProcessTweaks$TweakFunction#?#TweakFunction#?,String,String,int,int,TweakFunction#144	0.978709248170326	0.0	0.489354624085163		_
com.google.javascript.jscomp.ProcessTweaks$TweakFunction#?#TweakFunction#?,String,String,int,int,TweakFunction#148	0.978709248170326	0.0	0.489354624085163		_
com.google.javascript.jscomp.ProcessTweaks$TweakFunction#?#TweakFunction#?,String,String,int,int,TweakFunction#145	0.978709248170326	0.0	0.489354624085163		_
com.google.javascript.jscomp.DiagnosticGroups#DiagnosticGroup#registerGroup#?,String,DiagnosticGroup#45	0.978709248170326	0.0	0.489354624085163		_
com.google.javascript.jscomp.DiagnosticGroups#DiagnosticGroup#registerGroup#?,String,DiagnosticGroup#44	0.978709248170326	0.0	0.489354624085163		_
com.google.javascript.jscomp.DiagnosticGroups#DiagnosticGroup#registerGroup#?,String,DiagnosticGroup#58	0.978709248170326	0.0	0.489354624085163		_
com.google.javascript.jscomp.DiagnosticGroups#DiagnosticGroup#registerGroup#?,String,DiagnosticGroup#59	0.978709248170326	0.0	0.489354624085163		_
com.google.javascript.jscomp.DiagnosticGroups#DiagnosticGroup#registerGroup#?,String,DiagnosticGroup#57	0.978709248170326	0.0	0.489354624085163		_
com.google.javascript.jscomp.ProcessTweaks$TweakFunction#?#TweakFunction#?,String,String,int#129	0.978709248170326	0.0	0.489354624085163		_
com.google.javascript.jscomp.DiagnosticGroups#DiagnosticGroup#registerGroup#?,String,DiagnosticType#50	0.978709248170326	0.0	0.489354624085163		_
com.google.javascript.jscomp.DiagnosticGroups#DiagnosticGroup#registerGroup#?,String,DiagnosticType#51	0.978709248170326	0.0	0.489354624085163		_
com.google.javascript.jscomp.DiagnosticGroups#DiagnosticGroup#registerGroup#?,String,DiagnosticType#52	0.978709248170326	0.0	0.489354624085163		_
com.google.javascript.jscomp.ProcessTweaks$TweakFunction#?#TweakFunction#?,String#124	0.978709248170326	0.0	0.489354624085163		_
com.google.javascript.jscomp.ProcessTweaks$TweakFunction#?#TweakFunction#?,String,TweakFunction#138	0.978709248170326	0.0	0.489354624085163		_
com.google.javascript.jscomp.ProcessTweaks$TweakFunction#?#TweakFunction#?,String,String,int,int#134	0.978709248170326	0.0	0.489354624085163		_
com.google.javascript.jscomp.DiagnosticGroup#?#DiagnosticGroup#?,DiagnosticType#54	0.978709248170326	0.0	0.489354624085163		_
com.google.javascript.jscomp.DiagnosticGroups#DiagnosticGroup#registerDeprecatedGroup#?,String#39	0.978709248170326	0.0	0.489354624085163		_
com.google.javascript.jscomp.DiagnosticGroup#?#DiagnosticGroup#?,String,DiagnosticType#47	0.978709248170326	0.0	0.489354624085163		_
com.google.javascript.jscomp.DiagnosticGroup#?#DiagnosticGroup#?,String,DiagnosticType#46	0.978709248170326	0.0	0.489354624085163		_
com.google.javascript.rhino.jstype.ObjectType#String#createDelegateSuffix#?,String#225	0.978709248170326	0.0	0.489354624085163		_
com.google.javascript.jscomp.DiagnosticGroup#?#DiagnosticGroup#?,String,DiagnosticGroup#88	0.978709248170326	0.0	0.489354624085163		_
com.google.javascript.jscomp.DiagnosticGroup#?#DiagnosticGroup#?,String,DiagnosticGroup#95	0.978709248170326	0.0	0.489354624085163		_
com.google.javascript.jscomp.DiagnosticGroup#?#DiagnosticGroup#?,String,DiagnosticGroup#94	0.978709248170326	0.0	0.489354624085163		_
com.google.javascript.jscomp.DiagnosticGroup#?#DiagnosticGroup#?,String,DiagnosticGroup#91	0.978709248170326	0.0	0.489354624085163		_
com.google.javascript.jscomp.DiagnosticGroup#?#DiagnosticGroup#?,String,DiagnosticGroup#90	0.978709248170326	0.0	0.489354624085163		_
com.google.javascript.jscomp.parsing.ParserRunner#Set<String>#extractList#?,String#90	0.9785761809713905	0.0	0.48928809048569527		_
com.google.javascript.jscomp.parsing.ParserRunner#Set<String>#extractList#?,String#92	0.9785761809713905	0.0	0.48928809048569527		_
com.google.javascript.jscomp.parsing.ParserRunner#Set<String>#extractList#?,String#89	0.9785761809713905	0.0	0.48928809048569527		_
com.google.javascript.jscomp.parsing.ParserRunner#Set<String>#extractList#?,String#87	0.9785761809713905	0.0	0.48928809048569527		_
com.google.javascript.jscomp.parsing.ParserRunner#Set<String>#extractList#?,String#88	0.9785761809713905	0.0	0.48928809048569527		_
com.google.javascript.jscomp.parsing.ParserRunner#void#initResourceConfig#?#81	0.9785761809713905	0.0	0.48928809048569527		_
com.google.javascript.jscomp.parsing.ParserRunner#void#initResourceConfig#?#82	0.9785761809713905	0.0	0.48928809048569527		_
com.google.javascript.jscomp.parsing.ParserRunner#void#initResourceConfig#?#83	0.9785761809713905	0.0	0.48928809048569527		_
com.google.javascript.jscomp.GlobalNamespace$BuildGlobalNamespace#void#collect#?,NodeTraversal,Node,Node#325	0.9785761809713905	0.0	0.48928809048569527		_
com.google.javascript.jscomp.GlobalNamespace$BuildGlobalNamespace#void#collect#?,NodeTraversal,Node,Node#323	0.9785761809713905	0.0	0.48928809048569527		_
com.google.javascript.jscomp.GlobalNamespace$BuildGlobalNamespace#String#getNameForObjLitKey#?,Node#459	0.9785761809713905	0.0	0.48928809048569527		_
com.google.javascript.jscomp.GlobalNamespace$BuildGlobalNamespace#String#getNameForObjLitKey#?,Node#458	0.9785761809713905	0.0	0.48928809048569527		_
com.google.javascript.jscomp.GlobalNamespace$BuildGlobalNamespace#String#getNameForObjLitKey#?,Node#457	0.9785761809713905	0.0	0.48928809048569527		_
com.google.javascript.jscomp.GlobalNamespace$BuildGlobalNamespace#String#getNameForObjLitKey#?,Node#450	0.9785761809713905	0.0	0.48928809048569527		_
com.google.javascript.jscomp.GlobalNamespace$BuildGlobalNamespace#String#getNameForObjLitKey#?,Node#452	0.9785761809713905	0.0	0.48928809048569527		_
com.google.javascript.jscomp.GlobalNamespace$BuildGlobalNamespace#String#getNameForObjLitKey#?,Node#449	0.9785761809713905	0.0	0.48928809048569527		_
com.google.javascript.jscomp.DiagnosticType#DiagnosticType#disabled#?,String,String#77	0.9784431137724551	0.0	0.48922155688622754		_
com.google.javascript.jscomp.ProcessTweaks$TweakFunction#String#getName#?#165	0.9779108449767132	0.0	0.4889554224883566		_
com.google.javascript.jscomp.NodeUtil#boolean#evaluatesToLocalValue#?,Node,Predicate<Node>#2923	0.9773785761809713	0.0	0.4886892880904857		_
com.google.javascript.jscomp.NodeUtil#boolean#evaluatesToLocalValue#?,Node#2887	0.9737857618097139	0.0	0.48689288090485694		_
com.google.javascript.jscomp.NodeUtil#boolean#canBeSideEffected#?,Node#1102	0.9647371922821024	0.0	0.4823685961410512		_
com.google.javascript.jscomp.NodeUtil#boolean#canBeSideEffected#?,Node#1103	0.9647371922821024	0.0	0.4823685961410512		_
com.google.javascript.jscomp.NodeUtil#boolean#canBeSideEffected#?,Node,Set<String>#1143	0.9640718562874252	0.0	0.4820359281437126		_
com.google.javascript.jscomp.NodeUtil#boolean#isConstantByConvention#?,CodingConvention,Node,Node#2805	0.9604790419161676	0.0	0.4802395209580838		_
com.google.javascript.jscomp.NodeUtil#boolean#canBeSideEffected#?,Node,Set<String>#1113	0.9603459747172322	0.0	0.4801729873586161		_
com.google.javascript.jscomp.GlobalNamespace$BuildGlobalNamespace#void#collect#?,NodeTraversal,Node,Node#390	0.9538256819693945	0.0	0.4769128409846973		_
com.google.javascript.jscomp.GlobalNamespace$BuildGlobalNamespace#void#collect#?,NodeTraversal,Node,Node#389	0.9538256819693945	0.0	0.4769128409846973		_
com.google.javascript.jscomp.GlobalNamespace$BuildGlobalNamespace#void#collect#?,NodeTraversal,Node,Node#388	0.9538256819693945	0.0	0.4769128409846973		_
com.google.javascript.jscomp.NodeUtil#boolean#isImmutableValue#?,Node#504	0.9474384564204923	0.0	0.47371922821024615		_
com.google.javascript.jscomp.NodeUtil#boolean#isImmutableValue#?,Node#507	0.9474384564204923	0.0	0.47371922821024615		_
com.google.javascript.jscomp.GlobalNamespace$Name#JSDocInfo#getDocInfoForDeclaration#?,Ref#1156	0.9402528276779774	0.0	0.4701264138389887		_
com.google.javascript.jscomp.NodeUtil#boolean#evaluatesToLocalValue#?,Node,Predicate<Node>#2896	0.93812375249501	0.0	0.469061876247505		_
com.google.javascript.jscomp.NodeUtil#boolean#isImmutableValue#?,Node#497	0.9249500998003992	0.0	0.4624750499001996		_
com.google.javascript.jscomp.NodeUtil#boolean#isObjectLitKey#?,Node,Node#2050	0.9234863606121091	0.0	0.46174318030605455		_
com.google.javascript.rhino.JSDocInfo#Set<String>#getSuppressions#?#1316	0.9228210246174318	0.0	0.4614105123087159		_
com.google.javascript.rhino.JSDocInfo#Set<String>#getSuppressions#?#1315	0.9228210246174318	0.0	0.4614105123087159		_
com.google.javascript.rhino.Node#void#addChildBefore#?,Node,Node#652	0.9200266134397871	0.0	0.46001330671989354		_
com.google.javascript.rhino.Node#void#addChildBefore#?,Node,Node#651	0.9200266134397871	0.0	0.46001330671989354		_
com.google.javascript.rhino.Node#void#addChildBefore#?,Node,Node#650	0.9200266134397871	0.0	0.46001330671989354		_
com.google.javascript.rhino.Node#void#addChildBefore#?,Node,Node#649	0.9200266134397871	0.0	0.46001330671989354		_
com.google.javascript.rhino.Node#void#addChildBefore#?,Node,Node#644	0.9065868263473054	0.0	0.4532934131736527		_
com.google.javascript.rhino.Node#void#addChildBefore#?,Node,Node#646	0.9065868263473054	0.0	0.4532934131736527		_
com.google.javascript.rhino.Node#void#addChildBefore#?,Node,Node#642	0.9065868263473054	0.0	0.4532934131736527		_
com.google.javascript.jscomp.parsing.IRFactory$TransformDispatcher#Node#processParenthesizedExpression#?,ParenthesizedExpression#864	0.8874251497005988	0.0	0.4437125748502994		_
com.google.javascript.jscomp.parsing.IRFactory$TransformDispatcher#Node#processParenthesizedExpression#?,ParenthesizedExpression#863	0.8874251497005988	0.0	0.4437125748502994		_
com.google.javascript.jscomp.parsing.IRFactory$TransformDispatcher#Node#processParenthesizedExpression#?,ParenthesizedExpression#862	0.8874251497005988	0.0	0.4437125748502994		_
com.google.javascript.jscomp.parsing.TypeSafeDispatcher#T#process#?,AstNode#244	0.8874251497005988	0.0	0.4437125748502994		_
com.google.javascript.jscomp.CodeConsumer#void#add#?,String#185	0.8734530938123752	0.0	0.4367265469061876		_
com.google.javascript.jscomp.CodeGenerator#void#add#?,Node,Context#291	0.7201596806387225	0.0	0.36007984031936124		_
com.google.javascript.jscomp.CodeGenerator#void#add#?,Node,Context#292	0.7201596806387225	0.0	0.36007984031936124		_
com.google.javascript.jscomp.CodeGenerator#void#add#?,Node,Context#298	0.7201596806387225	0.0	0.36007984031936124		_
com.google.javascript.jscomp.CodeGenerator#void#add#?,Node,Context#297	0.7201596806387225	0.0	0.36007984031936124		_
com.google.javascript.jscomp.CodeConsumer#void#endFunction#?,boolean#168	0.7201596806387225	0.0	0.36007984031936124		_
com.google.javascript.jscomp.CodeGenerator#void#add#?,Node,Context#301	0.7201596806387225	0.0	0.36007984031936124		_
com.google.javascript.jscomp.CodeGenerator#void#add#?,Node,Context#300	0.7201596806387225	0.0	0.36007984031936124		_
com.google.javascript.jscomp.CodeGenerator#void#add#?,Node,Context#307	0.7201596806387225	0.0	0.36007984031936124		_
com.google.javascript.jscomp.CodeGenerator#void#add#?,Node,Context#302	0.7201596806387225	0.0	0.36007984031936124		_
com.google.javascript.jscomp.CodeGenerator#void#add#?,Node,Context#219	0.7160345974717233	0.0	0.35801729873586163		_
com.google.javascript.jscomp.CodeGenerator#void#add#?,Node,Context#218	0.7160345974717233	0.0	0.35801729873586163		_
com.google.javascript.jscomp.CodeGenerator#void#add#?,Node,Context#217	0.7160345974717233	0.0	0.35801729873586163		_
com.google.javascript.jscomp.CodeGenerator#void#add#?,Node,Context#216	0.7160345974717233	0.0	0.35801729873586163		_
com.google.javascript.jscomp.CodeConsumer#boolean#breakAfterBlockFor#?,Node,boolean#299	0.7124417831004657	0.0	0.35622089155023284		_
com.google.javascript.jscomp.CodeConsumer#void#appendBlockEnd#?#81	0.7108449767132402	0.0	0.3554224883566201		_
com.google.javascript.jscomp.CodeConsumer#void#appendBlockStart#?#77	0.7108449767132402	0.0	0.3554224883566201		_
com.google.javascript.jscomp.CodeGenerator#void#add#?,Node,Context#389	0.7075182967398537	0.0	0.35375914836992683		_
com.google.javascript.jscomp.CodeGenerator#void#add#?,Node,Context#361	0.7075182967398537	0.0	0.35375914836992683		_
com.google.javascript.jscomp.CodeConsumer#void#beginBlock#?#105	0.7057884231536926	0.0	0.3528942115768463		_
com.google.javascript.jscomp.CodeConsumer#void#beginBlock#?#107	0.7057884231536926	0.0	0.3528942115768463		_
com.google.javascript.jscomp.CodeConsumer#void#beginBlock#?#108	0.7057884231536926	0.0	0.3528942115768463		_
com.google.javascript.jscomp.CodeConsumer#void#endBlock#?,boolean#116	0.7057884231536926	0.0	0.3528942115768463		_
com.google.javascript.jscomp.CodeConsumer#void#endBlock#?,boolean#120	0.7057884231536926	0.0	0.3528942115768463		_
com.google.javascript.jscomp.Scope#boolean#isDeclared#?,String,boolean#566	0.679707252162342	0.0	0.339853626081171		_
com.google.javascript.jscomp.parsing.IRFactory$TransformDispatcher#Node#processGeneric#?,com.google.javascript.rhino.head.Node#395	0.5703260146373919	0.0	0.2851630073186959		_
com.google.javascript.jscomp.parsing.IRFactory$TransformDispatcher#Node#processGeneric#?,com.google.javascript.rhino.head.Node#394	0.5703260146373919	0.0	0.2851630073186959		_
com.google.javascript.jscomp.ExploitAssigns#boolean#collapseAssignEqualTo#?,Node,Node,Node#146	-1.330671989354624E-4	0.0	-6.65335994677312E-5		_
com.google.javascript.jscomp.ExploitAssigns#boolean#collapseAssignEqualTo#?,Node,Node,Node#132	-1.330671989354624E-4	0.0	-6.65335994677312E-5		_
com.google.javascript.jscomp.ExploitAssigns#boolean#collapseAssignEqualTo#?,Node,Node,Node#130	-1.330671989354624E-4	0.0	-6.65335994677312E-5		_
com.google.javascript.jscomp.ExploitAssigns#boolean#collapseAssignEqualTo#?,Node,Node,Node#129	-1.330671989354624E-4	0.0	-6.65335994677312E-5		_
com.google.javascript.jscomp.ExploitAssigns#boolean#collapseAssignEqualTo#?,Node,Node,Node#128	-1.330671989354624E-4	0.0	-6.65335994677312E-5		_
com.google.javascript.jscomp.PeepholeSubstituteAlternateSyntax#boolean#isFoldableExpressBlock#?,Node#937	-1.330671989354624E-4	0.0	-6.65335994677312E-5		_
com.google.javascript.jscomp.PeepholeSubstituteAlternateSyntax#boolean#isFoldableExpressBlock#?,Node#934	-1.330671989354624E-4	0.0	-6.65335994677312E-5		_
com.google.javascript.jscomp.DefaultPassConfig#List<PassFactory>#getOptimizations#?#407	-1.330671989354624E-4	0.0	-6.65335994677312E-5		_
com.google.javascript.jscomp.DefaultPassConfig#List<PassFactory>#getOptimizations#?#411	-1.330671989354624E-4	0.0	-6.65335994677312E-5		_
com.google.javascript.jscomp.AbstractCommandLineRunner#void#outputSourceMap#?,B,String#1178	-1.330671989354624E-4	0.0	-6.65335994677312E-5		_
com.google.javascript.jscomp.AbstractCommandLineRunner#void#outputSourceMap#?,B,String#1177	-1.330671989354624E-4	0.0	-6.65335994677312E-5		_
com.google.javascript.jscomp.AbstractCommandLineRunner#void#outputSourceMap#?,B,String#1176	-1.330671989354624E-4	0.0	-6.65335994677312E-5		_
com.google.javascript.jscomp.AbstractCommandLineRunner#void#outputSourceMap#?,B,String#1175	-1.330671989354624E-4	0.0	-6.65335994677312E-5		_
com.google.javascript.jscomp.parsing.JsDocInfoParser#Node#parseTypeExpression#?,JsDocToken#1717	-1.330671989354624E-4	0.0	-6.65335994677312E-5		_
com.google.javascript.jscomp.parsing.JsDocInfoParser#Node#parseTypeExpression#?,JsDocToken#1718	-1.330671989354624E-4	0.0	-6.65335994677312E-5		_
com.google.javascript.jscomp.PeepholeRemoveDeadCode#Node#tryFoldExpr#?,Node#144	-1.330671989354624E-4	0.0	-6.65335994677312E-5		_
com.google.javascript.jscomp.PeepholeRemoveDeadCode#Node#tryFoldExpr#?,Node#145	-1.330671989354624E-4	0.0	-6.65335994677312E-5		_
com.google.javascript.jscomp.PeepholeSubstituteAlternateSyntax#Node#tryReplaceIf#?,Node#346	-1.330671989354624E-4	0.0	-6.65335994677312E-5		_
com.google.javascript.jscomp.PeepholeRemoveDeadCode#Node#tryFoldExpr#?,Node#143	-1.330671989354624E-4	0.0	-6.65335994677312E-5		_
com.google.javascript.jscomp.PeepholeSubstituteAlternateSyntax#Node#tryReplaceIf#?,Node#334	-1.330671989354624E-4	0.0	-6.65335994677312E-5		_
com.google.javascript.jscomp.PeepholeSubstituteAlternateSyntax#Node#tryReplaceIf#?,Node#335	-1.330671989354624E-4	0.0	-6.65335994677312E-5		_
com.google.javascript.jscomp.PeepholeSubstituteAlternateSyntax#Node#tryReplaceIf#?,Node#332	-1.330671989354624E-4	0.0	-6.65335994677312E-5		_
com.google.javascript.jscomp.PeepholeSubstituteAlternateSyntax#Node#tryReplaceIf#?,Node#336	-1.330671989354624E-4	0.0	-6.65335994677312E-5		_
com.google.javascript.jscomp.PeepholeSubstituteAlternateSyntax#Node#tryReplaceIf#?,Node#331	-1.330671989354624E-4	0.0	-6.65335994677312E-5		_
com.google.javascript.jscomp.PeepholeSubstituteAlternateSyntax#Node#tryReplaceIf#?,Node#330	-1.330671989354624E-4	0.0	-6.65335994677312E-5		_
com.google.javascript.jscomp.Denormalize#void#maybeCollapseIntoForStatements#?,Node,Node#120	-1.330671989354624E-4	0.0	-6.65335994677312E-5		_
com.google.javascript.jscomp.Denormalize#void#maybeCollapseIntoForStatements#?,Node,Node#119	-1.330671989354624E-4	0.0	-6.65335994677312E-5		_
com.google.javascript.jscomp.Denormalize#void#maybeCollapseIntoForStatements#?,Node,Node#118	-1.330671989354624E-4	0.0	-6.65335994677312E-5		_
com.google.javascript.jscomp.Denormalize#void#maybeCollapseIntoForStatements#?,Node,Node#105	-1.330671989354624E-4	0.0	-6.65335994677312E-5		_
com.google.javascript.jscomp.DefaultPassConfig#List<PassFactory>#getOptimizations#?#384	-1.330671989354624E-4	0.0	-6.65335994677312E-5		_
com.google.javascript.jscomp.CommandLineRunner#void#initConfigFromFlags#?,String[],PrintStream#694	-1.330671989354624E-4	0.0	-6.65335994677312E-5		_
com.google.javascript.jscomp.CommandLineRunner#void#initConfigFromFlags#?,String[],PrintStream#693	-1.330671989354624E-4	0.0	-6.65335994677312E-5		_
com.google.javascript.jscomp.PeepholeFoldConstants#Node#tryFoldAssign#?,Node,Node,Node#498	-1.330671989354624E-4	0.0	-6.65335994677312E-5		_
com.google.javascript.jscomp.PeepholeFoldConstants#Node#tryFoldAssign#?,Node,Node,Node#493	-1.330671989354624E-4	0.0	-6.65335994677312E-5		_
com.google.javascript.jscomp.PeepholeFoldConstants#Node#tryFoldAssign#?,Node,Node,Node#492	-1.330671989354624E-4	0.0	-6.65335994677312E-5		_
com.google.javascript.jscomp.PeepholeFoldConstants#Node#tryFoldAssign#?,Node,Node,Node#499	-1.330671989354624E-4	0.0	-6.65335994677312E-5		_
com.google.javascript.jscomp.DefaultPassConfig#List<PassFactory>#getOptimizations#?#504	-1.330671989354624E-4	0.0	-6.65335994677312E-5		_
com.google.javascript.rhino.jstype.InstanceObjectType#int#hashCode#?#178	-1.330671989354624E-4	0.0	-6.65335994677312E-5		_
com.google.javascript.jscomp.CodeGenerator#String#identifierEscape#?,String#1118	-1.330671989354624E-4	0.0	-6.65335994677312E-5		_
com.google.javascript.jscomp.CodeGenerator#String#identifierEscape#?,String#1119	-1.330671989354624E-4	0.0	-6.65335994677312E-5		_
com.google.javascript.jscomp.PeepholeFoldConstants#Node#tryFoldAssign#?,Node,Node,Node#473	-1.330671989354624E-4	0.0	-6.65335994677312E-5		_
com.google.javascript.jscomp.CodeGenerator#String#identifierEscape#?,String#1121	-1.330671989354624E-4	0.0	-6.65335994677312E-5		_
com.google.javascript.jscomp.CodeGenerator#String#identifierEscape#?,String#1124	-1.330671989354624E-4	0.0	-6.65335994677312E-5		_
com.google.javascript.jscomp.CodeGenerator#String#identifierEscape#?,String#1113	-1.330671989354624E-4	0.0	-6.65335994677312E-5		_
com.google.javascript.jscomp.CodeGenerator#String#identifierEscape#?,String#1114	-1.330671989354624E-4	0.0	-6.65335994677312E-5		_
com.google.javascript.jscomp.CodeGenerator#String#identifierEscape#?,String#1112	-1.330671989354624E-4	0.0	-6.65335994677312E-5		_
com.google.javascript.jscomp.parsing.IRFactory#int#transformTokenType#?,int#1256	-1.330671989354624E-4	0.0	-6.65335994677312E-5		_
com.google.javascript.jscomp.ProcessClosurePrimitives#boolean#verifyArgument#?,NodeTraversal,Node,Node,int#730	-1.330671989354624E-4	0.0	-6.65335994677312E-5		_
com.google.javascript.jscomp.PeepholeFoldConstants#Node#tryFoldAssign#?,Node,Node,Node#511	-1.330671989354624E-4	0.0	-6.65335994677312E-5		_
com.google.javascript.jscomp.PeepholeFoldConstants#Node#tryFoldAssign#?,Node,Node,Node#510	-1.330671989354624E-4	0.0	-6.65335994677312E-5		_
com.google.javascript.jscomp.Compiler#void#processAMDAndCommonJSModules#?#1478	-1.330671989354624E-4	0.0	-6.65335994677312E-5		_
com.google.javascript.jscomp.Compiler#void#processAMDAndCommonJSModules#?#1476	-1.330671989354624E-4	0.0	-6.65335994677312E-5		_
com.google.javascript.jscomp.GlobalNamespace$BuildGlobalNamespace#boolean#maybeHandlePrototypePrefix#?,NodeTraversal,Node,Node,String#800	-1.330671989354624E-4	0.0	-6.65335994677312E-5		_
com.google.javascript.jscomp.GlobalNamespace$BuildGlobalNamespace#boolean#maybeHandlePrototypePrefix#?,NodeTraversal,Node,Node,String#801	-1.330671989354624E-4	0.0	-6.65335994677312E-5		_
com.google.javascript.jscomp.GlobalNamespace$BuildGlobalNamespace#boolean#maybeHandlePrototypePrefix#?,NodeTraversal,Node,Node,String#802	-1.330671989354624E-4	0.0	-6.65335994677312E-5		_
com.google.javascript.jscomp.NodeUtil#boolean#evaluatesToLocalValue#?,Node,Predicate<Node>#2915	-1.330671989354624E-4	0.0	-6.65335994677312E-5		_
com.google.javascript.jscomp.NodeUtil#boolean#evaluatesToLocalValue#?,Node,Predicate<Node>#2918	-1.330671989354624E-4	0.0	-6.65335994677312E-5		_
com.google.javascript.jscomp.NodeUtil#boolean#evaluatesToLocalValue#?,Node,Predicate<Node>#2916	-1.330671989354624E-4	0.0	-6.65335994677312E-5		_
com.google.javascript.jscomp.NodeUtil#boolean#evaluatesToLocalValue#?,Node,Predicate<Node>#2944	-1.330671989354624E-4	0.0	-6.65335994677312E-5		_
com.google.javascript.jscomp.DefaultPassConfig#List<PassFactory>#getOptimizations#?#462	-1.330671989354624E-4	0.0	-6.65335994677312E-5		_
com.google.javascript.jscomp.AbstractCommandLineRunner#void#createDefineOrTweakReplacements#?,List<String>,CompilerOptions,boolean#1332	-1.330671989354624E-4	0.0	-6.65335994677312E-5		_
com.google.javascript.jscomp.AbstractCommandLineRunner#void#createDefineOrTweakReplacements#?,List<String>,CompilerOptions,boolean#1334	-1.330671989354624E-4	0.0	-6.65335994677312E-5		_
com.google.javascript.jscomp.AbstractCommandLineRunner#int#processResults#?,Result,List<JSModule>,B#780	-1.330671989354624E-4	0.0	-6.65335994677312E-5		_
com.google.javascript.jscomp.AbstractCommandLineRunner#int#processResults#?,Result,List<JSModule>,B#781	-1.330671989354624E-4	0.0	-6.65335994677312E-5		_
com.google.javascript.jscomp.AbstractCommandLineRunner#int#processResults#?,Result,List<JSModule>,B#778	-1.330671989354624E-4	0.0	-6.65335994677312E-5		_
com.google.javascript.jscomp.AbstractCommandLineRunner#int#processResults#?,Result,List<JSModule>,B#777	-1.330671989354624E-4	0.0	-6.65335994677312E-5		_
com.google.javascript.jscomp.AbstractCommandLineRunner#int#processResults#?,Result,List<JSModule>,B#774	-1.330671989354624E-4	0.0	-6.65335994677312E-5		_
com.google.javascript.jscomp.CodeGenerator#void#addNonEmptyStatement#?,Node,Context,boolean#813	-1.330671989354624E-4	0.0	-6.65335994677312E-5		_
com.google.javascript.jscomp.CodeGenerator#void#addNonEmptyStatement#?,Node,Context,boolean#814	-1.330671989354624E-4	0.0	-6.65335994677312E-5		_
com.google.javascript.rhino.Token#String#name#?,int#201	-1.330671989354624E-4	0.0	-6.65335994677312E-5		_
com.google.javascript.rhino.Token#String#name#?,int#203	-1.330671989354624E-4	0.0	-6.65335994677312E-5		_
com.google.javascript.rhino.Token#String#name#?,int#204	-1.330671989354624E-4	0.0	-6.65335994677312E-5		_
com.google.javascript.rhino.Token#String#name#?,int#206	-1.330671989354624E-4	0.0	-6.65335994677312E-5		_
com.google.javascript.jscomp.AbstractCommandLineRunner#void#createDefineOrTweakReplacements#?,List<String>,CompilerOptions,boolean#1308	-1.330671989354624E-4	0.0	-6.65335994677312E-5		_
com.google.javascript.jscomp.AbstractCommandLineRunner#void#createDefineOrTweakReplacements#?,List<String>,CompilerOptions,boolean#1303	-1.330671989354624E-4	0.0	-6.65335994677312E-5		_
com.google.javascript.jscomp.AbstractCommandLineRunner#void#createDefineOrTweakReplacements#?,List<String>,CompilerOptions,boolean#1306	-1.330671989354624E-4	0.0	-6.65335994677312E-5		_
com.google.javascript.rhino.Token#String#name#?,int#248	-1.330671989354624E-4	0.0	-6.65335994677312E-5		_
com.google.javascript.jscomp.PeepholeFoldConstants#Node#tryFoldGetProp#?,Node,Node,Node#1389	-1.330671989354624E-4	0.0	-6.65335994677312E-5		_
com.google.javascript.jscomp.PeepholeFoldConstants#Node#tryFoldGetProp#?,Node,Node,Node#1388	-1.330671989354624E-4	0.0	-6.65335994677312E-5		_
com.google.javascript.jscomp.PeepholeFoldConstants#Node#tryFoldGetProp#?,Node,Node,Node#1386	-1.330671989354624E-4	0.0	-6.65335994677312E-5		_
com.google.javascript.jscomp.PeepholeFoldConstants#Node#tryFoldGetProp#?,Node,Node,Node#1384	-1.330671989354624E-4	0.0	-6.65335994677312E-5		_
com.google.javascript.jscomp.AbstractCommandLineRunner#void#createDefineOrTweakReplacements#?,List<String>,CompilerOptions,boolean#1328	-1.330671989354624E-4	0.0	-6.65335994677312E-5		_
com.google.javascript.jscomp.AbstractCommandLineRunner#void#createDefineOrTweakReplacements#?,List<String>,CompilerOptions,boolean#1329	-1.330671989354624E-4	0.0	-6.65335994677312E-5		_
com.google.javascript.rhino.Token#String#name#?,int#222	-1.330671989354624E-4	0.0	-6.65335994677312E-5		_
com.google.javascript.jscomp.PeepholeFoldConstants#Node#tryFoldGetProp#?,Node,Node,Node#1392	-1.330671989354624E-4	0.0	-6.65335994677312E-5		_
com.google.javascript.jscomp.PeepholeFoldConstants#Node#tryFoldGetProp#?,Node,Node,Node#1391	-1.330671989354624E-4	0.0	-6.65335994677312E-5		_
com.google.javascript.jscomp.Compiler#T#runCallable#?,Callable<T>,boolean,boolean#654	-1.330671989354624E-4	0.0	-6.65335994677312E-5		_
com.google.javascript.jscomp.NodeUtil#boolean#functionCallHasSideEffects#?,Node,AbstractCompiler#1037	-1.330671989354624E-4	0.0	-6.65335994677312E-5		_
com.google.javascript.jscomp.NodeUtil#boolean#functionCallHasSideEffects#?,Node,AbstractCompiler#1036	-1.330671989354624E-4	0.0	-6.65335994677312E-5		_
com.google.javascript.jscomp.NodeUtil#boolean#functionCallHasSideEffects#?,Node,AbstractCompiler#1039	-1.330671989354624E-4	0.0	-6.65335994677312E-5		_
com.google.javascript.jscomp.graph.Graph#T#getNodeOrFail#?,N#222	-1.330671989354624E-4	0.0	-6.65335994677312E-5		_
com.google.javascript.jscomp.PeepholeFoldConstants#Node#tryFoldBinaryOperator#?,Node#121	-1.330671989354624E-4	0.0	-6.65335994677312E-5		_
com.google.javascript.jscomp.deps.SortedDependencies#List<T>#topologicalStableSort#?,List<T>,Multimap<T,T>#244	-1.330671989354624E-4	0.0	-6.65335994677312E-5		_
com.google.javascript.jscomp.NodeUtil#boolean#functionCallHasSideEffects#?,Node,AbstractCompiler#1012	-1.330671989354624E-4	0.0	-6.65335994677312E-5		_
com.google.javascript.jscomp.DataFlowAnalysis#void#analyze#?,int#206	-1.330671989354624E-4	0.0	-6.65335994677312E-5		_
com.google.javascript.jscomp.CoalesceVariableNames#void#visit#?,NodeTraversal,Node,Node#203	-1.330671989354624E-4	0.0	-6.65335994677312E-5		_
com.google.javascript.jscomp.CoalesceVariableNames#void#visit#?,NodeTraversal,Node,Node#204	-1.330671989354624E-4	0.0	-6.65335994677312E-5		_
com.google.javascript.jscomp.CoalesceVariableNames#void#visit#?,NodeTraversal,Node,Node#206	-1.330671989354624E-4	0.0	-6.65335994677312E-5		_
com.google.javascript.jscomp.CoalesceVariableNames#void#visit#?,NodeTraversal,Node,Node#207	-1.330671989354624E-4	0.0	-6.65335994677312E-5		_
com.google.javascript.jscomp.CoalesceVariableNames#void#visit#?,NodeTraversal,Node,Node#200	-1.330671989354624E-4	0.0	-6.65335994677312E-5		_
com.google.javascript.jscomp.ScopedAliases$Traversal#void#visit#?,NodeTraversal,Node,Node#348	-1.330671989354624E-4	0.0	-6.65335994677312E-5		_
com.google.javascript.jscomp.ScopedAliases$Traversal#void#visit#?,NodeTraversal,Node,Node#355	-1.330671989354624E-4	0.0	-6.65335994677312E-5		_
com.google.javascript.jscomp.ScopedAliases$Traversal#void#visit#?,NodeTraversal,Node,Node#357	-1.330671989354624E-4	0.0	-6.65335994677312E-5		_
com.google.javascript.jscomp.ScopedAliases$Traversal#void#visit#?,NodeTraversal,Node,Node#353	-1.330671989354624E-4	0.0	-6.65335994677312E-5		_
com.google.javascript.jscomp.ShadowVariables$DoShadowVariables#void#enterScope#?,NodeTraversal#198	-1.330671989354624E-4	0.0	-6.65335994677312E-5		_
com.google.javascript.jscomp.PeepholeSubstituteAlternateSyntax#Node#tryMinimizeCondition#?,Node#1162	-1.330671989354624E-4	0.0	-6.65335994677312E-5		_
com.google.javascript.jscomp.PeepholeSubstituteAlternateSyntax#Node#tryMinimizeCondition#?,Node#1158	-1.330671989354624E-4	0.0	-6.65335994677312E-5		_
com.google.javascript.jscomp.PeepholeSubstituteAlternateSyntax#Node#tryMinimizeCondition#?,Node#1157	-1.330671989354624E-4	0.0	-6.65335994677312E-5		_
com.google.javascript.jscomp.parsing.JsDocInfoParser#Node#parseParamTypeExpressionAnnotation#?,JsDocToken#1580	-1.330671989354624E-4	0.0	-6.65335994677312E-5		_
com.google.javascript.jscomp.PeepholeSubstituteAlternateSyntax#Node#tryMinimizeCondition#?,Node#1170	-1.330671989354624E-4	0.0	-6.65335994677312E-5		_
com.google.javascript.jscomp.PeepholeSubstituteAlternateSyntax#Node#tryMinimizeCondition#?,Node#1175	-1.330671989354624E-4	0.0	-6.65335994677312E-5		_
com.google.javascript.jscomp.PeepholeSubstituteAlternateSyntax#Node#tryMinimizeCondition#?,Node#1176	-1.330671989354624E-4	0.0	-6.65335994677312E-5		_
com.google.javascript.jscomp.PeepholeSubstituteAlternateSyntax#Node#tryMinimizeCondition#?,Node#1169	-1.330671989354624E-4	0.0	-6.65335994677312E-5		_
com.google.javascript.jscomp.CheckAccidentalSemicolon#void#visit#?,NodeTraversal,Node,Node#68	-1.330671989354624E-4	0.0	-6.65335994677312E-5		_
com.google.javascript.jscomp.CoalesceVariableNames#void#visit#?,NodeTraversal,Node,Node#197	-1.330671989354624E-4	0.0	-6.65335994677312E-5		_
com.google.javascript.jscomp.CoalesceVariableNames#void#visit#?,NodeTraversal,Node,Node#199	-1.330671989354624E-4	0.0	-6.65335994677312E-5		_
com.google.javascript.rhino.Node#boolean#isEquivalentTo#?,Node,boolean,boolean#1537	-1.330671989354624E-4	0.0	-6.65335994677312E-5		_
com.google.javascript.rhino.Node#boolean#isEquivalentTo#?,Node,boolean,boolean#1530	-1.330671989354624E-4	0.0	-6.65335994677312E-5		_
com.google.javascript.jscomp.CheckAccidentalSemicolon#void#visit#?,NodeTraversal,Node,Node#67	-1.330671989354624E-4	0.0	-6.65335994677312E-5		_
com.google.javascript.rhino.Node#boolean#isEquivalentTo#?,Node,boolean,boolean#1523	-1.330671989354624E-4	0.0	-6.65335994677312E-5		_
com.google.javascript.jscomp.ProcessClosurePrimitives$ProvidedName#void#replace#?#936	-1.330671989354624E-4	0.0	-6.65335994677312E-5		_
com.google.javascript.jscomp.Compiler#Node#parseInputs#?#1328	-1.330671989354624E-4	0.0	-6.65335994677312E-5		_
com.google.javascript.jscomp.Compiler#Node#parseInputs#?#1313	-1.330671989354624E-4	0.0	-6.65335994677312E-5		_
com.google.javascript.jscomp.Compiler#Node#parseInputs#?#1312	-1.330671989354624E-4	0.0	-6.65335994677312E-5		_
com.google.javascript.jscomp.CompilerOptions#Map<String,Node>#getReplacementsHelper#?,Map<String,Object>#967	-1.330671989354624E-4	0.0	-6.65335994677312E-5		_
com.google.javascript.jscomp.CompilerOptions#Map<String,Node>#getReplacementsHelper#?,Map<String,Object>#965	-1.330671989354624E-4	0.0	-6.65335994677312E-5		_
com.google.javascript.jscomp.Compiler#Node#parseInputs#?#1308	-1.330671989354624E-4	0.0	-6.65335994677312E-5		_
com.google.javascript.jscomp.Compiler#void#hoistExterns#?,Node#1380	-1.330671989354624E-4	0.0	-6.65335994677312E-5		_
com.google.javascript.rhino.Token#String#name#?,int#187	-1.330671989354624E-4	0.0	-6.65335994677312E-5		_
com.google.javascript.jscomp.PeepholeSubstituteAlternateSyntax#Node#tryMinimizeCondition#?,Node#1263	-1.330671989354624E-4	0.0	-6.65335994677312E-5		_
com.google.javascript.rhino.Token#String#name#?,int#184	-1.330671989354624E-4	0.0	-6.65335994677312E-5		_
com.google.javascript.jscomp.PeepholeSubstituteAlternateSyntax#Node#tryMinimizeCondition#?,Node#1264	-1.330671989354624E-4	0.0	-6.65335994677312E-5		_
com.google.javascript.jscomp.PeepholeSubstituteAlternateSyntax#Node#tryMinimizeCondition#?,Node#1272	-1.330671989354624E-4	0.0	-6.65335994677312E-5		_
com.google.javascript.jscomp.PeepholeSubstituteAlternateSyntax#Node#tryMinimizeCondition#?,Node#1273	-1.330671989354624E-4	0.0	-6.65335994677312E-5		_
com.google.javascript.jscomp.PeepholeSubstituteAlternateSyntax#Node#tryMinimizeCondition#?,Node#1269	-1.330671989354624E-4	0.0	-6.65335994677312E-5		_
com.google.javascript.jscomp.PeepholeSubstituteAlternateSyntax#Node#tryMinimizeCondition#?,Node#1268	-1.330671989354624E-4	0.0	-6.65335994677312E-5		_
com.google.javascript.jscomp.parsing.IRFactory$TransformDispatcher#Node#processObjectLiteral#?,ObjectLiteral#836	-1.330671989354624E-4	0.0	-6.65335994677312E-5		_
com.google.javascript.jscomp.parsing.IRFactory$TransformDispatcher#Node#processObjectLiteral#?,ObjectLiteral#830	-1.330671989354624E-4	0.0	-6.65335994677312E-5		_
com.google.javascript.jscomp.Compiler#boolean#areNodesEqualForInlining#?,Node,Node#985	-1.330671989354624E-4	0.0	-6.65335994677312E-5		_
com.google.javascript.jscomp.RenameVars$ProcessVars#void#visit#?,NodeTraversal,Node,Node#253	-1.330671989354624E-4	0.0	-6.65335994677312E-5		_
com.google.javascript.jscomp.DefaultPassConfig#List<PassFactory>#getOptimizations#?#640	-1.330671989354624E-4	0.0	-6.65335994677312E-5		_
com.google.javascript.jscomp.CodeGenerator#?#CodeGenerator#?,CodeConsumer,Charset#58	-1.330671989354624E-4	0.0	-6.65335994677312E-5		_
com.google.javascript.jscomp.AbstractCommandLineRunner#void#setRunOptions#?,CompilerOptions#310	-1.330671989354624E-4	0.0	-6.65335994677312E-5		_
com.google.javascript.jscomp.AbstractCommandLineRunner#void#setRunOptions#?,CompilerOptions#309	-1.330671989354624E-4	0.0	-6.65335994677312E-5		_
com.google.javascript.jscomp.AbstractCommandLineRunner#void#setRunOptions#?,CompilerOptions#308	-1.330671989354624E-4	0.0	-6.65335994677312E-5		_
com.google.javascript.jscomp.DefaultPassConfig#List<PassFactory>#getMainOptimizationLoop#?#689	-1.330671989354624E-4	0.0	-6.65335994677312E-5		_
com.google.javascript.jscomp.DefaultPassConfig#List<PassFactory>#getOptimizations#?#585	-1.330671989354624E-4	0.0	-6.65335994677312E-5		_
com.google.javascript.jscomp.AstValidator#void#validateChildCount#?,Node,int#784	-1.330671989354624E-4	0.0	-6.65335994677312E-5		_
com.google.javascript.jscomp.ClosureCodeRemoval#void#process#?,Node,Node#223	-1.330671989354624E-4	0.0	-6.65335994677312E-5		_
com.google.javascript.jscomp.ClosureCodeRemoval#void#process#?,Node,Node#221	-1.330671989354624E-4	0.0	-6.65335994677312E-5		_
com.google.javascript.jscomp.parsing.IRFactory$TransformDispatcher#Node#processVariableDeclaration#?,VariableDeclaration#1065	-1.330671989354624E-4	0.0	-6.65335994677312E-5		_
com.google.javascript.jscomp.StatementFusion#boolean#canFuseIntoOneStatement#?,Node#75	-1.330671989354624E-4	0.0	-6.65335994677312E-5		_
com.google.javascript.jscomp.StatementFusion#boolean#canFuseIntoOneStatement#?,Node#77	-1.330671989354624E-4	0.0	-6.65335994677312E-5		_
com.google.javascript.jscomp.PeepholeRemoveDeadCode#Node#trySimplifyUnusedResult#?,Node,boolean#191	-1.330671989354624E-4	0.0	-6.65335994677312E-5		_
com.google.javascript.jscomp.MaybeReachingVariableUse#void#computeMayUse#?,Node,Node,ReachingUses,boolean#199	-1.330671989354624E-4	0.0	-6.65335994677312E-5		_
com.google.javascript.jscomp.MaybeReachingVariableUse#void#computeMayUse#?,Node,Node,ReachingUses,boolean#198	-1.330671989354624E-4	0.0	-6.65335994677312E-5		_
com.google.javascript.jscomp.MaybeReachingVariableUse#void#computeMayUse#?,Node,Node,ReachingUses,boolean#197	-1.330671989354624E-4	0.0	-6.65335994677312E-5		_
com.google.javascript.jscomp.MaybeReachingVariableUse#void#computeMayUse#?,Node,Node,ReachingUses,boolean#196	-1.330671989354624E-4	0.0	-6.65335994677312E-5		_
com.google.javascript.jscomp.TransformAMDToCJSModule$TransformAMDModulesCallback#void#visit#?,NodeTraversal,Node,Node#91	-1.330671989354624E-4	0.0	-6.65335994677312E-5		_
com.google.javascript.jscomp.PeepholeRemoveDeadCode#Node#trySimplifyUnusedResult#?,Node,boolean#228	-1.330671989354624E-4	0.0	-6.65335994677312E-5		_
com.google.javascript.jscomp.TransformAMDToCJSModule$TransformAMDModulesCallback#void#visit#?,NodeTraversal,Node,Node#94	-1.330671989354624E-4	0.0	-6.65335994677312E-5		_
com.google.javascript.jscomp.TransformAMDToCJSModule$TransformAMDModulesCallback#void#visit#?,NodeTraversal,Node,Node#95	-1.330671989354624E-4	0.0	-6.65335994677312E-5		_
com.google.javascript.jscomp.SyntacticScopeCreator$DefaultRedeclarationHandler#void#onRedeclaration#?,Scope,String,Node,CompilerInput#221	-1.330671989354624E-4	0.0	-6.65335994677312E-5		_
com.google.javascript.jscomp.PeepholeRemoveDeadCode#Node#trySimplifyUnusedResult#?,Node,boolean#266	-1.330671989354624E-4	0.0	-6.65335994677312E-5		_
com.google.javascript.jscomp.PeepholeRemoveDeadCode#Node#trySimplifyUnusedResult#?,Node,boolean#265	-1.330671989354624E-4	0.0	-6.65335994677312E-5		_
com.google.javascript.jscomp.AbstractCommandLineRunner#void#setRunOptions#?,CompilerOptions#297	-1.330671989354624E-4	0.0	-6.65335994677312E-5		_
com.google.javascript.jscomp.SyntacticScopeCreator$DefaultRedeclarationHandler#void#onRedeclaration#?,Scope,String,Node,CompilerInput#204	-1.330671989354624E-4	0.0	-6.65335994677312E-5		_
com.google.javascript.jscomp.CommandLineRunner#List<String>#processArgs#?,String[]#617	-1.330671989354624E-4	0.0	-6.65335994677312E-5		_
com.google.javascript.jscomp.AbstractCommandLineRunner#void#setRunOptions#?,CompilerOptions#232	-1.330671989354624E-4	0.0	-6.65335994677312E-5		_
com.google.javascript.jscomp.SyntacticScopeCreator#void#scanVars#?,Node,Node#138	-1.330671989354624E-4	0.0	-6.65335994677312E-5		_
com.google.javascript.jscomp.PeepholeSubstituteAlternateSyntax#Node#tryMinimizeIf#?,Node#828	-1.330671989354624E-4	0.0	-6.65335994677312E-5		_
com.google.javascript.jscomp.PeepholeSubstituteAlternateSyntax#Node#tryMinimizeIf#?,Node#827	-1.330671989354624E-4	0.0	-6.65335994677312E-5		_
com.google.javascript.jscomp.PeepholeSubstituteAlternateSyntax#Node#tryMinimizeIf#?,Node#826	-1.330671989354624E-4	0.0	-6.65335994677312E-5		_
com.google.javascript.jscomp.PeepholeSubstituteAlternateSyntax#Node#tryMinimizeIf#?,Node#825	-1.330671989354624E-4	0.0	-6.65335994677312E-5		_
com.google.javascript.jscomp.PeepholeSubstituteAlternateSyntax#Node#tryMinimizeIf#?,Node#824	-1.330671989354624E-4	0.0	-6.65335994677312E-5		_
com.google.javascript.jscomp.PeepholeSubstituteAlternateSyntax#Node#tryMinimizeIf#?,Node#822	-1.330671989354624E-4	0.0	-6.65335994677312E-5		_
com.google.javascript.jscomp.PeepholeSubstituteAlternateSyntax#Node#tryMinimizeIf#?,Node#821	-1.330671989354624E-4	0.0	-6.65335994677312E-5		_
com.google.javascript.jscomp.PeepholeSubstituteAlternateSyntax#Node#tryMinimizeIf#?,Node#820	-1.330671989354624E-4	0.0	-6.65335994677312E-5		_
com.google.javascript.jscomp.PeepholeSubstituteAlternateSyntax#Node#tryMinimizeIf#?,Node#819	-1.330671989354624E-4	0.0	-6.65335994677312E-5		_
com.google.javascript.jscomp.PeepholeSubstituteAlternateSyntax#Node#tryMinimizeIf#?,Node#847	-1.330671989354624E-4	0.0	-6.65335994677312E-5		_
com.google.javascript.jscomp.PeepholeSubstituteAlternateSyntax#Node#tryMinimizeIf#?,Node#846	-1.330671989354624E-4	0.0	-6.65335994677312E-5		_
com.google.javascript.jscomp.PeepholeSubstituteAlternateSyntax#Node#tryMinimizeIf#?,Node#845	-1.330671989354624E-4	0.0	-6.65335994677312E-5		_
com.google.javascript.jscomp.PeepholeSubstituteAlternateSyntax#Node#tryMinimizeIf#?,Node#849	-1.330671989354624E-4	0.0	-6.65335994677312E-5		_
com.google.javascript.jscomp.PeepholeSubstituteAlternateSyntax#Node#tryMinimizeIf#?,Node#844	-1.330671989354624E-4	0.0	-6.65335994677312E-5		_
com.google.javascript.rhino.JSDocInfoBuilder#boolean#recordThisType#?,JSTypeExpression#557	-1.330671989354624E-4	0.0	-6.65335994677312E-5		_
com.google.javascript.jscomp.ScopedAliases#void#hotSwapScript#?,Node,Node#121	-1.330671989354624E-4	0.0	-6.65335994677312E-5		_
com.google.javascript.jscomp.ProcessClosurePrimitives#boolean#verifyProvide#?,NodeTraversal,Node,Node#700	-1.330671989354624E-4	0.0	-6.65335994677312E-5		_
com.google.javascript.jscomp.CodeGenerator#void#add#?,Node,Context#453	-1.330671989354624E-4	0.0	-6.65335994677312E-5		_
com.google.javascript.jscomp.CodeGenerator#void#add#?,Node,Context#457	-1.330671989354624E-4	0.0	-6.65335994677312E-5		_
com.google.javascript.jscomp.TransformAMDToCJSModule$TransformAMDModulesCallback#void#visit#?,NodeTraversal,Node,Node#113	-1.330671989354624E-4	0.0	-6.65335994677312E-5		_
com.google.javascript.jscomp.TransformAMDToCJSModule$TransformAMDModulesCallback#void#visit#?,NodeTraversal,Node,Node#115	-1.330671989354624E-4	0.0	-6.65335994677312E-5		_
com.google.javascript.jscomp.TransformAMDToCJSModule$TransformAMDModulesCallback#void#visit#?,NodeTraversal,Node,Node#114	-1.330671989354624E-4	0.0	-6.65335994677312E-5		_
com.google.javascript.jscomp.TransformAMDToCJSModule$TransformAMDModulesCallback#void#visit#?,NodeTraversal,Node,Node#103	-1.330671989354624E-4	0.0	-6.65335994677312E-5		_
com.google.javascript.jscomp.TransformAMDToCJSModule$TransformAMDModulesCallback#void#visit#?,NodeTraversal,Node,Node#102	-1.330671989354624E-4	0.0	-6.65335994677312E-5		_
com.google.javascript.rhino.JSDocInfoBuilder#boolean#recordNoSideEffects#?#888	-1.330671989354624E-4	0.0	-6.65335994677312E-5		_
com.google.javascript.jscomp.Compiler#void#runCustomPasses#?,CustomPassExecutionTime#866	-1.330671989354624E-4	0.0	-6.65335994677312E-5		_
com.google.javascript.jscomp.Compiler#void#runCustomPasses#?,CustomPassExecutionTime#863	-1.330671989354624E-4	0.0	-6.65335994677312E-5		_
com.google.javascript.jscomp.Compiler#void#runCustomPasses#?,CustomPassExecutionTime#862	-1.330671989354624E-4	0.0	-6.65335994677312E-5		_
com.google.javascript.jscomp.Compiler#void#runCustomPasses#?,CustomPassExecutionTime#860	-1.330671989354624E-4	0.0	-6.65335994677312E-5		_
com.google.javascript.jscomp.TransformAMDToCJSModule$TransformAMDModulesCallback#void#visit#?,NodeTraversal,Node,Node#121	-1.330671989354624E-4	0.0	-6.65335994677312E-5		_
com.google.javascript.jscomp.TransformAMDToCJSModule$TransformAMDModulesCallback#void#visit#?,NodeTraversal,Node,Node#120	-1.330671989354624E-4	0.0	-6.65335994677312E-5		_
com.google.javascript.jscomp.ProcessClosurePrimitives#void#visit#?,NodeTraversal,Node,Node#262	-1.330671989354624E-4	0.0	-6.65335994677312E-5		_
com.google.javascript.jscomp.ProcessClosurePrimitives#void#visit#?,NodeTraversal,Node,Node#248	-1.330671989354624E-4	0.0	-6.65335994677312E-5		_
com.google.javascript.jscomp.ProcessClosurePrimitives#boolean#verifyProvide#?,NodeTraversal,Node,Node#694	-1.330671989354624E-4	0.0	-6.65335994677312E-5		_
com.google.javascript.jscomp.ProcessClosurePrimitives#boolean#verifyProvide#?,NodeTraversal,Node,Node#699	-1.330671989354624E-4	0.0	-6.65335994677312E-5		_
com.google.javascript.jscomp.PeepholeSubstituteAlternateSyntax#Node#tryMinimizeIf#?,Node#741	-1.330671989354624E-4	0.0	-6.65335994677312E-5		_
com.google.javascript.jscomp.PeepholeSubstituteAlternateSyntax#Node#tryMinimizeIf#?,Node#742	-1.330671989354624E-4	0.0	-6.65335994677312E-5		_
com.google.javascript.jscomp.PeepholeSubstituteAlternateSyntax#Node#tryMinimizeIf#?,Node#743	-1.330671989354624E-4	0.0	-6.65335994677312E-5		_
com.google.javascript.jscomp.PeepholeSubstituteAlternateSyntax#Node#tryMinimizeIf#?,Node#744	-1.330671989354624E-4	0.0	-6.65335994677312E-5		_
com.google.javascript.jscomp.PeepholeSubstituteAlternateSyntax#Node#tryMinimizeIf#?,Node#745	-1.330671989354624E-4	0.0	-6.65335994677312E-5		_
com.google.javascript.jscomp.PeepholeSubstituteAlternateSyntax#Node#tryMinimizeIf#?,Node#755	-1.330671989354624E-4	0.0	-6.65335994677312E-5		_
com.google.javascript.jscomp.PeepholeSubstituteAlternateSyntax#Node#tryMinimizeIf#?,Node#753	-1.330671989354624E-4	0.0	-6.65335994677312E-5		_
com.google.javascript.jscomp.PeepholeSubstituteAlternateSyntax#Node#tryMinimizeIf#?,Node#754	-1.330671989354624E-4	0.0	-6.65335994677312E-5		_
com.google.javascript.jscomp.PeepholeSubstituteAlternateSyntax#Node#tryMinimizeIf#?,Node#750	-1.330671989354624E-4	0.0	-6.65335994677312E-5		_
com.google.javascript.jscomp.CodeConsumer#void#addOp#?,String,boolean#226	-1.330671989354624E-4	0.0	-6.65335994677312E-5		_
com.google.javascript.jscomp.CheckSideEffects#void#visit#?,NodeTraversal,Node,Node#124	-1.330671989354624E-4	0.0	-6.65335994677312E-5		_
com.google.javascript.jscomp.CheckSideEffects#void#visit#?,NodeTraversal,Node,Node#107	-1.330671989354624E-4	0.0	-6.65335994677312E-5		_
com.google.javascript.jscomp.ProcessCommonJSModules#String#normalizeSourceName#?,String#116	-1.330671989354624E-4	0.0	-6.65335994677312E-5		_
com.google.javascript.jscomp.CheckSideEffects#void#visit#?,NodeTraversal,Node,Node#111	-1.330671989354624E-4	0.0	-6.65335994677312E-5		_
com.google.javascript.jscomp.Compiler#void#hoistNoCompileFiles#?#1424	-1.330671989354624E-4	0.0	-6.65335994677312E-5		_
com.google.javascript.jscomp.Compiler#void#hoistNoCompileFiles#?#1419	-1.330671989354624E-4	0.0	-6.65335994677312E-5		_
com.google.javascript.jscomp.Compiler#void#hoistNoCompileFiles#?#1418	-1.330671989354624E-4	0.0	-6.65335994677312E-5		_
com.google.javascript.jscomp.Compiler#void#hoistNoCompileFiles#?#1413	-1.330671989354624E-4	0.0	-6.65335994677312E-5		_
com.google.javascript.jscomp.PeepholeSubstituteAlternateSyntax#Node#tryMinimizeIf#?,Node#850	-1.330671989354624E-4	0.0	-6.65335994677312E-5		_
com.google.javascript.jscomp.PeepholeSubstituteAlternateSyntax#Node#tryMinimizeIf#?,Node#851	-1.330671989354624E-4	0.0	-6.65335994677312E-5		_
com.google.javascript.jscomp.PeepholeSubstituteAlternateSyntax#Node#tryMinimizeIf#?,Node#854	-1.330671989354624E-4	0.0	-6.65335994677312E-5		_
com.google.javascript.jscomp.PeepholeSubstituteAlternateSyntax#Node#tryMinimizeIf#?,Node#852	-1.330671989354624E-4	0.0	-6.65335994677312E-5		_
com.google.javascript.jscomp.NodeUtil#String#opToStr#?,int#2142	-1.330671989354624E-4	0.0	-6.65335994677312E-5		_
com.google.javascript.jscomp.NodeUtil#String#opToStr#?,int#2156	-1.330671989354624E-4	0.0	-6.65335994677312E-5		_
com.google.javascript.jscomp.NodeUtil#String#opToStr#?,int#2155	-1.330671989354624E-4	0.0	-6.65335994677312E-5		_
com.google.javascript.rhino.jstype.InstanceObjectType#boolean#defineProperty#?,String,JSType,boolean,Node#90	-1.330671989354624E-4	0.0	-6.65335994677312E-5		_
com.google.javascript.rhino.Node#int#mergeLineCharNo#?,int,int#1199	-1.330671989354624E-4	0.0	-6.65335994677312E-5		_
com.google.javascript.jscomp.PhaseOptimizer#void#maybeSanityCheck#?,Node,Node#232	-1.330671989354624E-4	0.0	-6.65335994677312E-5		_
com.google.javascript.jscomp.NodeUtil#String#opToStr#?,int#2163	-1.330671989354624E-4	0.0	-6.65335994677312E-5		_
com.google.javascript.jscomp.NodeUtil#String#opToStr#?,int#2164	-1.330671989354624E-4	0.0	-6.65335994677312E-5		_
com.google.javascript.jscomp.NodeUtil#TernaryValue#getImpureBooleanValue#?,Node#96	-1.330671989354624E-4	0.0	-6.65335994677312E-5		_
com.google.javascript.jscomp.NodeUtil#TernaryValue#getImpureBooleanValue#?,Node#98	-1.330671989354624E-4	0.0	-6.65335994677312E-5		_
com.google.javascript.jscomp.NodeUtil#TernaryValue#getImpureBooleanValue#?,Node#99	-1.330671989354624E-4	0.0	-6.65335994677312E-5		_
com.google.javascript.jscomp.ProcessDefines#Map<String,DefineInfo>#collectDefines#?,Node,GlobalNamespace#187	-1.330671989354624E-4	0.0	-6.65335994677312E-5		_
com.google.javascript.jscomp.ProcessDefines#Map<String,DefineInfo>#collectDefines#?,Node,GlobalNamespace#184	-1.330671989354624E-4	0.0	-6.65335994677312E-5		_
com.google.javascript.jscomp.CodePrinter$CompactCodePrinter#void#maybeLineBreak#?#468	-1.330671989354624E-4	0.0	-6.65335994677312E-5		_
com.google.javascript.jscomp.CodePrinter$CompactCodePrinter#void#maybeLineBreak#?#467	-1.330671989354624E-4	0.0	-6.65335994677312E-5		_
com.google.javascript.jscomp.Denormalize#void#maybeCollapseIntoForStatements#?,Node,Node#92	-1.330671989354624E-4	0.0	-6.65335994677312E-5		_
com.google.javascript.jscomp.Denormalize#void#maybeCollapseIntoForStatements#?,Node,Node#93	-1.330671989354624E-4	0.0	-6.65335994677312E-5		_
com.google.javascript.jscomp.Denormalize#void#maybeCollapseIntoForStatements#?,Node,Node#91	-1.330671989354624E-4	0.0	-6.65335994677312E-5		_
com.google.javascript.jscomp.Denormalize#void#maybeCollapseIntoForStatements#?,Node,Node#86	-1.330671989354624E-4	0.0	-6.65335994677312E-5		_
com.google.javascript.jscomp.Denormalize#void#maybeCollapseIntoForStatements#?,Node,Node#87	-1.330671989354624E-4	0.0	-6.65335994677312E-5		_
com.google.javascript.jscomp.AbstractCommandLineRunner#String#getLegacyOutputCharset#?#992	-1.330671989354624E-4	0.0	-6.65335994677312E-5		_
com.google.javascript.jscomp.AbstractCommandLineRunner#String#getLegacyOutputCharset#?#996	-1.330671989354624E-4	0.0	-6.65335994677312E-5		_
com.google.javascript.jscomp.NodeUtil#TernaryValue#getPureBooleanValue#?,Node#143	-1.330671989354624E-4	0.0	-6.65335994677312E-5		_
com.google.javascript.jscomp.PeepholeRemoveDeadCode#Node#optimizeSubtree#?,Node#71	-1.330671989354624E-4	0.0	-6.65335994677312E-5		_
com.google.javascript.jscomp.Compiler#void#setProgress#?,double#2345	-1.330671989354624E-4	0.0	-6.65335994677312E-5		_
com.google.javascript.jscomp.AbstractCommandLineRunner#void#writeOutput#?,Appendable,Compiler,String,String,String#667	-1.330671989354624E-4	0.0	-6.65335994677312E-5		_
com.google.javascript.jscomp.AbstractCommandLineRunner#void#writeOutput#?,Appendable,Compiler,String,String,String#664	-1.330671989354624E-4	0.0	-6.65335994677312E-5		_
com.google.javascript.jscomp.AbstractCommandLineRunner#void#writeOutput#?,Appendable,Compiler,String,String,String#665	-1.330671989354624E-4	0.0	-6.65335994677312E-5		_
com.google.javascript.jscomp.AbstractCommandLineRunner#void#writeOutput#?,Appendable,Compiler,String,String,String#662	-1.330671989354624E-4	0.0	-6.65335994677312E-5		_
com.google.javascript.jscomp.AbstractCommandLineRunner#void#writeOutput#?,Appendable,Compiler,String,String,String#655	-1.330671989354624E-4	0.0	-6.65335994677312E-5		_
com.google.javascript.jscomp.AbstractCommandLineRunner#void#writeOutput#?,Appendable,Compiler,String,String,String#657	-1.330671989354624E-4	0.0	-6.65335994677312E-5		_
com.google.javascript.jscomp.AbstractCommandLineRunner#void#writeOutput#?,Appendable,Compiler,String,String,String#670	-1.330671989354624E-4	0.0	-6.65335994677312E-5		_
com.google.javascript.jscomp.AbstractCommandLineRunner#void#writeOutput#?,Appendable,Compiler,String,String,String#674	-1.330671989354624E-4	0.0	-6.65335994677312E-5		_
com.google.javascript.rhino.JSDocInfo#boolean#declareParam#?,JSTypeExpression,String#898	-1.330671989354624E-4	0.0	-6.65335994677312E-5		_
com.google.javascript.jscomp.NodeUtil#TernaryValue#getImpureBooleanValue#?,Node#102	-1.330671989354624E-4	0.0	-6.65335994677312E-5		_
com.google.javascript.jscomp.NodeUtil#TernaryValue#getImpureBooleanValue#?,Node#100	-1.330671989354624E-4	0.0	-6.65335994677312E-5		_
com.google.javascript.rhino.Node#void#toString#?,StringBuilder,boolean,boolean,boolean#963	-1.330671989354624E-4	0.0	-6.65335994677312E-5		_
com.google.javascript.jscomp.CodeConsumer#void#add#?,String#200	-1.330671989354624E-4	0.0	-6.65335994677312E-5		_
com.google.javascript.jscomp.NodeUtil#boolean#isExpressionResultUsed#?,Node#3099	-1.330671989354624E-4	0.0	-6.65335994677312E-5		_
com.google.javascript.jscomp.MinimizeExitPoints#void#visit#?,NodeTraversal,Node,Node#77	-1.330671989354624E-4	0.0	-6.65335994677312E-5		_
com.google.javascript.jscomp.MinimizeExitPoints#void#visit#?,NodeTraversal,Node,Node#74	-1.330671989354624E-4	0.0	-6.65335994677312E-5		_
com.google.javascript.jscomp.CoalesceVariableNames#boolean#shouldOptimizeScope#?,Scope#102	-1.330671989354624E-4	0.0	-6.65335994677312E-5		_
com.google.javascript.jscomp.ReplaceCssNames$Traversal#void#visit#?,NodeTraversal,Node,Node#155	-1.330671989354624E-4	0.0	-6.65335994677312E-5		_
com.google.javascript.jscomp.MinimizeExitPoints#void#visit#?,NodeTraversal,Node,Node#66	-1.330671989354624E-4	0.0	-6.65335994677312E-5		_
com.google.javascript.jscomp.MinimizeExitPoints#void#visit#?,NodeTraversal,Node,Node#69	-1.330671989354624E-4	0.0	-6.65335994677312E-5		_
com.google.javascript.jscomp.MinimizeExitPoints#void#visit#?,NodeTraversal,Node,Node#70	-1.330671989354624E-4	0.0	-6.65335994677312E-5		_
com.google.javascript.jscomp.GlobalNamespace$BuildGlobalNamespace#void#collect#?,NodeTraversal,Node,Node#404	-1.330671989354624E-4	0.0	-6.65335994677312E-5		_
com.google.javascript.jscomp.ProcessDefines$CollectDefines#void#visit#?,NodeTraversal,Node,Node#333	-1.330671989354624E-4	0.0	-6.65335994677312E-5		_
com.google.javascript.jscomp.GlobalNamespace$BuildGlobalNamespace#void#collect#?,NodeTraversal,Node,Node#403	-1.330671989354624E-4	0.0	-6.65335994677312E-5		_
com.google.javascript.jscomp.ProcessDefines$CollectDefines#void#visit#?,NodeTraversal,Node,Node#345	-1.330671989354624E-4	0.0	-6.65335994677312E-5		_
com.google.javascript.jscomp.ProcessDefines$CollectDefines#void#visit#?,NodeTraversal,Node,Node#344	-1.330671989354624E-4	0.0	-6.65335994677312E-5		_
com.google.javascript.jscomp.ProcessClosurePrimitives#void#processProvideCall#?,NodeTraversal,Node,Node#330	-1.330671989354624E-4	0.0	-6.65335994677312E-5		_
com.google.javascript.jscomp.AbstractCommandLineRunner#List<SourceFile>#createSourceInputs#?,List<String>#450	-1.330671989354624E-4	0.0	-6.65335994677312E-5		_
com.google.javascript.jscomp.AbstractCommandLineRunner#List<SourceFile>#createSourceInputs#?,List<String>#451	-1.330671989354624E-4	0.0	-6.65335994677312E-5		_
com.google.javascript.jscomp.AbstractCommandLineRunner#List<SourceFile>#createSourceInputs#?,List<String>#456	-1.330671989354624E-4	0.0	-6.65335994677312E-5		_
com.google.javascript.jscomp.AbstractCommandLineRunner#List<SourceFile>#createSourceInputs#?,List<String>#454	-1.330671989354624E-4	0.0	-6.65335994677312E-5		_
com.google.javascript.jscomp.PeepholeFoldConstants#Node#optimizeSubtree#?,Node#81	-1.330671989354624E-4	0.0	-6.65335994677312E-5		_
com.google.javascript.jscomp.ReplaceCssNames$Traversal#void#visit#?,NodeTraversal,Node,Node#170	-1.330671989354624E-4	0.0	-6.65335994677312E-5		_
com.google.javascript.jscomp.ComposeWarningsGuard#void#addGuard#?,WarningsGuard#91	-1.330671989354624E-4	0.0	-6.65335994677312E-5		_
com.google.javascript.jscomp.CodeGenerator#String#strEscape#?,String,char,String,String,String,CharsetEncoder,boolean#1028	-1.330671989354624E-4	0.0	-6.65335994677312E-5		_
com.google.javascript.jscomp.CodeGenerator#String#strEscape#?,String,char,String,String,String,CharsetEncoder,boolean#1068	-1.330671989354624E-4	0.0	-6.65335994677312E-5		_
com.google.javascript.jscomp.CodePrinter$CompactCodePrinter#void#endFile#?#532	-1.330671989354624E-4	0.0	-6.65335994677312E-5		_
com.google.javascript.jscomp.CodePrinter$CompactCodePrinter#void#endFile#?#531	-1.330671989354624E-4	0.0	-6.65335994677312E-5		_
com.google.javascript.jscomp.CodePrinter$CompactCodePrinter#void#endFile#?#530	-1.330671989354624E-4	0.0	-6.65335994677312E-5		_
com.google.javascript.jscomp.CodePrinter$CompactCodePrinter#void#endFile#?#535	-1.330671989354624E-4	0.0	-6.65335994677312E-5		_
com.google.javascript.jscomp.CodePrinter$CompactCodePrinter#void#endFile#?#534	-1.330671989354624E-4	0.0	-6.65335994677312E-5		_
com.google.javascript.jscomp.CodePrinter$CompactCodePrinter#void#endFile#?#533	-1.330671989354624E-4	0.0	-6.65335994677312E-5		_
com.google.javascript.jscomp.CodeGenerator#String#strEscape#?,String,char,String,String,String,CharsetEncoder,boolean#1040	-1.330671989354624E-4	0.0	-6.65335994677312E-5		_
com.google.javascript.jscomp.CodeGenerator#String#strEscape#?,String,char,String,String,String,CharsetEncoder,boolean#1041	-1.330671989354624E-4	0.0	-6.65335994677312E-5		_
com.google.javascript.jscomp.CodePrinter$CompactCodePrinter#void#endFile#?#527	-1.330671989354624E-4	0.0	-6.65335994677312E-5		_
com.google.javascript.jscomp.CodePrinter$CompactCodePrinter#void#endFile#?#528	-1.330671989354624E-4	0.0	-6.65335994677312E-5		_
com.google.javascript.jscomp.CodePrinter$CompactCodePrinter#void#endFile#?#529	-1.330671989354624E-4	0.0	-6.65335994677312E-5		_
com.google.javascript.jscomp.CodeGenerator#String#strEscape#?,String,char,String,String,String,CharsetEncoder,boolean#1038	-1.330671989354624E-4	0.0	-6.65335994677312E-5		_
com.google.javascript.jscomp.CodePrinter$CompactCodePrinter#void#endFile#?#523	-1.330671989354624E-4	0.0	-6.65335994677312E-5		_
com.google.javascript.jscomp.CodeGenerator#String#strEscape#?,String,char,String,String,String,CharsetEncoder,boolean#1037	-1.330671989354624E-4	0.0	-6.65335994677312E-5		_
com.google.javascript.jscomp.CodePrinter$CompactCodePrinter#void#endFile#?#522	-1.330671989354624E-4	0.0	-6.65335994677312E-5		_
com.google.javascript.jscomp.CodePrinter$CompactCodePrinter#void#endFile#?#521	-1.330671989354624E-4	0.0	-6.65335994677312E-5		_
com.google.javascript.jscomp.CodePrinter$CompactCodePrinter#void#endFile#?#519	-1.330671989354624E-4	0.0	-6.65335994677312E-5		_
com.google.javascript.jscomp.CodeGenerator#String#strEscape#?,String,char,String,String,String,CharsetEncoder,boolean#1048	-1.330671989354624E-4	0.0	-6.65335994677312E-5		_
com.google.javascript.jscomp.GlobalNamespace$BuildGlobalNamespace#void#collect#?,NodeTraversal,Node,Node#370	-1.330671989354624E-4	0.0	-6.65335994677312E-5		_
com.google.javascript.jscomp.GlobalNamespace$BuildGlobalNamespace#void#collect#?,NodeTraversal,Node,Node#371	-1.330671989354624E-4	0.0	-6.65335994677312E-5		_
com.google.javascript.jscomp.GlobalNamespace$BuildGlobalNamespace#void#collect#?,NodeTraversal,Node,Node#369	-1.330671989354624E-4	0.0	-6.65335994677312E-5		_
com.google.javascript.rhino.JSDocInfo#void#setFlag#?,boolean,int#425	-1.330671989354624E-4	0.0	-6.65335994677312E-5		_
com.google.javascript.jscomp.ComposeWarningsGuard#CheckLevel#level#?,JSError#116	-1.330671989354624E-4	0.0	-6.65335994677312E-5		_
com.google.javascript.jscomp.AbstractCommandLineRunner$CommandLineConfig#CommandLineConfig#setOutputManifest#?,List<String>#1933	-1.330671989354624E-4	0.0	-6.65335994677312E-5		_
com.google.javascript.jscomp.CodeGenerator#void#add#?,Node,Context#618	-1.330671989354624E-4	0.0	-6.65335994677312E-5		_
com.google.javascript.jscomp.AbstractCommandLineRunner#Charset#getOutputCharset2#?#1007	-1.330671989354624E-4	0.0	-6.65335994677312E-5		_
com.google.javascript.jscomp.AbstractCommandLineRunner#Charset#getOutputCharset2#?#1011	-1.330671989354624E-4	0.0	-6.65335994677312E-5		_
com.google.javascript.jscomp.VarCheck#void#visit#?,NodeTraversal,Node,Node#188	-1.330671989354624E-4	0.0	-6.65335994677312E-5		_
com.google.javascript.jscomp.AbstractCommandLineRunner#Charset#getInputCharset#?#969	-1.330671989354624E-4	0.0	-6.65335994677312E-5		_
com.google.javascript.jscomp.PeepholeSubstituteAlternateSyntax#Node#tryMinimizeIf#?,Node#711	-1.330671989354624E-4	0.0	-6.65335994677312E-5		_
com.google.javascript.jscomp.PeepholeSubstituteAlternateSyntax#Node#tryMinimizeIf#?,Node#712	-1.330671989354624E-4	0.0	-6.65335994677312E-5		_
com.google.javascript.jscomp.PeepholeSubstituteAlternateSyntax#Node#tryMinimizeIf#?,Node#715	-1.330671989354624E-4	0.0	-6.65335994677312E-5		_
com.google.javascript.jscomp.AbstractCommandLineRunner#Charset#getInputCharset#?#973	-1.330671989354624E-4	0.0	-6.65335994677312E-5		_
com.google.javascript.jscomp.PeepholeSubstituteAlternateSyntax#Node#tryMinimizeIf#?,Node#706	-1.330671989354624E-4	0.0	-6.65335994677312E-5		_
com.google.javascript.jscomp.PeepholeSubstituteAlternateSyntax#Node#tryMinimizeIf#?,Node#705	-1.330671989354624E-4	0.0	-6.65335994677312E-5		_
com.google.javascript.jscomp.DefaultPassConfig#List<PassFactory>#getChecks#?#268	-1.330671989354624E-4	0.0	-6.65335994677312E-5		_
com.google.javascript.jscomp.CommandLineRunner#CompilerOptions#createOptions#?#763	-1.330671989354624E-4	0.0	-6.65335994677312E-5		_
com.google.javascript.jscomp.parsing.ParserRunner#Config#createConfig#?,boolean,LanguageMode,boolean,Set<String>#70	-1.330671989354624E-4	0.0	-6.65335994677312E-5		_
com.google.javascript.jscomp.parsing.ParserRunner#Config#createConfig#?,boolean,LanguageMode,boolean,Set<String>#69	-1.330671989354624E-4	0.0	-6.65335994677312E-5		_
com.google.javascript.jscomp.CommandLineRunner#CompilerOptions#createOptions#?#759	-1.330671989354624E-4	0.0	-6.65335994677312E-5		_
com.google.javascript.jscomp.MustBeReachingVariableDef#void#computeMustDef#?,Node,Node,MustDef,boolean#247	-1.330671989354624E-4	0.0	-6.65335994677312E-5		_
com.google.javascript.jscomp.MustBeReachingVariableDef#void#computeMustDef#?,Node,Node,MustDef,boolean#246	-1.330671989354624E-4	0.0	-6.65335994677312E-5		_
com.google.javascript.jscomp.MustBeReachingVariableDef#void#computeMustDef#?,Node,Node,MustDef,boolean#248	-1.330671989354624E-4	0.0	-6.65335994677312E-5		_
com.google.javascript.jscomp.PeepholeSubstituteAlternateSyntax#Node#tryMinimizeIf#?,Node#659	-1.330671989354624E-4	0.0	-6.65335994677312E-5		_
com.google.javascript.jscomp.MustBeReachingVariableDef#void#computeMustDef#?,Node,Node,MustDef,boolean#251	-1.330671989354624E-4	0.0	-6.65335994677312E-5		_
com.google.javascript.jscomp.MustBeReachingVariableDef#void#computeMustDef#?,Node,Node,MustDef,boolean#252	-1.330671989354624E-4	0.0	-6.65335994677312E-5		_
com.google.javascript.jscomp.deps.SortedDependencies#INPUT#getInputProviding#?,String#120	-1.330671989354624E-4	0.0	-6.65335994677312E-5		_
com.google.javascript.jscomp.VarCheck#void#visit#?,NodeTraversal,Node,Node#194	-1.330671989354624E-4	0.0	-6.65335994677312E-5		_
com.google.javascript.jscomp.ExploitAssigns#boolean#collapseAssignEqualTo#?,Node,Node,Node#127	-2.661343978709248E-4	0.0	-1.330671989354624E-4		_
com.google.javascript.jscomp.PeepholeFoldConstants#Node#tryFoldAssign#?,Node,Node,Node#531	-2.661343978709248E-4	0.0	-1.330671989354624E-4		_
com.google.javascript.jscomp.ProcessCommonJSModules$ProcessCommonJsModulesCallback#void#visitRequireCall#?,NodeTraversal,Node,Node#159	-2.661343978709248E-4	0.0	-1.330671989354624E-4		_
com.google.javascript.jscomp.PeepholeSubstituteAlternateSyntax#Node#tryReplaceIf#?,Node#359	-2.661343978709248E-4	0.0	-1.330671989354624E-4		_
com.google.javascript.jscomp.PeepholeSubstituteAlternateSyntax#Node#tryReplaceIf#?,Node#358	-2.661343978709248E-4	0.0	-1.330671989354624E-4		_
com.google.javascript.jscomp.PeepholeSubstituteAlternateSyntax#Node#tryReplaceIf#?,Node#357	-2.661343978709248E-4	0.0	-1.330671989354624E-4		_
com.google.javascript.jscomp.PeepholeSubstituteAlternateSyntax#Node#tryReplaceIf#?,Node#354	-2.661343978709248E-4	0.0	-1.330671989354624E-4		_
com.google.javascript.jscomp.PeepholeSubstituteAlternateSyntax#Node#tryReplaceIf#?,Node#352	-2.661343978709248E-4	0.0	-1.330671989354624E-4		_
com.google.javascript.jscomp.PeepholeSubstituteAlternateSyntax#Node#tryReplaceIf#?,Node#351	-2.661343978709248E-4	0.0	-1.330671989354624E-4		_
com.google.javascript.jscomp.PeepholeSubstituteAlternateSyntax#Node#tryReplaceIf#?,Node#349	-2.661343978709248E-4	0.0	-1.330671989354624E-4		_
com.google.javascript.jscomp.PeepholeSubstituteAlternateSyntax#Node#tryReplaceIf#?,Node#344	-2.661343978709248E-4	0.0	-1.330671989354624E-4		_
com.google.javascript.jscomp.PeepholeSubstituteAlternateSyntax#Node#tryReplaceIf#?,Node#343	-2.661343978709248E-4	0.0	-1.330671989354624E-4		_
com.google.javascript.jscomp.PeepholeSubstituteAlternateSyntax#Node#tryReplaceIf#?,Node#340	-2.661343978709248E-4	0.0	-1.330671989354624E-4		_
com.google.javascript.jscomp.PeepholeSubstituteAlternateSyntax#Node#tryReplaceIf#?,Node#342	-2.661343978709248E-4	0.0	-1.330671989354624E-4		_
com.google.javascript.jscomp.PeepholeSubstituteAlternateSyntax#Node#tryReplaceIf#?,Node#318	-2.661343978709248E-4	0.0	-1.330671989354624E-4		_
com.google.javascript.jscomp.PeepholeSubstituteAlternateSyntax#Node#tryReplaceIf#?,Node#319	-2.661343978709248E-4	0.0	-1.330671989354624E-4		_
com.google.javascript.jscomp.PeepholeSubstituteAlternateSyntax#Node#tryReplaceIf#?,Node#321	-2.661343978709248E-4	0.0	-1.330671989354624E-4		_
com.google.javascript.jscomp.PeepholeSubstituteAlternateSyntax#Node#tryReplaceIf#?,Node#322	-2.661343978709248E-4	0.0	-1.330671989354624E-4		_
com.google.javascript.jscomp.PeepholeSubstituteAlternateSyntax#Node#tryReplaceIf#?,Node#323	-2.661343978709248E-4	0.0	-1.330671989354624E-4		_
com.google.javascript.jscomp.PeepholeSubstituteAlternateSyntax#Node#tryReplaceIf#?,Node#324	-2.661343978709248E-4	0.0	-1.330671989354624E-4		_
com.google.javascript.jscomp.PeepholeSubstituteAlternateSyntax#Node#tryReplaceIf#?,Node#320	-2.661343978709248E-4	0.0	-1.330671989354624E-4		_
com.google.javascript.jscomp.Denormalize#void#maybeCollapseIntoForStatements#?,Node,Node#123	-2.661343978709248E-4	0.0	-1.330671989354624E-4		_
com.google.javascript.jscomp.Denormalize#void#maybeCollapseIntoForStatements#?,Node,Node#125	-2.661343978709248E-4	0.0	-1.330671989354624E-4		_
com.google.javascript.jscomp.Denormalize#void#maybeCollapseIntoForStatements#?,Node,Node#111	-2.661343978709248E-4	0.0	-1.330671989354624E-4		_
com.google.javascript.jscomp.Denormalize#void#maybeCollapseIntoForStatements#?,Node,Node#110	-2.661343978709248E-4	0.0	-1.330671989354624E-4		_
com.google.javascript.jscomp.Denormalize#void#maybeCollapseIntoForStatements#?,Node,Node#115	-2.661343978709248E-4	0.0	-1.330671989354624E-4		_
com.google.javascript.jscomp.Denormalize#void#maybeCollapseIntoForStatements#?,Node,Node#113	-2.661343978709248E-4	0.0	-1.330671989354624E-4		_
com.google.javascript.jscomp.Denormalize#void#maybeCollapseIntoForStatements#?,Node,Node#114	-2.661343978709248E-4	0.0	-1.330671989354624E-4		_
com.google.javascript.jscomp.DefaultPassConfig#List<PassFactory>#getOptimizations#?#392	-2.661343978709248E-4	0.0	-1.330671989354624E-4		_
com.google.javascript.jscomp.Denormalize#void#maybeCollapseIntoForStatements#?,Node,Node#109	-2.661343978709248E-4	0.0	-1.330671989354624E-4		_
com.google.javascript.jscomp.DefaultPassConfig#List<PassFactory>#getOptimizations#?#556	-2.661343978709248E-4	0.0	-1.330671989354624E-4		_
com.google.javascript.jscomp.PeepholeFoldConstants#Node#tryFoldAssign#?,Node,Node,Node#490	-2.661343978709248E-4	0.0	-1.330671989354624E-4		_
com.google.javascript.jscomp.PeepholeFoldConstants#Node#tryFoldAssign#?,Node,Node,Node#496	-2.661343978709248E-4	0.0	-1.330671989354624E-4		_
com.google.javascript.jscomp.PeepholeFoldConstants#Node#tryFoldAssign#?,Node,Node,Node#495	-2.661343978709248E-4	0.0	-1.330671989354624E-4		_
com.google.javascript.jscomp.CommandLineRunner#void#initConfigFromFlags#?,String[],PrintStream#677	-2.661343978709248E-4	0.0	-1.330671989354624E-4		_
com.google.javascript.jscomp.CommandLineRunner#void#initConfigFromFlags#?,String[],PrintStream#672	-2.661343978709248E-4	0.0	-1.330671989354624E-4		_
com.google.javascript.jscomp.CommandLineRunner#void#initConfigFromFlags#?,String[],PrintStream#673	-2.661343978709248E-4	0.0	-1.330671989354624E-4		_
com.google.javascript.jscomp.AbstractCommandLineRunner#int#processResults#?,Result,List<JSModule>,B#827	-2.661343978709248E-4	0.0	-1.330671989354624E-4		_
com.google.javascript.jscomp.DefaultPassConfig#List<PassFactory>#getOptimizations#?#538	-2.661343978709248E-4	0.0	-1.330671989354624E-4		_
com.google.javascript.jscomp.AbstractCommandLineRunner#int#processResults#?,Result,List<JSModule>,B#834	-2.661343978709248E-4	0.0	-1.330671989354624E-4		_
com.google.javascript.jscomp.NodeTraversal#void#traverse#?,Node#280	-2.661343978709248E-4	0.0	-1.330671989354624E-4		_
com.google.javascript.jscomp.AbstractCommandLineRunner#int#processResults#?,Result,List<JSModule>,B#840	-2.661343978709248E-4	0.0	-1.330671989354624E-4		_
com.google.javascript.jscomp.AbstractCommandLineRunner#int#processResults#?,Result,List<JSModule>,B#846	-2.661343978709248E-4	0.0	-1.330671989354624E-4		_
com.google.javascript.jscomp.AbstractCommandLineRunner#int#processResults#?,Result,List<JSModule>,B#847	-2.661343978709248E-4	0.0	-1.330671989354624E-4		_
com.google.javascript.jscomp.PeepholeFoldConstants#Node#tryFoldAssign#?,Node,Node,Node#489	-2.661343978709248E-4	0.0	-1.330671989354624E-4		_
com.google.javascript.jscomp.PeepholeFoldConstants#Node#tryFoldAssign#?,Node,Node,Node#481	-2.661343978709248E-4	0.0	-1.330671989354624E-4		_
com.google.javascript.jscomp.PrepareAst$PrepareAnnotations#void#annotateDispatchers#?,Node,Node#189	-2.661343978709248E-4	0.0	-1.330671989354624E-4		_
com.google.javascript.jscomp.PrepareAst$PrepareAnnotations#void#annotateDispatchers#?,Node,Node#191	-2.661343978709248E-4	0.0	-1.330671989354624E-4		_
com.google.javascript.jscomp.PrepareAst$PrepareAnnotations#void#annotateDispatchers#?,Node,Node#190	-2.661343978709248E-4	0.0	-1.330671989354624E-4		_
com.google.javascript.jscomp.parsing.IRFactory#int#transformTokenType#?,int#1264	-2.661343978709248E-4	0.0	-1.330671989354624E-4		_
com.google.javascript.jscomp.CodeConsumer#void#addNumber#?,double#246	-2.661343978709248E-4	0.0	-1.330671989354624E-4		_
com.google.javascript.rhino.Node#String#propToString#?,int#124	-2.661343978709248E-4	0.0	-1.330671989354624E-4		_
com.google.javascript.jscomp.parsing.IRFactory#int#transformTokenType#?,int#1254	-2.661343978709248E-4	0.0	-1.330671989354624E-4		_
com.google.javascript.jscomp.parsing.IRFactory#int#transformTokenType#?,int#1252	-2.661343978709248E-4	0.0	-1.330671989354624E-4		_
com.google.javascript.jscomp.ProcessClosurePrimitives#boolean#verifyArgument#?,NodeTraversal,Node,Node,int#736	-2.661343978709248E-4	0.0	-1.330671989354624E-4		_
com.google.javascript.jscomp.ProcessClosurePrimitives#boolean#verifyArgument#?,NodeTraversal,Node,Node,int#733	-2.661343978709248E-4	0.0	-1.330671989354624E-4		_
com.google.javascript.jscomp.PeepholeFoldConstants#Node#tryFoldAssign#?,Node,Node,Node#529	-2.661343978709248E-4	0.0	-1.330671989354624E-4		_
com.google.javascript.jscomp.PeepholeFoldConstants#Node#tryFoldAssign#?,Node,Node,Node#525	-2.661343978709248E-4	0.0	-1.330671989354624E-4		_
com.google.javascript.jscomp.PeepholeFoldConstants#Node#tryFoldAssign#?,Node,Node,Node#527	-2.661343978709248E-4	0.0	-1.330671989354624E-4		_
com.google.javascript.jscomp.ProcessClosurePrimitives#boolean#verifyArgument#?,NodeTraversal,Node,Node,int#726	-2.661343978709248E-4	0.0	-1.330671989354624E-4		_
com.google.javascript.jscomp.ProcessClosurePrimitives#boolean#verifyArgument#?,NodeTraversal,Node,Node,int#728	-2.661343978709248E-4	0.0	-1.330671989354624E-4		_
com.google.javascript.jscomp.PeepholeFoldConstants#Node#tryFoldAssign#?,Node,Node,Node#517	-2.661343978709248E-4	0.0	-1.330671989354624E-4		_
com.google.javascript.jscomp.PeepholeFoldConstants#Node#tryFoldAssign#?,Node,Node,Node#516	-2.661343978709248E-4	0.0	-1.330671989354624E-4		_
com.google.javascript.jscomp.Compiler#void#processAMDAndCommonJSModules#?#1473	-2.661343978709248E-4	0.0	-1.330671989354624E-4		_
com.google.javascript.jscomp.Compiler#void#processAMDAndCommonJSModules#?#1474	-2.661343978709248E-4	0.0	-1.330671989354624E-4		_
com.google.javascript.jscomp.Compiler#void#processAMDAndCommonJSModules#?#1475	-2.661343978709248E-4	0.0	-1.330671989354624E-4		_
com.google.javascript.jscomp.NodeUtil#boolean#evaluatesToLocalValue#?,Node,Predicate<Node>#2905	-2.661343978709248E-4	0.0	-1.330671989354624E-4		_
com.google.javascript.jscomp.NodeUtil#int#precedence#?,int#1196	-2.661343978709248E-4	0.0	-1.330671989354624E-4		_
com.google.javascript.jscomp.PeepholeFoldConstants#Node#tryFoldGetProp#?,Node,Node,Node#1403	-2.661343978709248E-4	0.0	-1.330671989354624E-4		_
com.google.javascript.jscomp.PeepholeFoldConstants#Node#tryFoldGetProp#?,Node,Node,Node#1400	-2.661343978709248E-4	0.0	-1.330671989354624E-4		_
com.google.javascript.jscomp.PeepholeFoldConstants#Node#tryFoldGetProp#?,Node,Node,Node#1401	-2.661343978709248E-4	0.0	-1.330671989354624E-4		_
com.google.javascript.jscomp.AstValidator#void#validateExpression#?,Node#272	-2.661343978709248E-4	0.0	-1.330671989354624E-4		_
com.google.javascript.jscomp.PeepholeCollectPropertyAssignments#boolean#isPropertyAssignmentToName#?,Node#124	-2.661343978709248E-4	0.0	-1.330671989354624E-4		_
com.google.javascript.rhino.Token#String#name#?,int#219	-2.661343978709248E-4	0.0	-1.330671989354624E-4		_
com.google.javascript.rhino.Token#String#name#?,int#209	-2.661343978709248E-4	0.0	-1.330671989354624E-4		_
com.google.javascript.rhino.Token#String#name#?,int#254	-2.661343978709248E-4	0.0	-1.330671989354624E-4		_
com.google.javascript.rhino.Token#String#name#?,int#255	-2.661343978709248E-4	0.0	-1.330671989354624E-4		_
com.google.javascript.jscomp.AbstractCommandLineRunner#void#createDefineOrTweakReplacements#?,List<String>,CompilerOptions,boolean#1322	-2.661343978709248E-4	0.0	-1.330671989354624E-4		_
com.google.javascript.jscomp.AbstractCommandLineRunner#void#createDefineOrTweakReplacements#?,List<String>,CompilerOptions,boolean#1324	-2.661343978709248E-4	0.0	-1.330671989354624E-4		_
com.google.javascript.jscomp.PeepholeFoldConstants#Node#tryFoldGetProp#?,Node,Node,Node#1399	-2.661343978709248E-4	0.0	-1.330671989354624E-4		_
com.google.javascript.jscomp.PeepholeFoldConstants#Node#tryFoldGetProp#?,Node,Node,Node#1395	-2.661343978709248E-4	0.0	-1.330671989354624E-4		_
com.google.javascript.jscomp.PeepholeFoldConstants#Node#tryFoldGetProp#?,Node,Node,Node#1398	-2.661343978709248E-4	0.0	-1.330671989354624E-4		_
com.google.javascript.jscomp.AbstractCommandLineRunner#void#createDefineOrTweakReplacements#?,List<String>,CompilerOptions,boolean#1316	-2.661343978709248E-4	0.0	-1.330671989354624E-4		_
com.google.javascript.jscomp.CodeGenerator#void#addNonEmptyStatement#?,Node,Context,boolean#845	-2.661343978709248E-4	0.0	-1.330671989354624E-4		_
com.google.javascript.jscomp.AbstractCommandLineRunner#void#createDefineOrTweakReplacements#?,List<String>,CompilerOptions,boolean#1318	-2.661343978709248E-4	0.0	-1.330671989354624E-4		_
com.google.javascript.jscomp.AbstractCommandLineRunner#void#createDefineOrTweakReplacements#?,List<String>,CompilerOptions,boolean#1319	-2.661343978709248E-4	0.0	-1.330671989354624E-4		_
com.google.javascript.jscomp.PeepholeFoldConstants#Node#tryFoldBinaryOperator#?,Node#130	-2.661343978709248E-4	0.0	-1.330671989354624E-4		_
com.google.javascript.jscomp.NodeUtil#boolean#functionCallHasSideEffects#?,Node,AbstractCompiler#1006	-2.661343978709248E-4	0.0	-1.330671989354624E-4		_
com.google.javascript.jscomp.PeepholeSubstituteAlternateSyntax#Node#tryReplaceUndefined#?,Node#397	-2.661343978709248E-4	0.0	-1.330671989354624E-4		_
com.google.javascript.jscomp.PeepholeSubstituteAlternateSyntax#Node#tryReplaceUndefined#?,Node#396	-2.661343978709248E-4	0.0	-1.330671989354624E-4		_
com.google.javascript.jscomp.PeepholeSubstituteAlternateSyntax#Node#tryReplaceUndefined#?,Node#399	-2.661343978709248E-4	0.0	-1.330671989354624E-4		_
com.google.javascript.jscomp.PeepholeSubstituteAlternateSyntax#Node#tryReplaceUndefined#?,Node#398	-2.661343978709248E-4	0.0	-1.330671989354624E-4		_
com.google.javascript.jscomp.ProcessClosurePrimitives#void#maybeAddToSymbolTable#?,Node#1139	-2.661343978709248E-4	0.0	-1.330671989354624E-4		_
com.google.javascript.jscomp.PhaseOptimizer#void#consume#?,List<PassFactory>#144	-2.661343978709248E-4	0.0	-1.330671989354624E-4		_
com.google.javascript.rhino.jstype.FunctionParamBuilder#boolean#addOptionalParams#?,JSType#81	-2.661343978709248E-4	0.0	-1.330671989354624E-4		_
com.google.javascript.jscomp.ClosureOptimizePrimitives#void#processObjectCreateCalls#?,List<Node>#89	-2.661343978709248E-4	0.0	-1.330671989354624E-4		_
com.google.javascript.jscomp.ShadowVariables$DoShadowVariables#void#enterScope#?,NodeTraversal#193	-2.661343978709248E-4	0.0	-1.330671989354624E-4		_
com.google.javascript.jscomp.PeepholeSubstituteAlternateSyntax#Node#tryMinimizeCondition#?,Node#1167	-2.661343978709248E-4	0.0	-1.330671989354624E-4		_
com.google.javascript.jscomp.PeepholeSubstituteAlternateSyntax#Node#tryMinimizeCondition#?,Node#1166	-2.661343978709248E-4	0.0	-1.330671989354624E-4		_
com.google.javascript.jscomp.PeepholeSubstituteAlternateSyntax#Node#tryMinimizeCondition#?,Node#1152	-2.661343978709248E-4	0.0	-1.330671989354624E-4		_
com.google.javascript.jscomp.PeepholeSubstituteAlternateSyntax#Node#tryMinimizeCondition#?,Node#1147	-2.661343978709248E-4	0.0	-1.330671989354624E-4		_
com.google.javascript.jscomp.PeepholeSubstituteAlternateSyntax#Node#tryMinimizeCondition#?,Node#1145	-2.661343978709248E-4	0.0	-1.330671989354624E-4		_
com.google.javascript.jscomp.PeepholeSubstituteAlternateSyntax#Node#tryMinimizeCondition#?,Node#1146	-2.661343978709248E-4	0.0	-1.330671989354624E-4		_
com.google.javascript.jscomp.PeepholeSubstituteAlternateSyntax#Node#tryMinimizeCondition#?,Node#1182	-2.661343978709248E-4	0.0	-1.330671989354624E-4		_
com.google.javascript.jscomp.PeepholeSubstituteAlternateSyntax#Node#tryMinimizeCondition#?,Node#1181	-2.661343978709248E-4	0.0	-1.330671989354624E-4		_
com.google.javascript.jscomp.PeepholeSubstituteAlternateSyntax#Node#tryMinimizeCondition#?,Node#1180	-2.661343978709248E-4	0.0	-1.330671989354624E-4		_
com.google.javascript.jscomp.PeepholeSubstituteAlternateSyntax#Node#tryMinimizeCondition#?,Node#1185	-2.661343978709248E-4	0.0	-1.330671989354624E-4		_
com.google.javascript.jscomp.PeepholeSubstituteAlternateSyntax#Node#tryMinimizeCondition#?,Node#1173	-2.661343978709248E-4	0.0	-1.330671989354624E-4		_
com.google.javascript.jscomp.PeepholeSubstituteAlternateSyntax#Node#tryMinimizeCondition#?,Node#1172	-2.661343978709248E-4	0.0	-1.330671989354624E-4		_
com.google.javascript.jscomp.PeepholeSubstituteAlternateSyntax#Node#tryMinimizeCondition#?,Node#1179	-2.661343978709248E-4	0.0	-1.330671989354624E-4		_
com.google.javascript.jscomp.parsing.IRFactory$TransformDispatcher#Node#processFunctionNode#?,FunctionNode#633	-2.661343978709248E-4	0.0	-1.330671989354624E-4		_
com.google.javascript.rhino.Node#boolean#isEquivalentTo#?,Node,boolean,boolean#1541	-2.661343978709248E-4	0.0	-1.330671989354624E-4		_
com.google.javascript.jscomp.parsing.IRFactory$TransformDispatcher#Node#processFunctionNode#?,FunctionNode#639	-2.661343978709248E-4	0.0	-1.330671989354624E-4		_
com.google.javascript.jscomp.CheckAccidentalSemicolon#void#visit#?,NodeTraversal,Node,Node#55	-2.661343978709248E-4	0.0	-1.330671989354624E-4		_
com.google.javascript.jscomp.CheckAccidentalSemicolon#void#visit#?,NodeTraversal,Node,Node#54	-2.661343978709248E-4	0.0	-1.330671989354624E-4		_
com.google.javascript.jscomp.Compiler#Node#parseInputs#?#1304	-2.661343978709248E-4	0.0	-1.330671989354624E-4		_
com.google.javascript.jscomp.Compiler#Node#parseInputs#?#1305	-2.661343978709248E-4	0.0	-1.330671989354624E-4		_
com.google.javascript.jscomp.Compiler#Node#parseInputs#?#1300	-2.661343978709248E-4	0.0	-1.330671989354624E-4		_
com.google.javascript.jscomp.parsing.IRFactory$TransformDispatcher#Node#processObjectLiteral#?,ObjectLiteral#807	-2.661343978709248E-4	0.0	-1.330671989354624E-4		_
com.google.javascript.rhino.jstype.UnionTypeBuilder#UnionTypeBuilder#addAlternate#?,JSType#191	-2.661343978709248E-4	0.0	-1.330671989354624E-4		_
com.google.javascript.rhino.jstype.UnionTypeBuilder#UnionTypeBuilder#addAlternate#?,JSType#192	-2.661343978709248E-4	0.0	-1.330671989354624E-4		_
com.google.javascript.rhino.Token#String#name#?,int#197	-2.661343978709248E-4	0.0	-1.330671989354624E-4		_
com.google.javascript.rhino.jstype.UnionTypeBuilder#UnionTypeBuilder#addAlternate#?,JSType#178	-2.661343978709248E-4	0.0	-1.330671989354624E-4		_
com.google.javascript.jscomp.DefaultPassConfig#List<PassFactory>#getOptimizations#?#657	-2.661343978709248E-4	0.0	-1.330671989354624E-4		_
com.google.javascript.jscomp.RenameVars$ProcessVars#void#visit#?,NodeTraversal,Node,Node#243	-2.661343978709248E-4	0.0	-1.330671989354624E-4		_
com.google.javascript.jscomp.RenameVars$ProcessVars#void#visit#?,NodeTraversal,Node,Node#242	-2.661343978709248E-4	0.0	-1.330671989354624E-4		_
com.google.javascript.jscomp.DefaultPassConfig#List<PassFactory>#getOptimizations#?#663	-2.661343978709248E-4	0.0	-1.330671989354624E-4		_
com.google.javascript.jscomp.ClosureCodeRemoval#void#process#?,Node,Node#219	-2.661343978709248E-4	0.0	-1.330671989354624E-4		_
com.google.javascript.jscomp.ClosureCodeRemoval#void#process#?,Node,Node#220	-2.661343978709248E-4	0.0	-1.330671989354624E-4		_
com.google.javascript.rhino.Node#void#putProp#?,int,Object#849	-2.661343978709248E-4	0.0	-1.330671989354624E-4		_
com.google.javascript.rhino.Node#void#putProp#?,int,Object#847	-2.661343978709248E-4	0.0	-1.330671989354624E-4		_
com.google.javascript.jscomp.StatementFusion#boolean#canFuseIntoOneStatement#?,Node#82	-2.661343978709248E-4	0.0	-1.330671989354624E-4		_
com.google.javascript.jscomp.ControlFlowAnalysis#void#connectToPossibleExceptionHandler#?,Node,Node#844	-2.661343978709248E-4	0.0	-1.330671989354624E-4		_
com.google.javascript.jscomp.MaybeReachingVariableUse#void#computeMayUse#?,Node,Node,ReachingUses,boolean#177	-2.661343978709248E-4	0.0	-1.330671989354624E-4		_
com.google.javascript.jscomp.MaybeReachingVariableUse#void#computeMayUse#?,Node,Node,ReachingUses,boolean#179	-2.661343978709248E-4	0.0	-1.330671989354624E-4		_
com.google.javascript.jscomp.MaybeReachingVariableUse#void#computeMayUse#?,Node,Node,ReachingUses,boolean#178	-2.661343978709248E-4	0.0	-1.330671989354624E-4		_
com.google.javascript.jscomp.MaybeReachingVariableUse#void#computeMayUse#?,Node,Node,ReachingUses,boolean#182	-2.661343978709248E-4	0.0	-1.330671989354624E-4		_
com.google.javascript.jscomp.MaybeReachingVariableUse#void#computeMayUse#?,Node,Node,ReachingUses,boolean#185	-2.661343978709248E-4	0.0	-1.330671989354624E-4		_
com.google.javascript.jscomp.MaybeReachingVariableUse#void#computeMayUse#?,Node,Node,ReachingUses,boolean#183	-2.661343978709248E-4	0.0	-1.330671989354624E-4		_
com.google.javascript.jscomp.PeepholeRemoveDeadCode#Node#trySimplifyUnusedResult#?,Node,boolean#215	-2.661343978709248E-4	0.0	-1.330671989354624E-4		_
com.google.javascript.jscomp.PeepholeRemoveDeadCode#Node#trySimplifyUnusedResult#?,Node,boolean#214	-2.661343978709248E-4	0.0	-1.330671989354624E-4		_
com.google.javascript.jscomp.GlobalVarReferenceMap#void#updateGlobalVarReferences#?,Map<Var,ReferenceCollection>,Node#116	-2.661343978709248E-4	0.0	-1.330671989354624E-4		_
com.google.javascript.jscomp.GlobalVarReferenceMap#void#updateGlobalVarReferences#?,Map<Var,ReferenceCollection>,Node#115	-2.661343978709248E-4	0.0	-1.330671989354624E-4		_
com.google.javascript.jscomp.GlobalVarReferenceMap#void#updateGlobalVarReferences#?,Map<Var,ReferenceCollection>,Node#114	-2.661343978709248E-4	0.0	-1.330671989354624E-4		_
com.google.javascript.jscomp.GlobalVarReferenceMap#void#updateGlobalVarReferences#?,Map<Var,ReferenceCollection>,Node#113	-2.661343978709248E-4	0.0	-1.330671989354624E-4		_
com.google.javascript.jscomp.AbstractCommandLineRunner#void#setRunOptions#?,CompilerOptions#236	-2.661343978709248E-4	0.0	-1.330671989354624E-4		_
com.google.javascript.jscomp.PeepholeRemoveDeadCode#Node#tryFoldAssignment#?,Node#126	-2.661343978709248E-4	0.0	-1.330671989354624E-4		_
com.google.javascript.jscomp.PeepholeRemoveDeadCode#Node#tryFoldAssignment#?,Node#128	-2.661343978709248E-4	0.0	-1.330671989354624E-4		_
com.google.javascript.jscomp.PeepholeRemoveDeadCode#Node#tryFoldAssignment#?,Node#127	-2.661343978709248E-4	0.0	-1.330671989354624E-4		_
com.google.javascript.jscomp.PeepholeSubstituteAlternateSyntax#Node#tryMinimizeIf#?,Node#816	-2.661343978709248E-4	0.0	-1.330671989354624E-4		_
com.google.javascript.jscomp.PeepholeSubstituteAlternateSyntax#Node#tryMinimizeIf#?,Node#813	-2.661343978709248E-4	0.0	-1.330671989354624E-4		_
com.google.javascript.jscomp.PeepholeSubstituteAlternateSyntax#Node#tryMinimizeIf#?,Node#814	-2.661343978709248E-4	0.0	-1.330671989354624E-4		_
com.google.javascript.jscomp.PeepholeSubstituteAlternateSyntax#Node#tryMinimizeIf#?,Node#811	-2.661343978709248E-4	0.0	-1.330671989354624E-4		_
com.google.javascript.jscomp.PeepholeSubstituteAlternateSyntax#Node#tryMinimizeIf#?,Node#810	-2.661343978709248E-4	0.0	-1.330671989354624E-4		_
com.google.javascript.jscomp.PeepholeSubstituteAlternateSyntax#Node#tryMinimizeIf#?,Node#841	-2.661343978709248E-4	0.0	-1.330671989354624E-4		_
com.google.javascript.jscomp.PeepholeSubstituteAlternateSyntax#Node#tryMinimizeIf#?,Node#835	-2.661343978709248E-4	0.0	-1.330671989354624E-4		_
com.google.javascript.jscomp.PeepholeSubstituteAlternateSyntax#Node#tryMinimizeIf#?,Node#836	-2.661343978709248E-4	0.0	-1.330671989354624E-4		_
com.google.javascript.jscomp.PeepholeSubstituteAlternateSyntax#Node#tryMinimizeIf#?,Node#839	-2.661343978709248E-4	0.0	-1.330671989354624E-4		_
com.google.javascript.jscomp.PeepholeSubstituteAlternateSyntax#Node#tryMinimizeIf#?,Node#838	-2.661343978709248E-4	0.0	-1.330671989354624E-4		_
com.google.javascript.jscomp.RenameVars#void#assignNames#?,Set<Assignment>#460	-2.661343978709248E-4	0.0	-1.330671989354624E-4		_
com.google.javascript.jscomp.PrepareAst#void#process#?,Node,Node#59	-2.661343978709248E-4	0.0	-1.330671989354624E-4		_
com.google.javascript.jscomp.parsing.JsDocTokenStream#JsDocToken#getJsDocToken#?#148	-2.661343978709248E-4	0.0	-1.330671989354624E-4		_
com.google.javascript.jscomp.PeepholeSubstituteAlternateSyntax#Node#tryMinimizeIf#?,Node#733	-2.661343978709248E-4	0.0	-1.330671989354624E-4		_
com.google.javascript.jscomp.PeepholeSubstituteAlternateSyntax#Node#tryMinimizeIf#?,Node#734	-2.661343978709248E-4	0.0	-1.330671989354624E-4		_
com.google.javascript.jscomp.PeepholeSubstituteAlternateSyntax#Node#tryMinimizeIf#?,Node#732	-2.661343978709248E-4	0.0	-1.330671989354624E-4		_
com.google.javascript.jscomp.PeepholeSubstituteAlternateSyntax#Node#tryMinimizeIf#?,Node#735	-2.661343978709248E-4	0.0	-1.330671989354624E-4		_
com.google.javascript.jscomp.PeepholeSubstituteAlternateSyntax#Node#tryMinimizeIf#?,Node#736	-2.661343978709248E-4	0.0	-1.330671989354624E-4		_
com.google.javascript.jscomp.ProcessClosurePrimitives#void#visit#?,NodeTraversal,Node,Node#205	-2.661343978709248E-4	0.0	-1.330671989354624E-4		_
com.google.javascript.jscomp.RemoveUnusedVars#void#interpretAssigns#?#715	-2.661343978709248E-4	0.0	-1.330671989354624E-4		_
com.google.javascript.jscomp.RemoveUnusedVars#void#interpretAssigns#?#716	-2.661343978709248E-4	0.0	-1.330671989354624E-4		_
com.google.javascript.jscomp.PeepholeSubstituteAlternateSyntax#Node#optimizeSubtree#?,Node#94	-2.661343978709248E-4	0.0	-1.330671989354624E-4		_
com.google.javascript.jscomp.PeepholeSubstituteAlternateSyntax#Node#optimizeSubtree#?,Node#86	-2.661343978709248E-4	0.0	-1.330671989354624E-4		_
com.google.javascript.jscomp.deps.JsFileLineParser#void#doParse#?,String,Reader#182	-2.661343978709248E-4	0.0	-1.330671989354624E-4		_
com.google.javascript.jscomp.deps.JsFileLineParser#void#doParse#?,String,Reader#187	-2.661343978709248E-4	0.0	-1.330671989354624E-4		_
com.google.javascript.jscomp.CheckSideEffects#void#visit#?,NodeTraversal,Node,Node#120	-2.661343978709248E-4	0.0	-1.330671989354624E-4		_
com.google.javascript.jscomp.CheckSideEffects#void#visit#?,NodeTraversal,Node,Node#122	-2.661343978709248E-4	0.0	-1.330671989354624E-4		_
com.google.javascript.jscomp.CheckSideEffects#void#visit#?,NodeTraversal,Node,Node#100	-2.661343978709248E-4	0.0	-1.330671989354624E-4		_
com.google.javascript.jscomp.CheckSideEffects#void#visit#?,NodeTraversal,Node,Node#101	-2.661343978709248E-4	0.0	-1.330671989354624E-4		_
com.google.javascript.jscomp.CheckSideEffects#void#visit#?,NodeTraversal,Node,Node#115	-2.661343978709248E-4	0.0	-1.330671989354624E-4		_
com.google.javascript.jscomp.CheckSideEffects#void#visit#?,NodeTraversal,Node,Node#116	-2.661343978709248E-4	0.0	-1.330671989354624E-4		_
com.google.javascript.jscomp.CheckSideEffects#void#visit#?,NodeTraversal,Node,Node#118	-2.661343978709248E-4	0.0	-1.330671989354624E-4		_
com.google.javascript.jscomp.CheckSideEffects#void#visit#?,NodeTraversal,Node,Node#117	-2.661343978709248E-4	0.0	-1.330671989354624E-4		_
com.google.javascript.rhino.jstype.PrototypeObjectType#boolean#isSubtype#?,JSType#488	-2.661343978709248E-4	0.0	-1.330671989354624E-4		_
com.google.javascript.jscomp.ProcessClosurePrimitives#void#process#?,Node,Node#157	-2.661343978709248E-4	0.0	-1.330671989354624E-4		_
com.google.javascript.jscomp.NodeUtil#String#opToStr#?,int#2147	-2.661343978709248E-4	0.0	-1.330671989354624E-4		_
com.google.javascript.jscomp.CodePrinter$CompactCodePrinter#void#maybeLineBreak#?#466	-2.661343978709248E-4	0.0	-1.330671989354624E-4		_
com.google.javascript.jscomp.Denormalize#void#maybeCollapseIntoForStatements#?,Node,Node#82	-2.661343978709248E-4	0.0	-1.330671989354624E-4		_
com.google.javascript.jscomp.Denormalize#void#maybeCollapseIntoForStatements#?,Node,Node#83	-2.661343978709248E-4	0.0	-1.330671989354624E-4		_
com.google.javascript.jscomp.Denormalize#void#maybeCollapseIntoForStatements#?,Node,Node#84	-2.661343978709248E-4	0.0	-1.330671989354624E-4		_
com.google.javascript.jscomp.PeepholeRemoveDeadCode#Node#optimizeSubtree#?,Node#56	-2.661343978709248E-4	0.0	-1.330671989354624E-4		_
com.google.javascript.jscomp.RemoveUnusedVars#void#traverseNode#?,Node,Node,Scope#271	-2.661343978709248E-4	0.0	-1.330671989354624E-4		_
com.google.javascript.jscomp.RemoveUnusedVars#void#traverseNode#?,Node,Node,Scope#270	-2.661343978709248E-4	0.0	-1.330671989354624E-4		_
com.google.javascript.jscomp.ProcessDefines#Map<String,DefineInfo>#collectDefines#?,Node,GlobalNamespace#205	-2.661343978709248E-4	0.0	-1.330671989354624E-4		_
com.google.javascript.jscomp.ProcessDefines#Map<String,DefineInfo>#collectDefines#?,Node,GlobalNamespace#206	-2.661343978709248E-4	0.0	-1.330671989354624E-4		_
com.google.javascript.jscomp.ShadowVariables$GatherReferenceInfo#void#visit#?,NodeTraversal,Node,Node#152	-2.661343978709248E-4	0.0	-1.330671989354624E-4		_
com.google.javascript.jscomp.NodeUtil#boolean#isExpressionResultUsed#?,Node#3102	-2.661343978709248E-4	0.0	-1.330671989354624E-4		_
com.google.javascript.jscomp.ProcessDefines$CollectDefines#void#visit#?,NodeTraversal,Node,Node#302	-2.661343978709248E-4	0.0	-1.330671989354624E-4		_
com.google.javascript.jscomp.parsing.IRFactory$TransformDispatcher#Node#processName#?,Name,boolean#778	-2.661343978709248E-4	0.0	-1.330671989354624E-4		_
com.google.javascript.jscomp.PeepholeFoldConstants#void#tryReduceOperandsForOp#?,Node#212	-2.661343978709248E-4	0.0	-1.330671989354624E-4		_
com.google.javascript.jscomp.PeepholeFoldConstants#void#tryReduceOperandsForOp#?,Node#213	-2.661343978709248E-4	0.0	-1.330671989354624E-4		_
com.google.javascript.jscomp.ReplaceCssNames$Traversal#void#visit#?,NodeTraversal,Node,Node#167	-2.661343978709248E-4	0.0	-1.330671989354624E-4		_
com.google.javascript.rhino.JSDocInfoBuilder#boolean#recordParameter#?,String,JSTypeExpression#272	-2.661343978709248E-4	0.0	-1.330671989354624E-4		_
com.google.javascript.jscomp.ReplaceCssNames$Traversal#void#visit#?,NodeTraversal,Node,Node#187	-2.661343978709248E-4	0.0	-1.330671989354624E-4		_
com.google.javascript.jscomp.Normalize$FindExposeAnnotations#void#visit#?,NodeTraversal,Node,Node#175	-2.661343978709248E-4	0.0	-1.330671989354624E-4		_
com.google.javascript.jscomp.ProcessClosurePrimitives#void#maybeAddStringNodeToSymbolTable#?,Node#1131	-2.661343978709248E-4	0.0	-1.330671989354624E-4		_
com.google.javascript.jscomp.ProcessClosurePrimitives#void#maybeAddStringNodeToSymbolTable#?,Node#1102	-2.661343978709248E-4	0.0	-1.330671989354624E-4		_
com.google.javascript.jscomp.ProcessClosurePrimitives#void#maybeAddStringNodeToSymbolTable#?,Node#1103	-2.661343978709248E-4	0.0	-1.330671989354624E-4		_
com.google.javascript.jscomp.ProcessClosurePrimitives#void#maybeAddStringNodeToSymbolTable#?,Node#1109	-2.661343978709248E-4	0.0	-1.330671989354624E-4		_
com.google.javascript.jscomp.ProcessClosurePrimitives#void#maybeAddStringNodeToSymbolTable#?,Node#1124	-2.661343978709248E-4	0.0	-1.330671989354624E-4		_
com.google.javascript.jscomp.ProcessClosurePrimitives#void#maybeAddStringNodeToSymbolTable#?,Node#1122	-2.661343978709248E-4	0.0	-1.330671989354624E-4		_
com.google.javascript.jscomp.ProcessClosurePrimitives#void#maybeAddStringNodeToSymbolTable#?,Node#1120	-2.661343978709248E-4	0.0	-1.330671989354624E-4		_
com.google.javascript.jscomp.ProcessClosurePrimitives#void#maybeAddStringNodeToSymbolTable#?,Node#1129	-2.661343978709248E-4	0.0	-1.330671989354624E-4		_
com.google.javascript.jscomp.ProcessClosurePrimitives#void#maybeAddStringNodeToSymbolTable#?,Node#1128	-2.661343978709248E-4	0.0	-1.330671989354624E-4		_
com.google.javascript.jscomp.ProcessClosurePrimitives#void#maybeAddStringNodeToSymbolTable#?,Node#1110	-2.661343978709248E-4	0.0	-1.330671989354624E-4		_
com.google.javascript.jscomp.ProcessClosurePrimitives#void#maybeAddStringNodeToSymbolTable#?,Node#1112	-2.661343978709248E-4	0.0	-1.330671989354624E-4		_
com.google.javascript.jscomp.ProcessClosurePrimitives#void#maybeAddStringNodeToSymbolTable#?,Node#1119	-2.661343978709248E-4	0.0	-1.330671989354624E-4		_
com.google.javascript.jscomp.ProcessClosurePrimitives#void#maybeAddStringNodeToSymbolTable#?,Node#1114	-2.661343978709248E-4	0.0	-1.330671989354624E-4		_
com.google.javascript.jscomp.ProcessClosurePrimitives#void#maybeAddStringNodeToSymbolTable#?,Node#1117	-2.661343978709248E-4	0.0	-1.330671989354624E-4		_
com.google.javascript.jscomp.ProcessClosurePrimitives#void#maybeAddStringNodeToSymbolTable#?,Node#1116	-2.661343978709248E-4	0.0	-1.330671989354624E-4		_
com.google.javascript.jscomp.CodeGenerator#String#strEscape#?,String,char,String,String,String,CharsetEncoder,boolean#1071	-2.661343978709248E-4	0.0	-1.330671989354624E-4		_
com.google.javascript.jscomp.CodeGenerator#String#strEscape#?,String,char,String,String,String,CharsetEncoder,boolean#1054	-2.661343978709248E-4	0.0	-1.330671989354624E-4		_
com.google.javascript.jscomp.DefaultPassConfig#List<PassFactory>#getCodeRemovingPasses#?#739	-2.661343978709248E-4	0.0	-1.330671989354624E-4		_
com.google.javascript.jscomp.GlobalNamespace$BuildGlobalNamespace#void#collect#?,NodeTraversal,Node,Node#376	-2.661343978709248E-4	0.0	-1.330671989354624E-4		_
com.google.javascript.jscomp.GlobalNamespace$BuildGlobalNamespace#void#collect#?,NodeTraversal,Node,Node#375	-2.661343978709248E-4	0.0	-1.330671989354624E-4		_
com.google.javascript.jscomp.NodeUtil#boolean#checkForStateChangeHelper#?,Node,boolean,AbstractCompiler#898	-2.661343978709248E-4	0.0	-1.330671989354624E-4		_
com.google.javascript.jscomp.DefaultPassConfig#List<PassFactory>#getChecks#?#241	-2.661343978709248E-4	0.0	-1.330671989354624E-4		_
com.google.javascript.jscomp.PeepholeCollectPropertyAssignments#boolean#collectObjectProperty#?,Node,Node#244	-2.661343978709248E-4	0.0	-1.330671989354624E-4		_
com.google.javascript.jscomp.parsing.IRFactory$TransformDispatcher#boolean#validAssignmentTarget#?,Node#1058	-2.661343978709248E-4	0.0	-1.330671989354624E-4		_
com.google.javascript.jscomp.VarCheck#void#visit#?,NodeTraversal,Node,Node#159	-2.661343978709248E-4	0.0	-1.330671989354624E-4		_
com.google.javascript.jscomp.PeepholeCollectPropertyAssignments#boolean#collectObjectProperty#?,Node,Node#253	-2.661343978709248E-4	0.0	-1.330671989354624E-4		_
com.google.javascript.jscomp.VarCheck#void#visit#?,NodeTraversal,Node,Node#186	-2.661343978709248E-4	0.0	-1.330671989354624E-4		_
com.google.javascript.jscomp.PeepholeSubstituteAlternateSyntax#Node#tryMinimizeIf#?,Node#700	-2.661343978709248E-4	0.0	-1.330671989354624E-4		_
com.google.javascript.jscomp.PeepholeSubstituteAlternateSyntax#Node#tryMinimizeIf#?,Node#702	-2.661343978709248E-4	0.0	-1.330671989354624E-4		_
com.google.javascript.jscomp.DefaultPassConfig#List<PassFactory>#getChecks#?#277	-2.661343978709248E-4	0.0	-1.330671989354624E-4		_
com.google.javascript.jscomp.PeepholeSubstituteAlternateSyntax#Node#tryMinimizeIf#?,Node#680	-2.661343978709248E-4	0.0	-1.330671989354624E-4		_
com.google.javascript.jscomp.MustBeReachingVariableDef#void#computeMustDef#?,Node,Node,MustDef,boolean#266	-2.661343978709248E-4	0.0	-1.330671989354624E-4		_
com.google.javascript.jscomp.MustBeReachingVariableDef#void#computeMustDef#?,Node,Node,MustDef,boolean#267	-2.661343978709248E-4	0.0	-1.330671989354624E-4		_
com.google.javascript.jscomp.MustBeReachingVariableDef#void#computeMustDef#?,Node,Node,MustDef,boolean#264	-2.661343978709248E-4	0.0	-1.330671989354624E-4		_
com.google.javascript.jscomp.MustBeReachingVariableDef#void#computeMustDef#?,Node,Node,MustDef,boolean#265	-2.661343978709248E-4	0.0	-1.330671989354624E-4		_
com.google.javascript.jscomp.parsing.IRFactory$TransformDispatcher#Node#processAssignment#?,Assignment#443	-2.661343978709248E-4	0.0	-1.330671989354624E-4		_
com.google.javascript.jscomp.PeepholeSubstituteAlternateSyntax#Node#tryMinimizeIf#?,Node#699	-2.661343978709248E-4	0.0	-1.330671989354624E-4		_
com.google.javascript.jscomp.PeepholeSubstituteAlternateSyntax#Node#tryMinimizeIf#?,Node#698	-2.661343978709248E-4	0.0	-1.330671989354624E-4		_
com.google.javascript.jscomp.ExploitAssigns#boolean#collapseAssignEqualTo#?,Node,Node,Node#179	-3.992015968063872E-4	0.0	-1.996007984031936E-4		_
com.google.javascript.jscomp.NodeUtil#boolean#isLiteralValue#?,Node,boolean#599	-3.992015968063872E-4	0.0	-1.996007984031936E-4		_
com.google.javascript.jscomp.PeepholeSubstituteAlternateSyntax#Node#tryReplaceIf#?,Node#312	-3.992015968063872E-4	0.0	-1.996007984031936E-4		_
com.google.javascript.jscomp.PeepholeSubstituteAlternateSyntax#Node#tryReplaceIf#?,Node#313	-3.992015968063872E-4	0.0	-1.996007984031936E-4		_
com.google.javascript.jscomp.PeepholeSubstituteAlternateSyntax#Node#tryReplaceIf#?,Node#310	-3.992015968063872E-4	0.0	-1.996007984031936E-4		_
com.google.javascript.jscomp.PeepholeSubstituteAlternateSyntax#Node#tryReplaceIf#?,Node#311	-3.992015968063872E-4	0.0	-1.996007984031936E-4		_
com.google.javascript.jscomp.Denormalize#void#maybeCollapseIntoForStatements#?,Node,Node#104	-3.992015968063872E-4	0.0	-1.996007984031936E-4		_
com.google.javascript.jscomp.AbstractCommandLineRunner#int#processResults#?,Result,List<JSModule>,B#822	-3.992015968063872E-4	0.0	-1.996007984031936E-4		_
com.google.javascript.jscomp.DefaultPassConfig#List<PassFactory>#getOptimizations#?#533	-3.992015968063872E-4	0.0	-1.996007984031936E-4		_
com.google.javascript.jscomp.parsing.IRFactory#int#transformTokenType#?,int#1266	-3.992015968063872E-4	0.0	-1.996007984031936E-4		_
com.google.javascript.rhino.Node#String#propToString#?,int#126	-3.992015968063872E-4	0.0	-1.996007984031936E-4		_
com.google.javascript.jscomp.DeadAssignmentsElimination#void#enterScope#?,NodeTraversal#90	-3.992015968063872E-4	0.0	-1.996007984031936E-4		_
com.google.javascript.jscomp.JSModuleGraph#List<CompilerInput>#manageDependencies#?,DependencyOptions,List<CompilerInput>#367	-3.992015968063872E-4	0.0	-1.996007984031936E-4		_
com.google.javascript.jscomp.JSModuleGraph#List<CompilerInput>#manageDependencies#?,DependencyOptions,List<CompilerInput>#368	-3.992015968063872E-4	0.0	-1.996007984031936E-4		_
com.google.javascript.rhino.Token#String#name#?,int#278	-3.992015968063872E-4	0.0	-1.996007984031936E-4		_
com.google.javascript.jscomp.JSModuleGraph#List<CompilerInput>#manageDependencies#?,DependencyOptions,List<CompilerInput>#330	-3.992015968063872E-4	0.0	-1.996007984031936E-4		_
com.google.javascript.rhino.Token#String#name#?,int#268	-3.992015968063872E-4	0.0	-1.996007984031936E-4		_
com.google.javascript.rhino.Token#String#name#?,int#267	-3.992015968063872E-4	0.0	-1.996007984031936E-4		_
com.google.javascript.rhino.Token#String#name#?,int#216	-3.992015968063872E-4	0.0	-1.996007984031936E-4		_
com.google.javascript.jscomp.AbstractCommandLineRunner#void#createDefineOrTweakReplacements#?,List<String>,CompilerOptions,boolean#1300	-3.992015968063872E-4	0.0	-1.996007984031936E-4		_
com.google.javascript.jscomp.AbstractCommandLineRunner#void#createDefineOrTweakReplacements#?,List<String>,CompilerOptions,boolean#1301	-3.992015968063872E-4	0.0	-1.996007984031936E-4		_
com.google.javascript.jscomp.AbstractCommandLineRunner#void#createDefineOrTweakReplacements#?,List<String>,CompilerOptions,boolean#1302	-3.992015968063872E-4	0.0	-1.996007984031936E-4		_
com.google.javascript.jscomp.AbstractCommandLineRunner#void#createDefineOrTweakReplacements#?,List<String>,CompilerOptions,boolean#1309	-3.992015968063872E-4	0.0	-1.996007984031936E-4		_
com.google.javascript.rhino.Token#String#name#?,int#258	-3.992015968063872E-4	0.0	-1.996007984031936E-4		_
com.google.javascript.jscomp.PeepholeFoldConstants#Node#tryFoldGetProp#?,Node,Node,Node#1382	-3.992015968063872E-4	0.0	-1.996007984031936E-4		_
com.google.javascript.jscomp.PeepholeFoldConstants#Node#tryFoldGetProp#?,Node,Node,Node#1381	-3.992015968063872E-4	0.0	-1.996007984031936E-4		_
com.google.javascript.jscomp.PeepholeRemoveDeadCode#Node#tryFoldIf#?,Node#671	-3.992015968063872E-4	0.0	-1.996007984031936E-4		_
com.google.javascript.jscomp.PeepholeRemoveDeadCode#Node#tryFoldIf#?,Node#675	-3.992015968063872E-4	0.0	-1.996007984031936E-4		_
com.google.javascript.jscomp.PeepholeRemoveDeadCode#Node#tryFoldIf#?,Node#676	-3.992015968063872E-4	0.0	-1.996007984031936E-4		_
com.google.javascript.jscomp.PeepholeRemoveDeadCode#Node#tryFoldIf#?,Node#677	-3.992015968063872E-4	0.0	-1.996007984031936E-4		_
com.google.javascript.jscomp.PeepholeRemoveDeadCode#Node#tryFoldIf#?,Node#678	-3.992015968063872E-4	0.0	-1.996007984031936E-4		_
com.google.javascript.jscomp.PeepholeRemoveDeadCode#Node#tryFoldIf#?,Node#679	-3.992015968063872E-4	0.0	-1.996007984031936E-4		_
com.google.javascript.jscomp.PeepholeRemoveDeadCode#Node#tryFoldIf#?,Node#669	-3.992015968063872E-4	0.0	-1.996007984031936E-4		_
com.google.javascript.jscomp.PeepholeRemoveDeadCode#Node#tryFoldIf#?,Node#680	-3.992015968063872E-4	0.0	-1.996007984031936E-4		_
com.google.javascript.jscomp.PeepholeRemoveDeadCode#Node#tryFoldIf#?,Node#650	-3.992015968063872E-4	0.0	-1.996007984031936E-4		_
com.google.javascript.jscomp.PeepholeRemoveDeadCode#Node#tryFoldIf#?,Node#651	-3.992015968063872E-4	0.0	-1.996007984031936E-4		_
com.google.javascript.jscomp.PeepholeRemoveDeadCode#Node#tryFoldIf#?,Node#652	-3.992015968063872E-4	0.0	-1.996007984031936E-4		_
com.google.javascript.jscomp.PeepholeRemoveDeadCode#Node#tryFoldIf#?,Node#648	-3.992015968063872E-4	0.0	-1.996007984031936E-4		_
com.google.javascript.jscomp.PeepholeRemoveDeadCode#Node#tryFoldIf#?,Node#649	-3.992015968063872E-4	0.0	-1.996007984031936E-4		_
com.google.javascript.jscomp.AbstractCommandLineRunner#void#createDefineOrTweakReplacements#?,List<String>,CompilerOptions,boolean#1294	-3.992015968063872E-4	0.0	-1.996007984031936E-4		_
com.google.javascript.jscomp.AbstractCommandLineRunner#void#createDefineOrTweakReplacements#?,List<String>,CompilerOptions,boolean#1293	-3.992015968063872E-4	0.0	-1.996007984031936E-4		_
com.google.javascript.jscomp.AbstractCommandLineRunner#void#createDefineOrTweakReplacements#?,List<String>,CompilerOptions,boolean#1298	-3.992015968063872E-4	0.0	-1.996007984031936E-4		_
com.google.javascript.jscomp.AbstractCommandLineRunner#void#createDefineOrTweakReplacements#?,List<String>,CompilerOptions,boolean#1297	-3.992015968063872E-4	0.0	-1.996007984031936E-4		_
com.google.javascript.jscomp.AbstractCommandLineRunner#void#createDefineOrTweakReplacements#?,List<String>,CompilerOptions,boolean#1295	-3.992015968063872E-4	0.0	-1.996007984031936E-4		_
com.google.javascript.jscomp.NodeUtil#boolean#functionCallHasSideEffects#?,Node,AbstractCompiler#1032	-3.992015968063872E-4	0.0	-1.996007984031936E-4		_
com.google.javascript.jscomp.AstValidator#void#validateStatement#?,Node#150	-3.992015968063872E-4	0.0	-1.996007984031936E-4		_
com.google.javascript.jscomp.PeepholeSubstituteAlternateSyntax#Node#tryMinimizeCondition#?,Node#1228	-3.992015968063872E-4	0.0	-1.996007984031936E-4		_
com.google.javascript.rhino.JSDocInfo#void#setType#?,JSTypeExpression,int#1019	-3.992015968063872E-4	0.0	-1.996007984031936E-4		_
com.google.javascript.jscomp.CompilerOptions#Map<String,Node>#getReplacementsHelper#?,Map<String,Object>#970	-3.992015968063872E-4	0.0	-1.996007984031936E-4		_
com.google.javascript.jscomp.CompilerOptions#Map<String,Node>#getReplacementsHelper#?,Map<String,Object>#969	-3.992015968063872E-4	0.0	-1.996007984031936E-4		_
com.google.javascript.jscomp.CompilerOptions#Map<String,Node>#getReplacementsHelper#?,Map<String,Object>#963	-3.992015968063872E-4	0.0	-1.996007984031936E-4		_
com.google.javascript.jscomp.deps.SortedDependencies#?#SortedDependencies#?,List<INPUT>#102	-3.992015968063872E-4	0.0	-1.996007984031936E-4		_
com.google.javascript.jscomp.deps.SortedDependencies#?#SortedDependencies#?,List<INPUT>#103	-3.992015968063872E-4	0.0	-1.996007984031936E-4		_
com.google.javascript.jscomp.deps.SortedDependencies#?#SortedDependencies#?,List<INPUT>#105	-3.992015968063872E-4	0.0	-1.996007984031936E-4		_
com.google.javascript.jscomp.Compiler#void#hoistExterns#?,Node#1399	-3.992015968063872E-4	0.0	-1.996007984031936E-4		_
com.google.javascript.jscomp.Compiler#void#hoistExterns#?,Node#1394	-3.992015968063872E-4	0.0	-1.996007984031936E-4		_
com.google.javascript.jscomp.Compiler#void#hoistExterns#?,Node#1389	-3.992015968063872E-4	0.0	-1.996007984031936E-4		_
com.google.javascript.jscomp.Compiler#void#hoistExterns#?,Node#1388	-3.992015968063872E-4	0.0	-1.996007984031936E-4		_
com.google.javascript.jscomp.Compiler#void#hoistExterns#?,Node#1393	-3.992015968063872E-4	0.0	-1.996007984031936E-4		_
com.google.javascript.jscomp.Compiler#void#hoistExterns#?,Node#1391	-3.992015968063872E-4	0.0	-1.996007984031936E-4		_
com.google.javascript.rhino.Token#String#name#?,int#189	-3.992015968063872E-4	0.0	-1.996007984031936E-4		_
com.google.javascript.jscomp.parsing.JsDocInfoParser#void#checkExtendedTypes#?,List<ExtendedTypeInfo>#960	-3.992015968063872E-4	0.0	-1.996007984031936E-4		_
com.google.javascript.rhino.Node#boolean#isEquivalentTo#?,Node,boolean,boolean#1516	-3.992015968063872E-4	0.0	-1.996007984031936E-4		_
com.google.javascript.jscomp.PeepholeSubstituteAlternateSyntax#Node#tryMinimizeCondition#?,Node#1281	-3.992015968063872E-4	0.0	-1.996007984031936E-4		_
com.google.javascript.jscomp.PeepholeSubstituteAlternateSyntax#Node#tryMinimizeCondition#?,Node#1282	-3.992015968063872E-4	0.0	-1.996007984031936E-4		_
com.google.javascript.jscomp.PeepholeSubstituteAlternateSyntax#Node#tryMinimizeCondition#?,Node#1283	-3.992015968063872E-4	0.0	-1.996007984031936E-4		_
com.google.javascript.jscomp.PeepholeSubstituteAlternateSyntax#Node#tryMinimizeCondition#?,Node#1276	-3.992015968063872E-4	0.0	-1.996007984031936E-4		_
com.google.javascript.jscomp.PeepholeSubstituteAlternateSyntax#Node#tryMinimizeCondition#?,Node#1277	-3.992015968063872E-4	0.0	-1.996007984031936E-4		_
com.google.javascript.jscomp.ShadowVariables$DoShadowVariables#void#enterScope#?,NodeTraversal#213	-3.992015968063872E-4	0.0	-1.996007984031936E-4		_
com.google.javascript.jscomp.parsing.IRFactory$TransformDispatcher#Node#processObjectLiteral#?,ObjectLiteral#818	-3.992015968063872E-4	0.0	-1.996007984031936E-4		_
com.google.javascript.jscomp.parsing.IRFactory$TransformDispatcher#Node#processObjectLiteral#?,ObjectLiteral#817	-3.992015968063872E-4	0.0	-1.996007984031936E-4		_
com.google.javascript.jscomp.parsing.TypeSafeDispatcher#T#process#?,AstNode#284	-3.992015968063872E-4	0.0	-1.996007984031936E-4		_
com.google.javascript.rhino.jstype.ObjectType#boolean#isUnknownType#?#500	-3.992015968063872E-4	0.0	-1.996007984031936E-4		_
com.google.javascript.rhino.jstype.ObjectType#boolean#isUnknownType#?#501	-3.992015968063872E-4	0.0	-1.996007984031936E-4		_
com.google.javascript.jscomp.DefaultPassConfig#List<PassFactory>#getOptimizations#?#589	-3.992015968063872E-4	0.0	-1.996007984031936E-4		_
com.google.javascript.jscomp.NodeUtil#boolean#isLiteralValue#?,Node,boolean#605	-3.992015968063872E-4	0.0	-1.996007984031936E-4		_
com.google.javascript.jscomp.NodeUtil#boolean#isLiteralValue#?,Node,boolean#601	-3.992015968063872E-4	0.0	-1.996007984031936E-4		_
com.google.javascript.jscomp.GlobalVarReferenceMap#void#updateGlobalVarReferences#?,Map<Var,ReferenceCollection>,Node#108	-3.992015968063872E-4	0.0	-1.996007984031936E-4		_
com.google.javascript.jscomp.GlobalVarReferenceMap#void#updateGlobalVarReferences#?,Map<Var,ReferenceCollection>,Node#107	-3.992015968063872E-4	0.0	-1.996007984031936E-4		_
com.google.javascript.jscomp.MaybeReachingVariableUse#void#computeMayUse#?,Node,Node,ReachingUses,boolean#173	-3.992015968063872E-4	0.0	-1.996007984031936E-4		_
com.google.javascript.jscomp.AbstractCommandLineRunner#void#setRunOptions#?,CompilerOptions#294	-3.992015968063872E-4	0.0	-1.996007984031936E-4		_
com.google.javascript.jscomp.AbstractCommandLineRunner#void#setRunOptions#?,CompilerOptions#276	-3.992015968063872E-4	0.0	-1.996007984031936E-4		_
com.google.javascript.jscomp.AbstractCommandLineRunner#void#setRunOptions#?,CompilerOptions#259	-3.992015968063872E-4	0.0	-1.996007984031936E-4		_
com.google.javascript.jscomp.GlobalVarReferenceMap#void#updateGlobalVarReferences#?,Map<Var,ReferenceCollection>,Node#112	-3.992015968063872E-4	0.0	-1.996007984031936E-4		_
com.google.javascript.jscomp.AbstractCommandLineRunner#void#setRunOptions#?,CompilerOptions#231	-3.992015968063872E-4	0.0	-1.996007984031936E-4		_
com.google.javascript.jscomp.NodeUtil#boolean#isRelationalOperation#?,Node#541	-3.992015968063872E-4	0.0	-1.996007984031936E-4		_
com.google.javascript.jscomp.ProcessClosurePrimitives#void#visit#?,NodeTraversal,Node,Node#203	-3.992015968063872E-4	0.0	-1.996007984031936E-4		_
com.google.javascript.rhino.JSDocInfoBuilder#boolean#recordReturnType#?,JSTypeExpression#488	-3.992015968063872E-4	0.0	-1.996007984031936E-4		_
com.google.javascript.jscomp.PeepholeSubstituteAlternateSyntax#Node#tryMinimizeIf#?,Node#767	-3.992015968063872E-4	0.0	-1.996007984031936E-4		_
com.google.javascript.jscomp.PeepholeSubstituteAlternateSyntax#Node#tryMinimizeIf#?,Node#768	-3.992015968063872E-4	0.0	-1.996007984031936E-4		_
com.google.javascript.jscomp.PeepholeSubstituteAlternateSyntax#Node#tryMinimizeIf#?,Node#779	-3.992015968063872E-4	0.0	-1.996007984031936E-4		_
com.google.javascript.jscomp.PeepholeSubstituteAlternateSyntax#Node#tryMinimizeIf#?,Node#778	-3.992015968063872E-4	0.0	-1.996007984031936E-4		_
com.google.javascript.jscomp.PeepholeSubstituteAlternateSyntax#Node#tryMinimizeIf#?,Node#777	-3.992015968063872E-4	0.0	-1.996007984031936E-4		_
com.google.javascript.jscomp.PeepholeSubstituteAlternateSyntax#Node#tryMinimizeIf#?,Node#776	-3.992015968063872E-4	0.0	-1.996007984031936E-4		_
com.google.javascript.jscomp.PeepholeSubstituteAlternateSyntax#Node#tryMinimizeIf#?,Node#775	-3.992015968063872E-4	0.0	-1.996007984031936E-4		_
com.google.javascript.jscomp.PeepholeSubstituteAlternateSyntax#Node#tryMinimizeIf#?,Node#781	-3.992015968063872E-4	0.0	-1.996007984031936E-4		_
com.google.javascript.jscomp.PeepholeSubstituteAlternateSyntax#Node#tryMinimizeIf#?,Node#782	-3.992015968063872E-4	0.0	-1.996007984031936E-4		_
com.google.javascript.jscomp.PeepholeSubstituteAlternateSyntax#Node#tryMinimizeIf#?,Node#785	-3.992015968063872E-4	0.0	-1.996007984031936E-4		_
com.google.javascript.jscomp.PeepholeSubstituteAlternateSyntax#Node#tryMinimizeIf#?,Node#784	-3.992015968063872E-4	0.0	-1.996007984031936E-4		_
com.google.javascript.jscomp.PeepholeSubstituteAlternateSyntax#Node#tryMinimizeIf#?,Node#786	-3.992015968063872E-4	0.0	-1.996007984031936E-4		_
com.google.javascript.jscomp.PeepholeSubstituteAlternateSyntax#Node#tryMinimizeIf#?,Node#788	-3.992015968063872E-4	0.0	-1.996007984031936E-4		_
com.google.javascript.jscomp.NodeUtil#boolean#isLatin#?,String#2407	-3.992015968063872E-4	0.0	-1.996007984031936E-4		_
com.google.javascript.jscomp.CheckSideEffects#void#visit#?,NodeTraversal,Node,Node#152	-3.992015968063872E-4	0.0	-1.996007984031936E-4		_
com.google.javascript.jscomp.AbstractCommandLineRunner#int#doRun#?#720	-3.992015968063872E-4	0.0	-1.996007984031936E-4		_
com.google.javascript.rhino.JSDocInfo#int#getExtendedInterfacesCount#?#1301	-3.992015968063872E-4	0.0	-1.996007984031936E-4		_
com.google.javascript.jscomp.RemoveUnusedVars#void#traverseNode#?,Node,Node,Scope#269	-3.992015968063872E-4	0.0	-1.996007984031936E-4		_
com.google.javascript.jscomp.NodeUtil#TernaryValue#getImpureBooleanValue#?,Node#108	-3.992015968063872E-4	0.0	-1.996007984031936E-4		_
com.google.javascript.jscomp.ControlFlowGraph#boolean#isEnteringNewCfgNode#?,Node#185	-3.992015968063872E-4	0.0	-1.996007984031936E-4		_
com.google.javascript.jscomp.PeepholeRemoveDeadCode#void#tryOptimizeConditionalAfterAssign#?,Node#530	-3.992015968063872E-4	0.0	-1.996007984031936E-4		_
com.google.javascript.jscomp.ControlFlowAnalysis#void#visit#?,NodeTraversal,Node,Node#347	-3.992015968063872E-4	0.0	-1.996007984031936E-4		_
com.google.javascript.jscomp.ControlFlowAnalysis#void#visit#?,NodeTraversal,Node,Node#348	-3.992015968063872E-4	0.0	-1.996007984031936E-4		_
com.google.javascript.jscomp.ProcessDefines$CollectDefines#void#visit#?,NodeTraversal,Node,Node#362	-3.992015968063872E-4	0.0	-1.996007984031936E-4		_
com.google.javascript.jscomp.ProcessDefines$CollectDefines#void#visit#?,NodeTraversal,Node,Node#363	-3.992015968063872E-4	0.0	-1.996007984031936E-4		_
com.google.javascript.jscomp.Normalize$FindExposeAnnotations#void#visit#?,NodeTraversal,Node,Node#172	-3.992015968063872E-4	0.0	-1.996007984031936E-4		_
com.google.javascript.jscomp.CodeGenerator#String#strEscape#?,String,char,String,String,String,CharsetEncoder,boolean#1033	-3.992015968063872E-4	0.0	-1.996007984031936E-4		_
com.google.javascript.jscomp.CodeGenerator#String#strEscape#?,String,char,String,String,String,CharsetEncoder,boolean#1047	-3.992015968063872E-4	0.0	-1.996007984031936E-4		_
com.google.javascript.jscomp.Normalize#void#process#?,Node,Node#151	-3.992015968063872E-4	0.0	-1.996007984031936E-4		_
com.google.javascript.jscomp.GlobalNamespace$BuildGlobalNamespace#String#getNameForObjLitKey#?,Node#499	-3.992015968063872E-4	0.0	-1.996007984031936E-4		_
com.google.javascript.jscomp.ControlStructureCheck#void#check#?,Node#61	-3.992015968063872E-4	0.0	-1.996007984031936E-4		_
com.google.javascript.jscomp.DefaultPassConfig#List<PassFactory>#getChecks#?#226	-3.992015968063872E-4	0.0	-1.996007984031936E-4		_
com.google.javascript.jscomp.DefaultPassConfig#List<PassFactory>#getChecks#?#249	-3.992015968063872E-4	0.0	-1.996007984031936E-4		_
com.google.javascript.jscomp.DataFlowAnalysis#?#DataFlowAnalysis#?,ControlFlowGraph<N>,JoinOp<L>#128	-3.992015968063872E-4	0.0	-1.996007984031936E-4		_
com.google.javascript.jscomp.MustBeReachingVariableDef#void#computeMustDef#?,Node,Node,MustDef,boolean#242	-3.992015968063872E-4	0.0	-1.996007984031936E-4		_
com.google.javascript.jscomp.PeepholeCollectPropertyAssignments#Node#optimizeSubtree#?,Node#64	-3.992015968063872E-4	0.0	-1.996007984031936E-4		_
com.google.javascript.jscomp.PeepholeRemoveDeadCode#void#tryOptimizeConditionalAfterAssign#?,Node#526	-3.992015968063872E-4	0.0	-1.996007984031936E-4		_
com.google.javascript.jscomp.PeepholeRemoveDeadCode#void#tryOptimizeConditionalAfterAssign#?,Node#525	-3.992015968063872E-4	0.0	-1.996007984031936E-4		_
com.google.javascript.jscomp.PeepholeRemoveDeadCode#void#tryOptimizeConditionalAfterAssign#?,Node#528	-3.992015968063872E-4	0.0	-1.996007984031936E-4		_
com.google.javascript.jscomp.PeepholeRemoveDeadCode#void#tryOptimizeConditionalAfterAssign#?,Node#524	-3.992015968063872E-4	0.0	-1.996007984031936E-4		_
com.google.javascript.jscomp.PeepholeRemoveDeadCode#void#tryOptimizeConditionalAfterAssign#?,Node#523	-3.992015968063872E-4	0.0	-1.996007984031936E-4		_
com.google.javascript.jscomp.ReorderConstantExpression#Node#optimizeSubtree#?,Node#43	-3.992015968063872E-4	0.0	-1.996007984031936E-4		_
com.google.javascript.jscomp.ReorderConstantExpression#Node#optimizeSubtree#?,Node#44	-3.992015968063872E-4	0.0	-1.996007984031936E-4		_
com.google.javascript.rhino.TokenStream#boolean#isJSIdentifier#?,String#198	-3.992015968063872E-4	0.0	-1.996007984031936E-4		_
com.google.javascript.jscomp.ExploitAssigns#boolean#collapseAssignEqualTo#?,Node,Node,Node#188	-5.322687957418496E-4	0.0	-2.661343978709248E-4		_
com.google.javascript.jscomp.ExploitAssigns#boolean#collapseAssignEqualTo#?,Node,Node,Node#189	-5.322687957418496E-4	0.0	-2.661343978709248E-4		_
com.google.javascript.jscomp.PeepholeFoldConstants#Node#tryFoldAndOr#?,Node,Node,Node#578	-5.322687957418496E-4	0.0	-2.661343978709248E-4		_
com.google.javascript.jscomp.PeepholeFoldConstants#Node#tryFoldAssign#?,Node,Node,Node#479	-5.322687957418496E-4	0.0	-2.661343978709248E-4		_
com.google.javascript.jscomp.PeepholeFoldConstants#Node#tryFoldAssign#?,Node,Node,Node#483	-5.322687957418496E-4	0.0	-2.661343978709248E-4		_
com.google.javascript.jscomp.AstValidator#void#validateNodeType#?,int,Node#768	-5.322687957418496E-4	0.0	-2.661343978709248E-4		_
com.google.javascript.jscomp.parsing.IRFactory#int#transformTokenType#?,int#1248	-5.322687957418496E-4	0.0	-2.661343978709248E-4		_
com.google.javascript.jscomp.GlobalNamespace$BuildGlobalNamespace#boolean#maybeHandlePrototypePrefix#?,NodeTraversal,Node,Node,String#809	-5.322687957418496E-4	0.0	-2.661343978709248E-4		_
com.google.javascript.jscomp.NodeUtil#int#precedence#?,int#1182	-5.322687957418496E-4	0.0	-2.661343978709248E-4		_
com.google.javascript.jscomp.NodeUtil#int#precedence#?,int#1183	-5.322687957418496E-4	0.0	-2.661343978709248E-4		_
com.google.javascript.jscomp.parsing.JsDocInfoParser#Node#parseTypeName#?,JsDocToken#1771	-5.322687957418496E-4	0.0	-2.661343978709248E-4		_
com.google.javascript.jscomp.parsing.JsDocInfoParser#Node#parseTypeName#?,JsDocToken#1773	-5.322687957418496E-4	0.0	-2.661343978709248E-4		_
com.google.javascript.jscomp.parsing.JsDocInfoParser#Node#parseTypeName#?,JsDocToken#1775	-5.322687957418496E-4	0.0	-2.661343978709248E-4		_
com.google.javascript.jscomp.parsing.JsDocInfoParser#Node#parseTypeName#?,JsDocToken#1774	-5.322687957418496E-4	0.0	-2.661343978709248E-4		_
com.google.javascript.jscomp.parsing.JsDocInfoParser#Node#parseTypeName#?,JsDocToken#1776	-5.322687957418496E-4	0.0	-2.661343978709248E-4		_
com.google.javascript.jscomp.parsing.JsDocInfoParser#Node#parseTypeName#?,JsDocToken#1791	-5.322687957418496E-4	0.0	-2.661343978709248E-4		_
com.google.javascript.jscomp.parsing.IRFactory#int#transformTokenType#?,int#1323	-5.322687957418496E-4	0.0	-2.661343978709248E-4		_
com.google.javascript.rhino.Token#String#name#?,int#264	-5.322687957418496E-4	0.0	-2.661343978709248E-4		_
com.google.javascript.rhino.Token#String#name#?,int#212	-5.322687957418496E-4	0.0	-2.661343978709248E-4		_
com.google.javascript.rhino.Token#String#name#?,int#257	-5.322687957418496E-4	0.0	-2.661343978709248E-4		_
com.google.javascript.jscomp.PeepholeFoldConstants#Node#tryFoldGetProp#?,Node,Node,Node#1376	-5.322687957418496E-4	0.0	-2.661343978709248E-4		_
com.google.javascript.rhino.Token#String#name#?,int#226	-5.322687957418496E-4	0.0	-2.661343978709248E-4		_
com.google.javascript.jscomp.Compiler#ErrorManager#getErrorManager#?#2204	-5.322687957418496E-4	0.0	-2.661343978709248E-4		_
com.google.javascript.jscomp.ExploitAssigns#void#collapseAssign#?,Node,Node,Node#52	-5.322687957418496E-4	0.0	-2.661343978709248E-4		_
com.google.javascript.jscomp.RenameLabels$ProcessLabels#void#visit#?,NodeTraversal,Node,Node#177	-5.322687957418496E-4	0.0	-2.661343978709248E-4		_
com.google.javascript.jscomp.RenameLabels$ProcessLabels#void#visit#?,NodeTraversal,Node,Node#178	-5.322687957418496E-4	0.0	-2.661343978709248E-4		_
com.google.javascript.jscomp.RemoveUnusedVars#boolean#isRemovableVar#?,Var#311	-5.322687957418496E-4	0.0	-2.661343978709248E-4		_
com.google.javascript.jscomp.deps.JsFileParser#boolean#parseLine#?,String#180	-5.322687957418496E-4	0.0	-2.661343978709248E-4		_
com.google.javascript.jscomp.deps.JsFileParser#boolean#parseLine#?,String#183	-5.322687957418496E-4	0.0	-2.661343978709248E-4		_
com.google.javascript.jscomp.ClosureOptimizePrimitives#void#processObjectCreateCalls#?,List<Node>#85	-5.322687957418496E-4	0.0	-2.661343978709248E-4		_
com.google.javascript.jscomp.ClosureOptimizePrimitives#void#processObjectCreateCalls#?,List<Node>#82	-5.322687957418496E-4	0.0	-2.661343978709248E-4		_
com.google.javascript.jscomp.ClosureOptimizePrimitives#void#processObjectCreateCalls#?,List<Node>#83	-5.322687957418496E-4	0.0	-2.661343978709248E-4		_
com.google.javascript.jscomp.ClosureOptimizePrimitives#void#processObjectCreateCalls#?,List<Node>#88	-5.322687957418496E-4	0.0	-2.661343978709248E-4		_
com.google.javascript.jscomp.ClosureOptimizePrimitives#void#processObjectCreateCalls#?,List<Node>#86	-5.322687957418496E-4	0.0	-2.661343978709248E-4		_
com.google.javascript.jscomp.CodeGenerator#String#jsString#?,String,boolean#982	-5.322687957418496E-4	0.0	-2.661343978709248E-4		_
com.google.javascript.jscomp.CodeGenerator#String#jsString#?,String,boolean#983	-5.322687957418496E-4	0.0	-2.661343978709248E-4		_
com.google.javascript.jscomp.ClosureOptimizePrimitives#void#processObjectCreateCalls#?,List<Node>#80	-5.322687957418496E-4	0.0	-2.661343978709248E-4		_
com.google.javascript.jscomp.ClosureOptimizePrimitives#void#processObjectCreateCalls#?,List<Node>#81	-5.322687957418496E-4	0.0	-2.661343978709248E-4		_
com.google.javascript.jscomp.CodeGenerator#String#jsString#?,String,boolean#984	-5.322687957418496E-4	0.0	-2.661343978709248E-4		_
com.google.javascript.jscomp.ClosureOptimizePrimitives#void#processObjectCreateCalls#?,List<Node>#93	-5.322687957418496E-4	0.0	-2.661343978709248E-4		_
com.google.javascript.jscomp.ClosureOptimizePrimitives#void#processObjectCreateCalls#?,List<Node>#94	-5.322687957418496E-4	0.0	-2.661343978709248E-4		_
com.google.javascript.jscomp.ClosureOptimizePrimitives#void#processObjectCreateCalls#?,List<Node>#92	-5.322687957418496E-4	0.0	-2.661343978709248E-4		_
com.google.javascript.jscomp.AstValidator#void#validateStatement#?,Node#147	-5.322687957418496E-4	0.0	-2.661343978709248E-4		_
com.google.javascript.jscomp.CodeGenerator#String#jsString#?,String,boolean#974	-5.322687957418496E-4	0.0	-2.661343978709248E-4		_
com.google.javascript.jscomp.CodeGenerator#String#jsString#?,String,boolean#973	-5.322687957418496E-4	0.0	-2.661343978709248E-4		_
com.google.javascript.jscomp.AstValidator#void#validateStatement#?,Node#148	-5.322687957418496E-4	0.0	-2.661343978709248E-4		_
com.google.javascript.jscomp.PeepholeSubstituteAlternateSyntax#Node#tryMinimizeCondition#?,Node#1130	-5.322687957418496E-4	0.0	-2.661343978709248E-4		_
com.google.javascript.jscomp.PeepholeSubstituteAlternateSyntax#Node#tryMinimizeCondition#?,Node#1133	-5.322687957418496E-4	0.0	-2.661343978709248E-4		_
com.google.javascript.jscomp.PeepholeSubstituteAlternateSyntax#Node#tryMinimizeCondition#?,Node#1128	-5.322687957418496E-4	0.0	-2.661343978709248E-4		_
com.google.javascript.jscomp.PeepholeSubstituteAlternateSyntax#Node#tryMinimizeCondition#?,Node#1129	-5.322687957418496E-4	0.0	-2.661343978709248E-4		_
com.google.javascript.jscomp.NodeTraversal#void#traverseRoots#?,List<Node>#309	-5.322687957418496E-4	0.0	-2.661343978709248E-4		_
com.google.javascript.jscomp.CoalesceVariableNames#void#visit#?,NodeTraversal,Node,Node#186	-5.322687957418496E-4	0.0	-2.661343978709248E-4		_
com.google.javascript.jscomp.CoalesceVariableNames#void#visit#?,NodeTraversal,Node,Node#188	-5.322687957418496E-4	0.0	-2.661343978709248E-4		_
com.google.javascript.jscomp.CoalesceVariableNames#void#visit#?,NodeTraversal,Node,Node#180	-5.322687957418496E-4	0.0	-2.661343978709248E-4		_
com.google.javascript.jscomp.CoalesceVariableNames#void#visit#?,NodeTraversal,Node,Node#181	-5.322687957418496E-4	0.0	-2.661343978709248E-4		_
com.google.javascript.jscomp.CoalesceVariableNames#void#visit#?,NodeTraversal,Node,Node#182	-5.322687957418496E-4	0.0	-2.661343978709248E-4		_
com.google.javascript.jscomp.CoalesceVariableNames#void#visit#?,NodeTraversal,Node,Node#193	-5.322687957418496E-4	0.0	-2.661343978709248E-4		_
com.google.javascript.jscomp.CoalesceVariableNames#void#visit#?,NodeTraversal,Node,Node#194	-5.322687957418496E-4	0.0	-2.661343978709248E-4		_
com.google.javascript.jscomp.PeepholeSubstituteAlternateSyntax#Node#tryMinimizeCondition#?,Node#1227	-5.322687957418496E-4	0.0	-2.661343978709248E-4		_
com.google.javascript.jscomp.parsing.IRFactory$TransformDispatcher#Node#processFunctionNode#?,FunctionNode#689	-5.322687957418496E-4	0.0	-2.661343978709248E-4		_
com.google.javascript.jscomp.CoalesceVariableNames#void#visit#?,NodeTraversal,Node,Node#179	-5.322687957418496E-4	0.0	-2.661343978709248E-4		_
com.google.javascript.jscomp.CompilerOptions#Map<String,Node>#getReplacementsHelper#?,Map<String,Object>#966	-5.322687957418496E-4	0.0	-2.661343978709248E-4		_
com.google.javascript.jscomp.CompilerOptions#Map<String,Node>#getReplacementsHelper#?,Map<String,Object>#964	-5.322687957418496E-4	0.0	-2.661343978709248E-4		_
com.google.javascript.jscomp.MaybeReachingVariableUse#void#computeMayUse#?,Node,Node,ReachingUses,boolean#222	-5.322687957418496E-4	0.0	-2.661343978709248E-4		_
com.google.javascript.jscomp.RenameVars$ProcessVars#void#visit#?,NodeTraversal,Node,Node#250	-5.322687957418496E-4	0.0	-2.661343978709248E-4		_
com.google.javascript.jscomp.RenameVars$ProcessVars#void#visit#?,NodeTraversal,Node,Node#252	-5.322687957418496E-4	0.0	-2.661343978709248E-4		_
com.google.javascript.jscomp.ClosureCodeRemoval#void#process#?,Node,Node#215	-5.322687957418496E-4	0.0	-2.661343978709248E-4		_
com.google.javascript.jscomp.InlineVariables$InliningBehavior#void#doInlinesForScope#?,NodeTraversal,ReferenceMap#217	-5.322687957418496E-4	0.0	-2.661343978709248E-4		_
com.google.javascript.jscomp.PeepholeRemoveDeadCode#Node#trySimplifyUnusedResult#?,Node,boolean#188	-5.322687957418496E-4	0.0	-2.661343978709248E-4		_
com.google.javascript.jscomp.PeepholeRemoveDeadCode#Node#trySimplifyUnusedResult#?,Node,boolean#189	-5.322687957418496E-4	0.0	-2.661343978709248E-4		_
com.google.javascript.jscomp.PeepholeRemoveDeadCode#Node#trySimplifyUnusedResult#?,Node,boolean#250	-5.322687957418496E-4	0.0	-2.661343978709248E-4		_
com.google.javascript.jscomp.ProcessClosurePrimitives#void#handleTypedefDefinition#?,NodeTraversal,Node,Node#349	-5.322687957418496E-4	0.0	-2.661343978709248E-4		_
com.google.javascript.jscomp.ExploitAssigns#boolean#collapseAssignEqualTo#?,Node,Node,Node#191	-5.322687957418496E-4	0.0	-2.661343978709248E-4		_
com.google.javascript.jscomp.ExploitAssigns#boolean#collapseAssignEqualTo#?,Node,Node,Node#190	-5.322687957418496E-4	0.0	-2.661343978709248E-4		_
com.google.javascript.rhino.JSDocInfoBuilder#boolean#recordConstructor#?#708	-5.322687957418496E-4	0.0	-2.661343978709248E-4		_
com.google.javascript.jscomp.PeepholeRemoveDeadCode#Node#trySimplifyUnusedResult#?,Node,boolean#205	-5.322687957418496E-4	0.0	-2.661343978709248E-4		_
com.google.javascript.jscomp.PeepholeRemoveDeadCode#Node#trySimplifyUnusedResult#?,Node,boolean#208	-5.322687957418496E-4	0.0	-2.661343978709248E-4		_
com.google.javascript.jscomp.ProcessClosurePrimitives#void#handleTypedefDefinition#?,NodeTraversal,Node,Node#350	-5.322687957418496E-4	0.0	-2.661343978709248E-4		_
com.google.javascript.jscomp.ProcessClosurePrimitives#void#handleTypedefDefinition#?,NodeTraversal,Node,Node#351	-5.322687957418496E-4	0.0	-2.661343978709248E-4		_
com.google.javascript.jscomp.ProcessClosurePrimitives#void#handleTypedefDefinition#?,NodeTraversal,Node,Node#352	-5.322687957418496E-4	0.0	-2.661343978709248E-4		_
com.google.javascript.jscomp.ProcessClosurePrimitives#void#handleTypedefDefinition#?,NodeTraversal,Node,Node#353	-5.322687957418496E-4	0.0	-2.661343978709248E-4		_
com.google.javascript.jscomp.TransformAMDToCJSModule$TransformAMDModulesCallback#void#visit#?,NodeTraversal,Node,Node#112	-5.322687957418496E-4	0.0	-2.661343978709248E-4		_
com.google.javascript.jscomp.TransformAMDToCJSModule$TransformAMDModulesCallback#void#visit#?,NodeTraversal,Node,Node#111	-5.322687957418496E-4	0.0	-2.661343978709248E-4		_
com.google.javascript.jscomp.TransformAMDToCJSModule$TransformAMDModulesCallback#void#visit#?,NodeTraversal,Node,Node#110	-5.322687957418496E-4	0.0	-2.661343978709248E-4		_
com.google.javascript.jscomp.TransformAMDToCJSModule$TransformAMDModulesCallback#void#visit#?,NodeTraversal,Node,Node#131	-5.322687957418496E-4	0.0	-2.661343978709248E-4		_
com.google.javascript.jscomp.TransformAMDToCJSModule$TransformAMDModulesCallback#void#visit#?,NodeTraversal,Node,Node#130	-5.322687957418496E-4	0.0	-2.661343978709248E-4		_
com.google.javascript.jscomp.TransformAMDToCJSModule$TransformAMDModulesCallback#void#visit#?,NodeTraversal,Node,Node#127	-5.322687957418496E-4	0.0	-2.661343978709248E-4		_
com.google.javascript.jscomp.TransformAMDToCJSModule$TransformAMDModulesCallback#void#visit#?,NodeTraversal,Node,Node#126	-5.322687957418496E-4	0.0	-2.661343978709248E-4		_
com.google.javascript.jscomp.TransformAMDToCJSModule$TransformAMDModulesCallback#void#visit#?,NodeTraversal,Node,Node#124	-5.322687957418496E-4	0.0	-2.661343978709248E-4		_
com.google.javascript.jscomp.RemoveUnusedVars#void#interpretAssigns#?#741	-5.322687957418496E-4	0.0	-2.661343978709248E-4		_
com.google.javascript.jscomp.AstValidator#void#validateHasInputId#?,Node#308	-5.322687957418496E-4	0.0	-2.661343978709248E-4		_
com.google.javascript.jscomp.CodeGenerator#void#add#?,Node,Context#585	-5.322687957418496E-4	0.0	-2.661343978709248E-4		_
com.google.javascript.jscomp.CodeGenerator#void#add#?,Node,Context#586	-5.322687957418496E-4	0.0	-2.661343978709248E-4		_
com.google.javascript.jscomp.CodeGenerator#void#add#?,Node,Context#587	-5.322687957418496E-4	0.0	-2.661343978709248E-4		_
com.google.javascript.jscomp.CodeGenerator#void#add#?,Node,Context#588	-5.322687957418496E-4	0.0	-2.661343978709248E-4		_
com.google.javascript.jscomp.AstValidator#void#validateIsSynthetic#?,Node#294	-5.322687957418496E-4	0.0	-2.661343978709248E-4		_
com.google.javascript.jscomp.ProcessClosurePrimitives#void#process#?,Node,Node#159	-5.322687957418496E-4	0.0	-2.661343978709248E-4		_
com.google.javascript.jscomp.NodeUtil#String#opToStr#?,int#2129	-5.322687957418496E-4	0.0	-2.661343978709248E-4		_
com.google.javascript.jscomp.NodeUtil#String#opToStr#?,int#2131	-5.322687957418496E-4	0.0	-2.661343978709248E-4		_
com.google.javascript.jscomp.NodeUtil#String#opToStr#?,int#2138	-5.322687957418496E-4	0.0	-2.661343978709248E-4		_
com.google.javascript.jscomp.NodeUtil#String#opToStr#?,int#2139	-5.322687957418496E-4	0.0	-2.661343978709248E-4		_
com.google.javascript.jscomp.NodeUtil#TernaryValue#getImpureBooleanValue#?,Node#88	-5.322687957418496E-4	0.0	-2.661343978709248E-4		_
com.google.javascript.jscomp.NodeUtil#TernaryValue#getImpureBooleanValue#?,Node#87	-5.322687957418496E-4	0.0	-2.661343978709248E-4		_
com.google.javascript.jscomp.NodeUtil#TernaryValue#getImpureBooleanValue#?,Node#86	-5.322687957418496E-4	0.0	-2.661343978709248E-4		_
com.google.javascript.jscomp.CoalesceVariableNames#void#enterScope#?,NodeTraversal#123	-5.322687957418496E-4	0.0	-2.661343978709248E-4		_
com.google.javascript.jscomp.CodeGenerator#boolean#isOneExactlyFunctionOrDo#?,Node#875	-5.322687957418496E-4	0.0	-2.661343978709248E-4		_
com.google.javascript.jscomp.CodeGenerator#boolean#isOneExactlyFunctionOrDo#?,Node#870	-5.322687957418496E-4	0.0	-2.661343978709248E-4		_
com.google.javascript.jscomp.CodeGenerator#void#add#?,Node,Context#346	-5.322687957418496E-4	0.0	-2.661343978709248E-4		_
com.google.javascript.jscomp.CodeGenerator#void#add#?,Node,Context#342	-5.322687957418496E-4	0.0	-2.661343978709248E-4		_
com.google.javascript.jscomp.CodeGenerator#void#add#?,Node,Context#343	-5.322687957418496E-4	0.0	-2.661343978709248E-4		_
com.google.javascript.jscomp.CodeGenerator#void#add#?,Node,Context#344	-5.322687957418496E-4	0.0	-2.661343978709248E-4		_
com.google.javascript.jscomp.ProcessDefines#Map<String,DefineInfo>#collectDefines#?,Node,GlobalNamespace#201	-5.322687957418496E-4	0.0	-2.661343978709248E-4		_
com.google.javascript.jscomp.ControlFlowGraph#boolean#isEnteringNewCfgNode#?,Node#187	-5.322687957418496E-4	0.0	-2.661343978709248E-4		_
com.google.javascript.jscomp.ProcessDefines$CollectDefines#void#visit#?,NodeTraversal,Node,Node#323	-5.322687957418496E-4	0.0	-2.661343978709248E-4		_
com.google.javascript.jscomp.MustBeReachingVariableDef#void#computeMustDef#?,Node,Node,MustDef,boolean#295	-5.322687957418496E-4	0.0	-2.661343978709248E-4		_
com.google.javascript.jscomp.ProcessDefines$CollectDefines#void#visit#?,NodeTraversal,Node,Node#320	-5.322687957418496E-4	0.0	-2.661343978709248E-4		_
com.google.javascript.jscomp.ProcessDefines$CollectDefines#void#visit#?,NodeTraversal,Node,Node#321	-5.322687957418496E-4	0.0	-2.661343978709248E-4		_
com.google.javascript.jscomp.ProcessDefines$CollectDefines#void#visit#?,NodeTraversal,Node,Node#322	-5.322687957418496E-4	0.0	-2.661343978709248E-4		_
com.google.javascript.jscomp.ReplaceCssNames$Traversal#void#visit#?,NodeTraversal,Node,Node#181	-5.322687957418496E-4	0.0	-2.661343978709248E-4		_
com.google.javascript.jscomp.ReplaceCssNames$Traversal#void#visit#?,NodeTraversal,Node,Node#180	-5.322687957418496E-4	0.0	-2.661343978709248E-4		_
com.google.javascript.jscomp.ReplaceCssNames$Traversal#void#visit#?,NodeTraversal,Node,Node#182	-5.322687957418496E-4	0.0	-2.661343978709248E-4		_
com.google.javascript.jscomp.ReplaceCssNames$Traversal#void#visit#?,NodeTraversal,Node,Node#176	-5.322687957418496E-4	0.0	-2.661343978709248E-4		_
com.google.javascript.jscomp.ReplaceCssNames$Traversal#void#visit#?,NodeTraversal,Node,Node#175	-5.322687957418496E-4	0.0	-2.661343978709248E-4		_
com.google.javascript.jscomp.ReplaceCssNames$Traversal#void#visit#?,NodeTraversal,Node,Node#174	-5.322687957418496E-4	0.0	-2.661343978709248E-4		_
com.google.javascript.jscomp.NodeUtil#boolean#isSymmetricOperation#?,Node#526	-5.322687957418496E-4	0.0	-2.661343978709248E-4		_
com.google.javascript.jscomp.RemoveUnusedVars#void#removeUnreferencedVars#?#835	-5.322687957418496E-4	0.0	-2.661343978709248E-4		_
com.google.javascript.jscomp.RemoveUnusedVars#void#removeUnreferencedVars#?#834	-5.322687957418496E-4	0.0	-2.661343978709248E-4		_
com.google.javascript.jscomp.RemoveUnusedVars#void#removeUnreferencedVars#?#837	-5.322687957418496E-4	0.0	-2.661343978709248E-4		_
com.google.javascript.jscomp.GlobalNamespace$BuildGlobalNamespace#void#collect#?,NodeTraversal,Node,Node#395	-5.322687957418496E-4	0.0	-2.661343978709248E-4		_
com.google.javascript.jscomp.GlobalNamespace$BuildGlobalNamespace#void#collect#?,NodeTraversal,Node,Node#397	-5.322687957418496E-4	0.0	-2.661343978709248E-4		_
com.google.javascript.jscomp.GlobalNamespace$BuildGlobalNamespace#void#collect#?,NodeTraversal,Node,Node#396	-5.322687957418496E-4	0.0	-2.661343978709248E-4		_
com.google.javascript.jscomp.CodeGenerator#String#strEscape#?,String,char,String,String,String,CharsetEncoder,boolean#1051	-5.322687957418496E-4	0.0	-2.661343978709248E-4		_
com.google.javascript.jscomp.CodeGenerator#String#strEscape#?,String,char,String,String,String,CharsetEncoder,boolean#1058	-5.322687957418496E-4	0.0	-2.661343978709248E-4		_
com.google.javascript.jscomp.CodeGenerator#String#strEscape#?,String,char,String,String,String,CharsetEncoder,boolean#1056	-5.322687957418496E-4	0.0	-2.661343978709248E-4		_
com.google.javascript.rhino.jstype.FunctionType#ObjectType#getPrototype#?#316	-5.322687957418496E-4	0.0	-2.661343978709248E-4		_
com.google.javascript.jscomp.ProcessDefines#void#overrideDefines#?,Map<String,DefineInfo>#148	-5.322687957418496E-4	0.0	-2.661343978709248E-4		_
com.google.javascript.jscomp.ProcessDefines#void#overrideDefines#?,Map<String,DefineInfo>#149	-5.322687957418496E-4	0.0	-2.661343978709248E-4		_
com.google.javascript.jscomp.AstValidator#void#validateHasSourceName#?,Node#301	-5.322687957418496E-4	0.0	-2.661343978709248E-4		_
com.google.javascript.jscomp.DefaultPassConfig#List<PassFactory>#getChecks#?#230	-5.322687957418496E-4	0.0	-2.661343978709248E-4		_
com.google.javascript.jscomp.DefaultPassConfig#List<PassFactory>#getChecks#?#254	-5.322687957418496E-4	0.0	-2.661343978709248E-4		_
com.google.javascript.jscomp.MustBeReachingVariableDef#void#computeMustDef#?,Node,Node,MustDef,boolean#241	-5.322687957418496E-4	0.0	-2.661343978709248E-4		_
com.google.javascript.jscomp.MustBeReachingVariableDef#void#computeMustDef#?,Node,Node,MustDef,boolean#255	-5.322687957418496E-4	0.0	-2.661343978709248E-4		_
com.google.javascript.jscomp.parsing.IRFactory#void#setFileOverviewJsDoc#?,Node#208	-5.322687957418496E-4	0.0	-2.661343978709248E-4		_
com.google.javascript.jscomp.parsing.IRFactory#void#setFileOverviewJsDoc#?,Node#207	-5.322687957418496E-4	0.0	-2.661343978709248E-4		_
com.google.javascript.jscomp.ExploitAssigns#boolean#collapseAssignEqualTo#?,Node,Node,Node#145	-6.653359946773121E-4	0.0	-3.3266799733865603E-4		_
com.google.javascript.jscomp.ExploitAssigns#boolean#collapseAssignEqualTo#?,Node,Node,Node#149	-6.653359946773121E-4	0.0	-3.3266799733865603E-4		_
com.google.javascript.jscomp.NodeUtil#boolean#isLiteralValue#?,Node,boolean#592	-6.653359946773121E-4	0.0	-3.3266799733865603E-4		_
com.google.javascript.jscomp.ExploitAssigns#boolean#collapseAssignEqualTo#?,Node,Node,Node#152	-6.653359946773121E-4	0.0	-3.3266799733865603E-4		_
com.google.javascript.jscomp.ExploitAssigns#boolean#collapseAssignEqualTo#?,Node,Node,Node#151	-6.653359946773121E-4	0.0	-3.3266799733865603E-4		_
com.google.javascript.jscomp.ExploitAssigns#boolean#collapseAssignEqualTo#?,Node,Node,Node#150	-6.653359946773121E-4	0.0	-3.3266799733865603E-4		_
com.google.javascript.jscomp.PeepholeSubstituteAlternateSyntax#Node#tryReplaceIf#?,Node#361	-6.653359946773121E-4	0.0	-3.3266799733865603E-4		_
com.google.javascript.jscomp.PeepholeSubstituteAlternateSyntax#Node#tryReplaceIf#?,Node#362	-6.653359946773121E-4	0.0	-3.3266799733865603E-4		_
com.google.javascript.jscomp.PeepholeSubstituteAlternateSyntax#Node#tryReplaceIf#?,Node#363	-6.653359946773121E-4	0.0	-3.3266799733865603E-4		_
com.google.javascript.jscomp.AbstractCommandLineRunner#int#processResults#?,Result,List<JSModule>,B#819	-6.653359946773121E-4	0.0	-3.3266799733865603E-4		_
com.google.javascript.jscomp.AbstractCommandLineRunner#int#processResults#?,Result,List<JSModule>,B#814	-6.653359946773121E-4	0.0	-3.3266799733865603E-4		_
com.google.javascript.jscomp.AbstractCommandLineRunner#int#processResults#?,Result,List<JSModule>,B#812	-6.653359946773121E-4	0.0	-3.3266799733865603E-4		_
com.google.javascript.jscomp.AbstractCommandLineRunner#int#processResults#?,Result,List<JSModule>,B#826	-6.653359946773121E-4	0.0	-3.3266799733865603E-4		_
com.google.javascript.jscomp.AbstractCommandLineRunner#int#processResults#?,Result,List<JSModule>,B#825	-6.653359946773121E-4	0.0	-3.3266799733865603E-4		_
com.google.javascript.jscomp.AbstractCommandLineRunner#int#processResults#?,Result,List<JSModule>,B#821	-6.653359946773121E-4	0.0	-3.3266799733865603E-4		_
com.google.javascript.jscomp.AbstractCommandLineRunner#int#processResults#?,Result,List<JSModule>,B#837	-6.653359946773121E-4	0.0	-3.3266799733865603E-4		_
com.google.javascript.jscomp.AbstractCommandLineRunner#int#processResults#?,Result,List<JSModule>,B#839	-6.653359946773121E-4	0.0	-3.3266799733865603E-4		_
com.google.javascript.jscomp.AbstractCommandLineRunner#int#processResults#?,Result,List<JSModule>,B#830	-6.653359946773121E-4	0.0	-3.3266799733865603E-4		_
com.google.javascript.jscomp.AbstractCommandLineRunner#int#processResults#?,Result,List<JSModule>,B#833	-6.653359946773121E-4	0.0	-3.3266799733865603E-4		_
com.google.javascript.jscomp.AbstractCommandLineRunner#int#processResults#?,Result,List<JSModule>,B#843	-6.653359946773121E-4	0.0	-3.3266799733865603E-4		_
com.google.javascript.jscomp.AbstractCommandLineRunner#int#processResults#?,Result,List<JSModule>,B#845	-6.653359946773121E-4	0.0	-3.3266799733865603E-4		_
com.google.javascript.jscomp.AbstractCommandLineRunner#int#processResults#?,Result,List<JSModule>,B#851	-6.653359946773121E-4	0.0	-3.3266799733865603E-4		_
com.google.javascript.jscomp.parsing.IRFactory#int#transformTokenType#?,int#1250	-6.653359946773121E-4	0.0	-3.3266799733865603E-4		_
com.google.javascript.jscomp.ProcessClosurePrimitives$ProvidedName#void#replace#?#944	-6.653359946773121E-4	0.0	-3.3266799733865603E-4		_
com.google.javascript.jscomp.ProcessClosurePrimitives$ProvidedName#void#replace#?#943	-6.653359946773121E-4	0.0	-3.3266799733865603E-4		_
com.google.javascript.jscomp.ProcessClosurePrimitives$ProvidedName#void#replace#?#942	-6.653359946773121E-4	0.0	-3.3266799733865603E-4		_
com.google.javascript.jscomp.ProcessClosurePrimitives$ProvidedName#void#replace#?#940	-6.653359946773121E-4	0.0	-3.3266799733865603E-4		_
com.google.javascript.jscomp.CodeGenerator#Node#getFirstNonEmptyChild#?,Node#1150	-6.653359946773121E-4	0.0	-3.3266799733865603E-4		_
com.google.javascript.jscomp.CodeGenerator#Node#getFirstNonEmptyChild#?,Node#1149	-6.653359946773121E-4	0.0	-3.3266799733865603E-4		_
com.google.javascript.jscomp.CodeGenerator#Node#getFirstNonEmptyChild#?,Node#1148	-6.653359946773121E-4	0.0	-3.3266799733865603E-4		_
com.google.javascript.rhino.Token#String#name#?,int#247	-6.653359946773121E-4	0.0	-3.3266799733865603E-4		_
com.google.javascript.rhino.Token#String#name#?,int#223	-6.653359946773121E-4	0.0	-3.3266799733865603E-4		_
com.google.javascript.jscomp.PeepholeFoldConstants#Node#tryFoldBinaryOperator#?,Node#146	-6.653359946773121E-4	0.0	-3.3266799733865603E-4		_
com.google.javascript.jscomp.RenameLabels$ProcessLabels#void#visit#?,NodeTraversal,Node,Node#173	-6.653359946773121E-4	0.0	-3.3266799733865603E-4		_
com.google.javascript.jscomp.RenameLabels$ProcessLabels#void#visit#?,NodeTraversal,Node,Node#172	-6.653359946773121E-4	0.0	-3.3266799733865603E-4		_
com.google.javascript.jscomp.PeepholeRemoveDeadCode#Node#tryFoldIf#?,Node#709	-6.653359946773121E-4	0.0	-3.3266799733865603E-4		_
com.google.javascript.jscomp.PeepholeRemoveDeadCode#Node#tryFoldIf#?,Node#708	-6.653359946773121E-4	0.0	-3.3266799733865603E-4		_
com.google.javascript.jscomp.PeepholeRemoveDeadCode#Node#tryFoldIf#?,Node#707	-6.653359946773121E-4	0.0	-3.3266799733865603E-4		_
com.google.javascript.jscomp.PeepholeRemoveDeadCode#Node#tryFoldIf#?,Node#706	-6.653359946773121E-4	0.0	-3.3266799733865603E-4		_
com.google.javascript.jscomp.PeepholeRemoveDeadCode#Node#tryFoldIf#?,Node#705	-6.653359946773121E-4	0.0	-3.3266799733865603E-4		_
com.google.javascript.jscomp.PeepholeRemoveDeadCode#Node#tryFoldIf#?,Node#704	-6.653359946773121E-4	0.0	-3.3266799733865603E-4		_
com.google.javascript.jscomp.PeepholeRemoveDeadCode#Node#tryFoldIf#?,Node#711	-6.653359946773121E-4	0.0	-3.3266799733865603E-4		_
com.google.javascript.jscomp.PeepholeRemoveDeadCode#Node#tryFoldIf#?,Node#712	-6.653359946773121E-4	0.0	-3.3266799733865603E-4		_
com.google.javascript.jscomp.PeepholeRemoveDeadCode#Node#tryFoldIf#?,Node#710	-6.653359946773121E-4	0.0	-3.3266799733865603E-4		_
com.google.javascript.jscomp.ClosureOptimizePrimitives#void#processObjectCreateCalls#?,List<Node>#79	-6.653359946773121E-4	0.0	-3.3266799733865603E-4		_
com.google.javascript.jscomp.ClosureOptimizePrimitives#void#processObjectCreateCalls#?,List<Node>#96	-6.653359946773121E-4	0.0	-3.3266799733865603E-4		_
com.google.javascript.jscomp.ClosureOptimizePrimitives#void#processObjectCreateCalls#?,List<Node>#97	-6.653359946773121E-4	0.0	-3.3266799733865603E-4		_
com.google.javascript.jscomp.ProcessClosurePrimitives$ProvidedName#void#replace#?#921	-6.653359946773121E-4	0.0	-3.3266799733865603E-4		_
com.google.javascript.jscomp.ProcessClosurePrimitives$ProvidedName#void#replace#?#920	-6.653359946773121E-4	0.0	-3.3266799733865603E-4		_
com.google.javascript.jscomp.ProcessClosurePrimitives$ProvidedName#void#replace#?#922	-6.653359946773121E-4	0.0	-3.3266799733865603E-4		_
com.google.javascript.jscomp.ProcessClosurePrimitives$ProvidedName#void#replace#?#917	-6.653359946773121E-4	0.0	-3.3266799733865603E-4		_
com.google.javascript.jscomp.ProcessClosurePrimitives$ProvidedName#void#replace#?#918	-6.653359946773121E-4	0.0	-3.3266799733865603E-4		_
com.google.javascript.jscomp.ProcessClosurePrimitives$ProvidedName#void#replace#?#912	-6.653359946773121E-4	0.0	-3.3266799733865603E-4		_
com.google.javascript.jscomp.ProcessClosurePrimitives$ProvidedName#void#replace#?#916	-6.653359946773121E-4	0.0	-3.3266799733865603E-4		_
com.google.javascript.jscomp.ProcessClosurePrimitives$ProvidedName#void#replace#?#915	-6.653359946773121E-4	0.0	-3.3266799733865603E-4		_
com.google.javascript.jscomp.ProcessClosurePrimitives$ProvidedName#void#replace#?#914	-6.653359946773121E-4	0.0	-3.3266799733865603E-4		_
com.google.javascript.jscomp.ProcessClosurePrimitives$ProvidedName#void#replace#?#913	-6.653359946773121E-4	0.0	-3.3266799733865603E-4		_
com.google.javascript.jscomp.CompilerOptions#Map<String,Node>#getReplacementsHelper#?,Map<String,Object>#959	-6.653359946773121E-4	0.0	-3.3266799733865603E-4		_
com.google.javascript.jscomp.CompilerOptions#Map<String,Node>#getReplacementsHelper#?,Map<String,Object>#960	-6.653359946773121E-4	0.0	-3.3266799733865603E-4		_
com.google.javascript.jscomp.CompilerOptions#Map<String,Node>#getReplacementsHelper#?,Map<String,Object>#961	-6.653359946773121E-4	0.0	-3.3266799733865603E-4		_
com.google.javascript.jscomp.CompilerOptions#Map<String,Node>#getReplacementsHelper#?,Map<String,Object>#962	-6.653359946773121E-4	0.0	-3.3266799733865603E-4		_
com.google.javascript.jscomp.parsing.IRFactory$TransformDispatcher#Node#processObjectLiteral#?,ObjectLiteral#815	-6.653359946773121E-4	0.0	-3.3266799733865603E-4		_
com.google.javascript.jscomp.parsing.IRFactory$TransformDispatcher#Node#processObjectLiteral#?,ObjectLiteral#814	-6.653359946773121E-4	0.0	-3.3266799733865603E-4		_
com.google.javascript.jscomp.RenameVars$ProcessVars#void#visit#?,NodeTraversal,Node,Node#256	-6.653359946773121E-4	0.0	-3.3266799733865603E-4		_
com.google.javascript.jscomp.RenameVars$ProcessVars#void#visit#?,NodeTraversal,Node,Node#248	-6.653359946773121E-4	0.0	-3.3266799733865603E-4		_
com.google.javascript.jscomp.MakeDeclaredNamesUnique#void#visit#?,NodeTraversal,Node,Node#167	-6.653359946773121E-4	0.0	-3.3266799733865603E-4		_
com.google.javascript.jscomp.PeepholeRemoveDeadCode#Node#tryOptimizeBlock#?,Node#468	-6.653359946773121E-4	0.0	-3.3266799733865603E-4		_
com.google.javascript.jscomp.PeepholeRemoveDeadCode#Node#tryOptimizeBlock#?,Node#467	-6.653359946773121E-4	0.0	-3.3266799733865603E-4		_
com.google.javascript.jscomp.ClosureCodeRemoval#void#process#?,Node,Node#208	-6.653359946773121E-4	0.0	-3.3266799733865603E-4		_
com.google.javascript.jscomp.ClosureCodeRemoval#void#process#?,Node,Node#207	-6.653359946773121E-4	0.0	-3.3266799733865603E-4		_
com.google.javascript.jscomp.Compiler#void#optimize#?#1850	-6.653359946773121E-4	0.0	-3.3266799733865603E-4		_
com.google.javascript.jscomp.StatementFusion#boolean#canFuseIntoOneStatement#?,Node#72	-6.653359946773121E-4	0.0	-3.3266799733865603E-4		_
com.google.javascript.jscomp.PeepholeRemoveDeadCode#Node#trySimplifyUnusedResult#?,Node,boolean#185	-6.653359946773121E-4	0.0	-3.3266799733865603E-4		_
com.google.javascript.jscomp.PeepholeRemoveDeadCode#Node#trySimplifyUnusedResult#?,Node,boolean#186	-6.653359946773121E-4	0.0	-3.3266799733865603E-4		_
com.google.javascript.jscomp.MaybeReachingVariableUse#void#computeMayUse#?,Node,Node,ReachingUses,boolean#172	-6.653359946773121E-4	0.0	-3.3266799733865603E-4		_
com.google.javascript.jscomp.MaybeReachingVariableUse#void#computeMayUse#?,Node,Node,ReachingUses,boolean#187	-6.653359946773121E-4	0.0	-3.3266799733865603E-4		_
com.google.javascript.jscomp.TransformAMDToCJSModule$TransformAMDModulesCallback#void#visit#?,NodeTraversal,Node,Node#118	-6.653359946773121E-4	0.0	-3.3266799733865603E-4		_
com.google.javascript.jscomp.ProcessClosurePrimitives#void#visit#?,NodeTraversal,Node,Node#202	-6.653359946773121E-4	0.0	-3.3266799733865603E-4		_
com.google.javascript.jscomp.ProcessClosurePrimitives#void#visit#?,NodeTraversal,Node,Node#201	-6.653359946773121E-4	0.0	-3.3266799733865603E-4		_
com.google.javascript.jscomp.PeepholeSubstituteAlternateSyntax#Node#tryMinimizeIf#?,Node#766	-6.653359946773121E-4	0.0	-3.3266799733865603E-4		_
com.google.javascript.jscomp.deps.JsFileLineParser#void#doParse#?,String,Reader#177	-6.653359946773121E-4	0.0	-3.3266799733865603E-4		_
com.google.javascript.jscomp.ControlStructureCheck#void#check#?,Node#60	-6.653359946773121E-4	0.0	-3.3266799733865603E-4		_
com.google.javascript.jscomp.ControlStructureCheck#void#check#?,Node#58	-6.653359946773121E-4	0.0	-3.3266799733865603E-4		_
com.google.javascript.jscomp.ControlStructureCheck#void#check#?,Node#57	-6.653359946773121E-4	0.0	-3.3266799733865603E-4		_
com.google.javascript.jscomp.RenameLabels$ProcessLabels#boolean#shouldTraverse#?,NodeTraversal,Node,Node#152	-6.653359946773121E-4	0.0	-3.3266799733865603E-4		_
com.google.javascript.jscomp.RenameLabels$ProcessLabels#boolean#shouldTraverse#?,NodeTraversal,Node,Node#151	-6.653359946773121E-4	0.0	-3.3266799733865603E-4		_
com.google.javascript.jscomp.RenameLabels$ProcessLabels#boolean#shouldTraverse#?,NodeTraversal,Node,Node#156	-6.653359946773121E-4	0.0	-3.3266799733865603E-4		_
com.google.javascript.jscomp.RenameLabels$ProcessLabels#boolean#shouldTraverse#?,NodeTraversal,Node,Node#155	-6.653359946773121E-4	0.0	-3.3266799733865603E-4		_
com.google.javascript.jscomp.RenameLabels$ProcessLabels#boolean#shouldTraverse#?,NodeTraversal,Node,Node#142	-6.653359946773121E-4	0.0	-3.3266799733865603E-4		_
com.google.javascript.jscomp.RenameLabels$ProcessLabels#boolean#shouldTraverse#?,NodeTraversal,Node,Node#141	-6.653359946773121E-4	0.0	-3.3266799733865603E-4		_
com.google.javascript.jscomp.RenameLabels$ProcessLabels#boolean#shouldTraverse#?,NodeTraversal,Node,Node#148	-6.653359946773121E-4	0.0	-3.3266799733865603E-4		_
com.google.javascript.jscomp.RenameLabels$ProcessLabels#boolean#shouldTraverse#?,NodeTraversal,Node,Node#147	-6.653359946773121E-4	0.0	-3.3266799733865603E-4		_
com.google.javascript.jscomp.RenameLabels$ProcessLabels#boolean#shouldTraverse#?,NodeTraversal,Node,Node#143	-6.653359946773121E-4	0.0	-3.3266799733865603E-4		_
com.google.javascript.jscomp.RenameLabels$ProcessLabels#boolean#shouldTraverse#?,NodeTraversal,Node,Node#146	-6.653359946773121E-4	0.0	-3.3266799733865603E-4		_
com.google.javascript.jscomp.NodeUtil#String#opToStr#?,int#2136	-6.653359946773121E-4	0.0	-3.3266799733865603E-4		_
com.google.javascript.jscomp.NodeUtil#String#opToStr#?,int#2137	-6.653359946773121E-4	0.0	-3.3266799733865603E-4		_
com.google.javascript.jscomp.NodeUtil#String#opToStr#?,int#2141	-6.653359946773121E-4	0.0	-3.3266799733865603E-4		_
com.google.javascript.jscomp.NodeUtil#String#opToStr#?,int#2148	-6.653359946773121E-4	0.0	-3.3266799733865603E-4		_
com.google.javascript.jscomp.AbstractCommandLineRunner#int#doRun#?#728	-6.653359946773121E-4	0.0	-3.3266799733865603E-4		_
com.google.javascript.jscomp.AbstractCommandLineRunner#int#doRun#?#729	-6.653359946773121E-4	0.0	-3.3266799733865603E-4		_
com.google.javascript.jscomp.AbstractCommandLineRunner#int#doRun#?#732	-6.653359946773121E-4	0.0	-3.3266799733865603E-4		_
com.google.javascript.jscomp.CodeGenerator#void#add#?,Node,Context#200	-6.653359946773121E-4	0.0	-3.3266799733865603E-4		_
com.google.javascript.jscomp.NodeUtil#TernaryValue#getImpureBooleanValue#?,Node#91	-6.653359946773121E-4	0.0	-3.3266799733865603E-4		_
com.google.javascript.jscomp.NodeUtil#TernaryValue#getImpureBooleanValue#?,Node#92	-6.653359946773121E-4	0.0	-3.3266799733865603E-4		_
com.google.javascript.jscomp.Normalize$NormalizeStatements#void#normalizeFunctionDeclaration#?,Node#458	-6.653359946773121E-4	0.0	-3.3266799733865603E-4		_
com.google.javascript.jscomp.NodeUtil#TernaryValue#getImpureBooleanValue#?,Node#81	-6.653359946773121E-4	0.0	-3.3266799733865603E-4		_
com.google.javascript.jscomp.NodeUtil#TernaryValue#getImpureBooleanValue#?,Node#93	-6.653359946773121E-4	0.0	-3.3266799733865603E-4		_
com.google.javascript.jscomp.Compiler#Config#getParserConfig#?#1992	-6.653359946773121E-4	0.0	-3.3266799733865603E-4		_
com.google.javascript.jscomp.Compiler#Config#getParserConfig#?#1991	-6.653359946773121E-4	0.0	-3.3266799733865603E-4		_
com.google.javascript.jscomp.PeepholeRemoveDeadCode#Node#optimizeSubtree#?,Node#69	-6.653359946773121E-4	0.0	-3.3266799733865603E-4		_
com.google.javascript.jscomp.NodeUtil#TernaryValue#getPureBooleanValue#?,Node#127	-6.653359946773121E-4	0.0	-3.3266799733865603E-4		_
com.google.javascript.jscomp.NodeUtil#TernaryValue#getImpureBooleanValue#?,Node#111	-6.653359946773121E-4	0.0	-3.3266799733865603E-4		_
com.google.javascript.jscomp.ControlFlowGraph#boolean#isEnteringNewCfgNode#?,Node#193	-6.653359946773121E-4	0.0	-3.3266799733865603E-4		_
com.google.javascript.jscomp.VarCheck$NameRefInExternsCheck#void#visit#?,NodeTraversal,Node,Node#257	-6.653359946773121E-4	0.0	-3.3266799733865603E-4		_
com.google.javascript.jscomp.VarCheck$NameRefInExternsCheck#void#visit#?,NodeTraversal,Node,Node#256	-6.653359946773121E-4	0.0	-3.3266799733865603E-4		_
com.google.javascript.jscomp.VarCheck$NameRefInExternsCheck#void#visit#?,NodeTraversal,Node,Node#255	-6.653359946773121E-4	0.0	-3.3266799733865603E-4		_
com.google.javascript.jscomp.VarCheck$NameRefInExternsCheck#void#visit#?,NodeTraversal,Node,Node#253	-6.653359946773121E-4	0.0	-3.3266799733865603E-4		_
com.google.javascript.jscomp.VarCheck$NameRefInExternsCheck#void#visit#?,NodeTraversal,Node,Node#258	-6.653359946773121E-4	0.0	-3.3266799733865603E-4		_
com.google.javascript.jscomp.NameGenerator#void#checkPrefix#?,String#97	-6.653359946773121E-4	0.0	-3.3266799733865603E-4		_
com.google.javascript.jscomp.NameGenerator#void#checkPrefix#?,String#98	-6.653359946773121E-4	0.0	-3.3266799733865603E-4		_
com.google.javascript.jscomp.VarCheck$NameRefInExternsCheck#void#visit#?,NodeTraversal,Node,Node#260	-6.653359946773121E-4	0.0	-3.3266799733865603E-4		_
com.google.javascript.jscomp.RemoveUnusedVars$Assign#Assign#maybeCreateAssign#?,Node#937	-6.653359946773121E-4	0.0	-3.3266799733865603E-4		_
com.google.javascript.jscomp.ReplaceCssNames$Traversal#void#visit#?,NodeTraversal,Node,Node#169	-6.653359946773121E-4	0.0	-3.3266799733865603E-4		_
com.google.javascript.jscomp.ProcessDefines$CollectDefines#void#visit#?,NodeTraversal,Node,Node#316	-6.653359946773121E-4	0.0	-3.3266799733865603E-4		_
com.google.javascript.jscomp.ProcessDefines$CollectDefines#void#visit#?,NodeTraversal,Node,Node#326	-6.653359946773121E-4	0.0	-3.3266799733865603E-4		_
com.google.javascript.jscomp.MustBeReachingVariableDef#void#computeMustDef#?,Node,Node,MustDef,boolean#310	-6.653359946773121E-4	0.0	-3.3266799733865603E-4		_
com.google.javascript.jscomp.MustBeReachingVariableDef#void#computeMustDef#?,Node,Node,MustDef,boolean#307	-6.653359946773121E-4	0.0	-3.3266799733865603E-4		_
com.google.javascript.jscomp.MustBeReachingVariableDef#void#computeMustDef#?,Node,Node,MustDef,boolean#308	-6.653359946773121E-4	0.0	-3.3266799733865603E-4		_
com.google.javascript.jscomp.MustBeReachingVariableDef#void#computeMustDef#?,Node,Node,MustDef,boolean#306	-6.653359946773121E-4	0.0	-3.3266799733865603E-4		_
com.google.javascript.jscomp.ClosureCodeRemoval$FindAbstractMethods#void#visit#?,NodeTraversal,Node,Node#148	-6.653359946773121E-4	0.0	-3.3266799733865603E-4		_
com.google.javascript.jscomp.CodeGenerator#String#strEscape#?,String,char,String,String,String,CharsetEncoder,boolean#1066	-6.653359946773121E-4	0.0	-3.3266799733865603E-4		_
com.google.javascript.jscomp.CodeGenerator#String#strEscape#?,String,char,String,String,String,CharsetEncoder,boolean#1069	-6.653359946773121E-4	0.0	-3.3266799733865603E-4		_
com.google.javascript.jscomp.CodeGenerator#String#strEscape#?,String,char,String,String,String,CharsetEncoder,boolean#1064	-6.653359946773121E-4	0.0	-3.3266799733865603E-4		_
com.google.javascript.jscomp.CodeGenerator#String#strEscape#?,String,char,String,String,String,CharsetEncoder,boolean#1061	-6.653359946773121E-4	0.0	-3.3266799733865603E-4		_
com.google.javascript.jscomp.CodeGenerator#String#strEscape#?,String,char,String,String,String,CharsetEncoder,boolean#1075	-6.653359946773121E-4	0.0	-3.3266799733865603E-4		_
com.google.javascript.jscomp.CodeGenerator#String#strEscape#?,String,char,String,String,String,CharsetEncoder,boolean#1073	-6.653359946773121E-4	0.0	-3.3266799733865603E-4		_
com.google.javascript.jscomp.CodeGenerator#String#strEscape#?,String,char,String,String,String,CharsetEncoder,boolean#1096	-6.653359946773121E-4	0.0	-3.3266799733865603E-4		_
com.google.javascript.jscomp.NodeUtil#boolean#checkForStateChangeHelper#?,Node,boolean,AbstractCompiler#817	-6.653359946773121E-4	0.0	-3.3266799733865603E-4		_
com.google.javascript.jscomp.NodeUtil#boolean#checkForStateChangeHelper#?,Node,boolean,AbstractCompiler#855	-6.653359946773121E-4	0.0	-3.3266799733865603E-4		_
com.google.javascript.jscomp.GlobalNamespace$BuildGlobalNamespace#void#handleGet#?,NodeTraversal,Node,Node,String#680	-6.653359946773121E-4	0.0	-3.3266799733865603E-4		_
com.google.javascript.jscomp.Compiler#void#initOptions#?,CompilerOptions#260	-6.653359946773121E-4	0.0	-3.3266799733865603E-4		_
com.google.javascript.jscomp.Compiler#void#initOptions#?,CompilerOptions#279	-6.653359946773121E-4	0.0	-3.3266799733865603E-4		_
com.google.javascript.jscomp.ControlStructureCheck#void#check#?,Node#63	-6.653359946773121E-4	0.0	-3.3266799733865603E-4		_
com.google.javascript.jscomp.DefaultPassConfig#List<PassFactory>#getChecks#?#237	-6.653359946773121E-4	0.0	-3.3266799733865603E-4		_
com.google.javascript.rhino.Node#void#toString#?,StringBuilder,boolean,boolean,boolean#1001	-6.653359946773121E-4	0.0	-3.3266799733865603E-4		_
com.google.javascript.rhino.Node#void#toString#?,StringBuilder,boolean,boolean,boolean#1002	-6.653359946773121E-4	0.0	-3.3266799733865603E-4		_
com.google.javascript.rhino.Node#void#toString#?,StringBuilder,boolean,boolean,boolean#1000	-6.653359946773121E-4	0.0	-3.3266799733865603E-4		_
com.google.javascript.rhino.Node#void#toString#?,StringBuilder,boolean,boolean,boolean#1003	-6.653359946773121E-4	0.0	-3.3266799733865603E-4		_
com.google.javascript.jscomp.CheckSideEffects$StripProtection#void#visit#?,NodeTraversal,Node,Node#226	-6.653359946773121E-4	0.0	-3.3266799733865603E-4		_
com.google.javascript.jscomp.CheckSideEffects$StripProtection#void#visit#?,NodeTraversal,Node,Node#225	-6.653359946773121E-4	0.0	-3.3266799733865603E-4		_
com.google.javascript.jscomp.CheckSideEffects$StripProtection#void#visit#?,NodeTraversal,Node,Node#224	-6.653359946773121E-4	0.0	-3.3266799733865603E-4		_
com.google.javascript.jscomp.CommandLineRunner#CompilerOptions#createOptions#?#755	-6.653359946773121E-4	0.0	-3.3266799733865603E-4		_
com.google.javascript.jscomp.VarCheck#void#visit#?,NodeTraversal,Node,Node#198	-6.653359946773121E-4	0.0	-3.3266799733865603E-4		_
com.google.javascript.jscomp.ReorderConstantExpression#Node#optimizeSubtree#?,Node#51	-6.653359946773121E-4	0.0	-3.3266799733865603E-4		_
com.google.javascript.jscomp.ReorderConstantExpression#Node#optimizeSubtree#?,Node#52	-6.653359946773121E-4	0.0	-3.3266799733865603E-4		_
com.google.javascript.jscomp.ReorderConstantExpression#Node#optimizeSubtree#?,Node#53	-6.653359946773121E-4	0.0	-3.3266799733865603E-4		_
com.google.javascript.jscomp.ReorderConstantExpression#Node#optimizeSubtree#?,Node#42	-6.653359946773121E-4	0.0	-3.3266799733865603E-4		_
com.google.javascript.jscomp.ReorderConstantExpression#Node#optimizeSubtree#?,Node#48	-6.653359946773121E-4	0.0	-3.3266799733865603E-4		_
com.google.javascript.jscomp.ReorderConstantExpression#Node#optimizeSubtree#?,Node#49	-6.653359946773121E-4	0.0	-3.3266799733865603E-4		_
com.google.javascript.rhino.jstype.JSTypeRegistry#FunctionType#createFunctionType#?,JSType,boolean,JSType#1241	-7.984031936127744E-4	0.0	-3.992015968063872E-4		_
com.google.javascript.jscomp.parsing.IRFactory#int#transformTokenType#?,int#1185	-7.984031936127744E-4	0.0	-3.992015968063872E-4		_
com.google.javascript.jscomp.OptimizeArgumentsArray#void#enterScope#?,NodeTraversal#107	-7.984031936127744E-4	0.0	-3.992015968063872E-4		_
com.google.javascript.jscomp.CodeGenerator#void#addJsString#?,Node#956	-7.984031936127744E-4	0.0	-3.992015968063872E-4		_
com.google.javascript.jscomp.CheckUnreachableCode$ReachablePredicate#boolean#apply#?,EdgeTuple<Node,Branch>#107	-7.984031936127744E-4	0.0	-3.992015968063872E-4		_
com.google.javascript.jscomp.ExploitAssigns#void#collapseAssign#?,Node,Node,Node#55	-7.984031936127744E-4	0.0	-3.992015968063872E-4		_
com.google.javascript.jscomp.parsing.JsDocInfoParser#Node#parseParamTypeExpressionAnnotation#?,JsDocToken#1597	-7.984031936127744E-4	0.0	-3.992015968063872E-4		_
com.google.javascript.jscomp.ProcessClosurePrimitives$ProvidedName#void#replace#?#934	-7.984031936127744E-4	0.0	-3.992015968063872E-4		_
com.google.javascript.jscomp.ProcessClosurePrimitives$ProvidedName#void#replace#?#933	-7.984031936127744E-4	0.0	-3.992015968063872E-4		_
com.google.javascript.jscomp.parsing.JsDocInfoParser#Node#parseBasicTypeExpression#?,JsDocToken#1754	-7.984031936127744E-4	0.0	-3.992015968063872E-4		_
com.google.javascript.jscomp.parsing.JsDocInfoParser#Node#parseBasicTypeExpression#?,JsDocToken#1755	-7.984031936127744E-4	0.0	-3.992015968063872E-4		_
com.google.javascript.rhino.Token#String#name#?,int#183	-7.984031936127744E-4	0.0	-3.992015968063872E-4		_
com.google.javascript.rhino.jstype.UnionTypeBuilder#UnionTypeBuilder#addAlternate#?,JSType#189	-7.984031936127744E-4	0.0	-3.992015968063872E-4		_
com.google.javascript.jscomp.ClosureCodeRemoval#void#process#?,Node,Node#211	-7.984031936127744E-4	0.0	-3.992015968063872E-4		_
com.google.javascript.jscomp.ClosureCodeRemoval#void#process#?,Node,Node#213	-7.984031936127744E-4	0.0	-3.992015968063872E-4		_
com.google.javascript.jscomp.ClosureCodeRemoval#void#process#?,Node,Node#214	-7.984031936127744E-4	0.0	-3.992015968063872E-4		_
com.google.javascript.jscomp.ClosureCodeRemoval#void#process#?,Node,Node#226	-7.984031936127744E-4	0.0	-3.992015968063872E-4		_
com.google.javascript.jscomp.NodeUtil#boolean#isLiteralValue#?,Node,boolean#612	-7.984031936127744E-4	0.0	-3.992015968063872E-4		_
com.google.javascript.jscomp.GlobalNamespace$BuildGlobalNamespace#Name.Type#getValueType#?,Node#527	-7.984031936127744E-4	0.0	-3.992015968063872E-4		_
com.google.javascript.jscomp.GlobalNamespace$BuildGlobalNamespace#Name.Type#getValueType#?,Node#526	-7.984031936127744E-4	0.0	-3.992015968063872E-4		_
com.google.javascript.jscomp.PeepholeRemoveDeadCode#Node#trySimplifyUnusedResult#?,Node,boolean#271	-7.984031936127744E-4	0.0	-3.992015968063872E-4		_
com.google.javascript.jscomp.PeepholeSubstituteAlternateSyntax#Node#tryMinimizeIf#?,Node#800	-7.984031936127744E-4	0.0	-3.992015968063872E-4		_
com.google.javascript.jscomp.parsing.JsDocTokenStream#int#getChar#?#351	-7.984031936127744E-4	0.0	-3.992015968063872E-4		_
com.google.javascript.jscomp.ProcessClosurePrimitives#void#visit#?,NodeTraversal,Node,Node#223	-7.984031936127744E-4	0.0	-3.992015968063872E-4		_
com.google.javascript.jscomp.ProcessClosurePrimitives#void#visit#?,NodeTraversal,Node,Node#200	-7.984031936127744E-4	0.0	-3.992015968063872E-4		_
com.google.javascript.jscomp.PeepholeSubstituteAlternateSyntax#Node#tryMinimizeIf#?,Node#799	-7.984031936127744E-4	0.0	-3.992015968063872E-4		_
com.google.javascript.jscomp.PeepholeSubstituteAlternateSyntax#Node#tryMinimizeIf#?,Node#798	-7.984031936127744E-4	0.0	-3.992015968063872E-4		_
com.google.javascript.jscomp.PeepholeSubstituteAlternateSyntax#Node#tryMinimizeIf#?,Node#796	-7.984031936127744E-4	0.0	-3.992015968063872E-4		_
com.google.javascript.jscomp.PeepholeSubstituteAlternateSyntax#Node#tryMinimizeIf#?,Node#795	-7.984031936127744E-4	0.0	-3.992015968063872E-4		_
com.google.javascript.jscomp.PeepholeSubstituteAlternateSyntax#Node#tryMinimizeIf#?,Node#794	-7.984031936127744E-4	0.0	-3.992015968063872E-4		_
com.google.javascript.jscomp.PeepholeSubstituteAlternateSyntax#Node#tryMinimizeIf#?,Node#793	-7.984031936127744E-4	0.0	-3.992015968063872E-4		_
com.google.javascript.jscomp.CheckSideEffects#void#visit#?,NodeTraversal,Node,Node#144	-7.984031936127744E-4	0.0	-3.992015968063872E-4		_
com.google.javascript.jscomp.CheckSideEffects#void#visit#?,NodeTraversal,Node,Node#147	-7.984031936127744E-4	0.0	-3.992015968063872E-4		_
com.google.javascript.jscomp.ProcessClosurePrimitives#void#visit#?,NodeTraversal,Node,Node#199	-7.984031936127744E-4	0.0	-3.992015968063872E-4		_
com.google.javascript.jscomp.CodeGenerator#void#add#?,Node,Context#512	-7.984031936127744E-4	0.0	-3.992015968063872E-4		_
com.google.javascript.jscomp.CodeGenerator#void#add#?,Node,Context#514	-7.984031936127744E-4	0.0	-3.992015968063872E-4		_
com.google.javascript.jscomp.CodeGenerator#void#add#?,Node,Context#513	-7.984031936127744E-4	0.0	-3.992015968063872E-4		_
com.google.javascript.jscomp.ProcessClosurePrimitives#void#process#?,Node,Node#162	-7.984031936127744E-4	0.0	-3.992015968063872E-4		_
com.google.javascript.jscomp.ProcessClosurePrimitives#void#process#?,Node,Node#155	-7.984031936127744E-4	0.0	-3.992015968063872E-4		_
com.google.javascript.jscomp.ProcessClosurePrimitives#void#process#?,Node,Node#154	-7.984031936127744E-4	0.0	-3.992015968063872E-4		_
com.google.javascript.jscomp.ProcessClosurePrimitives#void#process#?,Node,Node#152	-7.984031936127744E-4	0.0	-3.992015968063872E-4		_
com.google.javascript.jscomp.ProcessClosurePrimitives#void#process#?,Node,Node#153	-7.984031936127744E-4	0.0	-3.992015968063872E-4		_
com.google.javascript.jscomp.OptimizeArgumentsArray#void#exitScope#?,NodeTraversal#135	-7.984031936127744E-4	0.0	-3.992015968063872E-4		_
com.google.javascript.jscomp.NodeUtil#String#opToStr#?,int#2143	-7.984031936127744E-4	0.0	-3.992015968063872E-4		_
com.google.javascript.jscomp.NodeUtil#String#opToStr#?,int#2151	-7.984031936127744E-4	0.0	-3.992015968063872E-4		_
com.google.javascript.jscomp.parsing.IRFactory$TransformDispatcher#Node#processStringLiteral#?,StringLiteral#933	-7.984031936127744E-4	0.0	-3.992015968063872E-4		_
com.google.javascript.jscomp.PeepholeCollectPropertyAssignments#boolean#collectProperty#?,Node,String,Node#157	-7.984031936127744E-4	0.0	-3.992015968063872E-4		_
com.google.javascript.jscomp.NodeUtil#TernaryValue#getPureBooleanValue#?,Node#133	-7.984031936127744E-4	0.0	-3.992015968063872E-4		_
com.google.javascript.jscomp.MinimizeExitPoints#void#visit#?,NodeTraversal,Node,Node#57	-7.984031936127744E-4	0.0	-3.992015968063872E-4		_
com.google.javascript.jscomp.MinimizeExitPoints#void#visit#?,NodeTraversal,Node,Node#55	-7.984031936127744E-4	0.0	-3.992015968063872E-4		_
com.google.javascript.jscomp.RemoveUnusedVars#void#removeUnreferencedVars#?#793	-7.984031936127744E-4	0.0	-3.992015968063872E-4		_
com.google.javascript.jscomp.RemoveUnusedVars#void#removeUnreferencedVars#?#792	-7.984031936127744E-4	0.0	-3.992015968063872E-4		_
com.google.javascript.jscomp.RemoveUnusedVars#void#removeUnreferencedVars#?#794	-7.984031936127744E-4	0.0	-3.992015968063872E-4		_
com.google.javascript.jscomp.ReplaceCssNames$Traversal#void#visit#?,NodeTraversal,Node,Node#166	-7.984031936127744E-4	0.0	-3.992015968063872E-4		_
com.google.javascript.jscomp.ReplaceCssNames$Traversal#void#visit#?,NodeTraversal,Node,Node#164	-7.984031936127744E-4	0.0	-3.992015968063872E-4		_
com.google.javascript.jscomp.ProcessDefines$CollectDefines#void#visit#?,NodeTraversal,Node,Node#341	-7.984031936127744E-4	0.0	-3.992015968063872E-4		_
com.google.javascript.jscomp.ProcessDefines$CollectDefines#void#visit#?,NodeTraversal,Node,Node#342	-7.984031936127744E-4	0.0	-3.992015968063872E-4		_
com.google.javascript.jscomp.ProcessDefines$CollectDefines#void#visit#?,NodeTraversal,Node,Node#340	-7.984031936127744E-4	0.0	-3.992015968063872E-4		_
com.google.javascript.jscomp.ReplaceCssNames$Traversal#void#visit#?,NodeTraversal,Node,Node#184	-7.984031936127744E-4	0.0	-3.992015968063872E-4		_
com.google.javascript.jscomp.CodePrinter#String#toSource#?,Node,Format,boolean,boolean,int,SourceMap,SourceMap.DetailLevel,Charset,boolean#707	-7.984031936127744E-4	0.0	-3.992015968063872E-4		_
com.google.javascript.jscomp.ComposeWarningsGuard#boolean#disables#?,DiagnosticGroup#141	-7.984031936127744E-4	0.0	-3.992015968063872E-4		_
com.google.javascript.jscomp.CodeGenerator#String#strEscape#?,String,char,String,String,String,CharsetEncoder,boolean#1031	-7.984031936127744E-4	0.0	-3.992015968063872E-4		_
com.google.javascript.jscomp.CodeGenerator#String#strEscape#?,String,char,String,String,String,CharsetEncoder,boolean#1043	-7.984031936127744E-4	0.0	-3.992015968063872E-4		_
com.google.javascript.jscomp.CodeGenerator#String#strEscape#?,String,char,String,String,String,CharsetEncoder,boolean#1044	-7.984031936127744E-4	0.0	-3.992015968063872E-4		_
com.google.javascript.jscomp.Compiler$CodeBuilder#CodeBuilder#append#?,String#1790	-7.984031936127744E-4	0.0	-3.992015968063872E-4		_
com.google.javascript.jscomp.Compiler$CodeBuilder#CodeBuilder#append#?,String#1797	-7.984031936127744E-4	0.0	-3.992015968063872E-4		_
com.google.javascript.jscomp.CodeGenerator#String#strEscape#?,String,char,String,String,String,CharsetEncoder,boolean#1039	-7.984031936127744E-4	0.0	-3.992015968063872E-4		_
com.google.javascript.jscomp.Compiler$CodeBuilder#CodeBuilder#append#?,String#1789	-7.984031936127744E-4	0.0	-3.992015968063872E-4		_
com.google.javascript.jscomp.Compiler$CodeBuilder#CodeBuilder#append#?,String#1788	-7.984031936127744E-4	0.0	-3.992015968063872E-4		_
com.google.javascript.jscomp.NodeUtil#boolean#checkForStateChangeHelper#?,Node,boolean,AbstractCompiler#813	-7.984031936127744E-4	0.0	-3.992015968063872E-4		_
com.google.javascript.jscomp.GlobalNamespace$BuildGlobalNamespace#void#handleGet#?,NodeTraversal,Node,Node,String#676	-7.984031936127744E-4	0.0	-3.992015968063872E-4		_
com.google.javascript.jscomp.GlobalNamespace$BuildGlobalNamespace#void#handleGet#?,NodeTraversal,Node,Node,String#682	-7.984031936127744E-4	0.0	-3.992015968063872E-4		_
com.google.javascript.jscomp.NodeUtil#boolean#checkForStateChangeHelper#?,Node,boolean,AbstractCompiler#888	-7.984031936127744E-4	0.0	-3.992015968063872E-4		_
com.google.javascript.jscomp.DefaultPassConfig#List<PassFactory>#getChecks#?#298	-7.984031936127744E-4	0.0	-3.992015968063872E-4		_
com.google.javascript.jscomp.ExploitAssigns#boolean#collapseAssignEqualTo#?,Node,Node,Node#177	-9.314703925482369E-4	0.0	-4.6573519627411843E-4		_
com.google.javascript.jscomp.ExploitAssigns#boolean#collapseAssignEqualTo#?,Node,Node,Node#176	-9.314703925482369E-4	0.0	-4.6573519627411843E-4		_
com.google.javascript.jscomp.ExploitAssigns#boolean#collapseAssignEqualTo#?,Node,Node,Node#175	-9.314703925482369E-4	0.0	-4.6573519627411843E-4		_
com.google.javascript.jscomp.parsing.IRFactory#?#IRFactory#?,String,StaticSourceFile,Config,ErrorReporter#160	-9.314703925482369E-4	0.0	-4.6573519627411843E-4		_
com.google.javascript.jscomp.parsing.IRFactory#?#IRFactory#?,String,StaticSourceFile,Config,ErrorReporter#159	-9.314703925482369E-4	0.0	-4.6573519627411843E-4		_
com.google.javascript.jscomp.parsing.IRFactory#int#transformTokenType#?,int#1173	-9.314703925482369E-4	0.0	-4.6573519627411843E-4		_
com.google.javascript.jscomp.ClosureOptimizePrimitives$FindObjectCreateCalls#void#visit#?,NodeTraversal,Node,Node#51	-9.314703925482369E-4	0.0	-4.6573519627411843E-4		_
com.google.javascript.jscomp.GlobalNamespace$BuildGlobalNamespace#boolean#maybeHandlePrototypePrefix#?,NodeTraversal,Node,Node,String#791	-9.314703925482369E-4	0.0	-4.6573519627411843E-4		_
com.google.javascript.jscomp.GlobalNamespace$BuildGlobalNamespace#boolean#maybeHandlePrototypePrefix#?,NodeTraversal,Node,Node,String#790	-9.314703925482369E-4	0.0	-4.6573519627411843E-4		_
com.google.javascript.jscomp.CodeConsumer#void#addNumber#?,double#260	-9.314703925482369E-4	0.0	-4.6573519627411843E-4		_
com.google.javascript.rhino.jstype.InstanceObjectType#String#toStringHelper#?,boolean#100	-9.314703925482369E-4	0.0	-4.6573519627411843E-4		_
com.google.javascript.rhino.Token#String#name#?,int#261	-9.314703925482369E-4	0.0	-4.6573519627411843E-4		_
com.google.javascript.jscomp.PeepholeRemoveDeadCode#Node#tryFoldIf#?,Node#655	-9.314703925482369E-4	0.0	-4.6573519627411843E-4		_
com.google.javascript.jscomp.PeepholeRemoveDeadCode#Node#tryFoldIf#?,Node#656	-9.314703925482369E-4	0.0	-4.6573519627411843E-4		_
com.google.javascript.jscomp.PeepholeRemoveDeadCode#Node#tryFoldIf#?,Node#657	-9.314703925482369E-4	0.0	-4.6573519627411843E-4		_
com.google.javascript.jscomp.NodeUtil#boolean#canBeSideEffected#?,Node,Set<String>#1139	-9.314703925482369E-4	0.0	-4.6573519627411843E-4		_
com.google.javascript.jscomp.PeepholeRemoveDeadCode#Node#tryFoldIf#?,Node#626	-9.314703925482369E-4	0.0	-4.6573519627411843E-4		_
com.google.javascript.jscomp.PeepholeRemoveDeadCode#Node#tryFoldIf#?,Node#627	-9.314703925482369E-4	0.0	-4.6573519627411843E-4		_
com.google.javascript.jscomp.PeepholeRemoveDeadCode#Node#tryFoldIf#?,Node#628	-9.314703925482369E-4	0.0	-4.6573519627411843E-4		_
com.google.javascript.jscomp.PeepholeRemoveDeadCode#Node#tryFoldIf#?,Node#699	-9.314703925482369E-4	0.0	-4.6573519627411843E-4		_
com.google.javascript.jscomp.PeepholeRemoveDeadCode#Node#tryFoldIf#?,Node#698	-9.314703925482369E-4	0.0	-4.6573519627411843E-4		_
com.google.javascript.jscomp.PeepholeRemoveDeadCode#Node#tryFoldIf#?,Node#697	-9.314703925482369E-4	0.0	-4.6573519627411843E-4		_
com.google.javascript.jscomp.PeepholeRemoveDeadCode#Node#tryFoldIf#?,Node#696	-9.314703925482369E-4	0.0	-4.6573519627411843E-4		_
com.google.javascript.jscomp.ExploitAssigns#void#collapseAssign#?,Node,Node,Node#58	-9.314703925482369E-4	0.0	-4.6573519627411843E-4		_
com.google.javascript.jscomp.MakeDeclaredNamesUnique$ContextualRenameInverter#void#exitScope#?,NodeTraversal#332	-9.314703925482369E-4	0.0	-4.6573519627411843E-4		_
com.google.javascript.jscomp.NodeUtil#boolean#functionCallHasSideEffects#?,Node,AbstractCompiler#1017	-9.314703925482369E-4	0.0	-4.6573519627411843E-4		_
com.google.javascript.jscomp.ClosureOptimizePrimitives#void#processObjectCreateCalls#?,List<Node>#78	-9.314703925482369E-4	0.0	-4.6573519627411843E-4		_
com.google.javascript.jscomp.ClosureOptimizePrimitives#void#processObjectCreateCalls#?,List<Node>#77	-9.314703925482369E-4	0.0	-4.6573519627411843E-4		_
com.google.javascript.jscomp.ClosureOptimizePrimitives#void#processObjectCreateCalls#?,List<Node>#76	-9.314703925482369E-4	0.0	-4.6573519627411843E-4		_
com.google.javascript.jscomp.Normalize$NormalizeStatements#void#extractForInitializer#?,Node,Node,Node#598	-9.314703925482369E-4	0.0	-4.6573519627411843E-4		_
com.google.javascript.rhino.Token#String#name#?,int#196	-9.314703925482369E-4	0.0	-4.6573519627411843E-4		_
com.google.javascript.jscomp.ShadowVariables$DoShadowVariables#void#enterScope#?,NodeTraversal#204	-9.314703925482369E-4	0.0	-4.6573519627411843E-4		_
com.google.javascript.jscomp.parsing.JsDocInfoParser#Node#parseBasicTypeExpression#?,JsDocToken#1735	-9.314703925482369E-4	0.0	-4.6573519627411843E-4		_
com.google.javascript.jscomp.parsing.JsDocInfoParser#Node#parseBasicTypeExpression#?,JsDocToken#1734	-9.314703925482369E-4	0.0	-4.6573519627411843E-4		_
com.google.javascript.rhino.jstype.JSTypeRegistry#void#addReferenceTypeIndexedByProperty#?,String,JSType#646	-9.314703925482369E-4	0.0	-4.6573519627411843E-4		_
com.google.javascript.rhino.jstype.JSTypeRegistry#void#addReferenceTypeIndexedByProperty#?,String,JSType#647	-9.314703925482369E-4	0.0	-4.6573519627411843E-4		_
com.google.javascript.jscomp.MaybeReachingVariableUse#void#computeMayUse#?,Node,Node,ReachingUses,boolean#191	-9.314703925482369E-4	0.0	-4.6573519627411843E-4		_
com.google.javascript.jscomp.MaybeReachingVariableUse#void#computeMayUse#?,Node,Node,ReachingUses,boolean#192	-9.314703925482369E-4	0.0	-4.6573519627411843E-4		_
com.google.javascript.jscomp.MaybeReachingVariableUse#void#computeMayUse#?,Node,Node,ReachingUses,boolean#193	-9.314703925482369E-4	0.0	-4.6573519627411843E-4		_
com.google.javascript.jscomp.RemoveUnusedVars#void#interpretAssigns#?#748	-9.314703925482369E-4	0.0	-4.6573519627411843E-4		_
com.google.javascript.jscomp.RemoveUnusedVars#void#interpretAssigns#?#747	-9.314703925482369E-4	0.0	-4.6573519627411843E-4		_
com.google.javascript.jscomp.RemoveUnusedVars#void#interpretAssigns#?#746	-9.314703925482369E-4	0.0	-4.6573519627411843E-4		_
com.google.javascript.jscomp.CodeConsumer#void#addOp#?,String,boolean#219	-9.314703925482369E-4	0.0	-4.6573519627411843E-4		_
com.google.javascript.jscomp.PeepholeSubstituteAlternateSyntax#Node#optimizeSubtree#?,Node#92	-9.314703925482369E-4	0.0	-4.6573519627411843E-4		_
com.google.javascript.jscomp.PeepholeSubstituteAlternateSyntax#Node#optimizeSubtree#?,Node#93	-9.314703925482369E-4	0.0	-4.6573519627411843E-4		_
com.google.javascript.jscomp.PeepholeSubstituteAlternateSyntax#Node#optimizeSubtree#?,Node#96	-9.314703925482369E-4	0.0	-4.6573519627411843E-4		_
com.google.javascript.jscomp.PeepholeSubstituteAlternateSyntax#Node#optimizeSubtree#?,Node#82	-9.314703925482369E-4	0.0	-4.6573519627411843E-4		_
com.google.javascript.jscomp.CodeGenerator#void#add#?,Node,Context#575	-9.314703925482369E-4	0.0	-4.6573519627411843E-4		_
com.google.javascript.jscomp.CodeGenerator#void#add#?,Node,Context#579	-9.314703925482369E-4	0.0	-4.6573519627411843E-4		_
com.google.javascript.jscomp.CodeGenerator#void#add#?,Node,Context#578	-9.314703925482369E-4	0.0	-4.6573519627411843E-4		_
com.google.javascript.jscomp.CodeGenerator#void#add#?,Node,Context#547	-9.314703925482369E-4	0.0	-4.6573519627411843E-4		_
com.google.javascript.jscomp.CodeGenerator#void#add#?,Node,Context#528	-9.314703925482369E-4	0.0	-4.6573519627411843E-4		_
com.google.javascript.jscomp.parsing.IRFactory$TransformDispatcher#Node#processStringLiteral#?,StringLiteral#929	-9.314703925482369E-4	0.0	-4.6573519627411843E-4		_
com.google.javascript.jscomp.parsing.IRFactory$TransformDispatcher#Node#processStringLiteral#?,StringLiteral#927	-9.314703925482369E-4	0.0	-4.6573519627411843E-4		_
com.google.javascript.jscomp.parsing.IRFactory$TransformDispatcher#Node#processStringLiteral#?,StringLiteral#928	-9.314703925482369E-4	0.0	-4.6573519627411843E-4		_
com.google.javascript.rhino.JSDocInfoBuilder#boolean#recordType#?,JSTypeExpression#440	-9.314703925482369E-4	0.0	-4.6573519627411843E-4		_
com.google.javascript.jscomp.StatementFusion#Node#optimizeSubtree#?,Node#41	-9.314703925482369E-4	0.0	-4.6573519627411843E-4		_
com.google.javascript.jscomp.StatementFusion#Node#optimizeSubtree#?,Node#40	-9.314703925482369E-4	0.0	-4.6573519627411843E-4		_
com.google.javascript.jscomp.NodeUtil#TernaryValue#getPureBooleanValue#?,Node#166	-9.314703925482369E-4	0.0	-4.6573519627411843E-4		_
com.google.javascript.jscomp.ShadowVariables$GatherReferenceInfo#void#visit#?,NodeTraversal,Node,Node#158	-9.314703925482369E-4	0.0	-4.6573519627411843E-4		_
com.google.javascript.jscomp.ShadowVariables$GatherReferenceInfo#void#visit#?,NodeTraversal,Node,Node#159	-9.314703925482369E-4	0.0	-4.6573519627411843E-4		_
com.google.javascript.jscomp.ShadowVariables$GatherReferenceInfo#void#visit#?,NodeTraversal,Node,Node#147	-9.314703925482369E-4	0.0	-4.6573519627411843E-4		_
com.google.javascript.jscomp.ControlFlowGraph#boolean#isEnteringNewCfgNode#?,Node#182	-9.314703925482369E-4	0.0	-4.6573519627411843E-4		_
com.google.javascript.jscomp.VarCheck$NameRefInExternsCheck#void#visit#?,NodeTraversal,Node,Node#248	-9.314703925482369E-4	0.0	-4.6573519627411843E-4		_
com.google.javascript.jscomp.VarCheck$NameRefInExternsCheck#void#visit#?,NodeTraversal,Node,Node#247	-9.314703925482369E-4	0.0	-4.6573519627411843E-4		_
com.google.javascript.jscomp.ControlFlowAnalysis#void#visit#?,NodeTraversal,Node,Node#341	-9.314703925482369E-4	0.0	-4.6573519627411843E-4		_
com.google.javascript.jscomp.ControlFlowAnalysis#void#visit#?,NodeTraversal,Node,Node#342	-9.314703925482369E-4	0.0	-4.6573519627411843E-4		_
com.google.javascript.jscomp.ProcessDefines$CollectDefines#void#visit#?,NodeTraversal,Node,Node#338	-9.314703925482369E-4	0.0	-4.6573519627411843E-4		_
com.google.javascript.jscomp.ProcessDefines$CollectDefines#void#visit#?,NodeTraversal,Node,Node#339	-9.314703925482369E-4	0.0	-4.6573519627411843E-4		_
com.google.javascript.jscomp.ProcessDefines$CollectDefines#void#visit#?,NodeTraversal,Node,Node#347	-9.314703925482369E-4	0.0	-4.6573519627411843E-4		_
com.google.javascript.jscomp.ProcessDefines$CollectDefines#void#visit#?,NodeTraversal,Node,Node#312	-9.314703925482369E-4	0.0	-4.6573519627411843E-4		_
com.google.javascript.jscomp.ProcessDefines$CollectDefines#void#visit#?,NodeTraversal,Node,Node#311	-9.314703925482369E-4	0.0	-4.6573519627411843E-4		_
com.google.javascript.jscomp.ProcessClosurePrimitives#void#processProvideCall#?,NodeTraversal,Node,Node#328	-9.314703925482369E-4	0.0	-4.6573519627411843E-4		_
com.google.javascript.jscomp.ProcessClosurePrimitives#void#processProvideCall#?,NodeTraversal,Node,Node#326	-9.314703925482369E-4	0.0	-4.6573519627411843E-4		_
com.google.javascript.jscomp.ProcessClosurePrimitives#void#processProvideCall#?,NodeTraversal,Node,Node#327	-9.314703925482369E-4	0.0	-4.6573519627411843E-4		_
com.google.javascript.jscomp.MustBeReachingVariableDef#void#computeMustDef#?,Node,Node,MustDef,boolean#301	-9.314703925482369E-4	0.0	-4.6573519627411843E-4		_
com.google.javascript.jscomp.ControlFlowAnalysis#Node#computeFollowNode#?,Node,Node,ControlFlowAnalysis#731	-9.314703925482369E-4	0.0	-4.6573519627411843E-4		_
com.google.javascript.jscomp.ControlFlowAnalysis#Node#computeFollowNode#?,Node,Node,ControlFlowAnalysis#730	-9.314703925482369E-4	0.0	-4.6573519627411843E-4		_
com.google.javascript.jscomp.CodeGenerator#String#strEscape#?,String,char,String,String,String,CharsetEncoder,boolean#1030	-9.314703925482369E-4	0.0	-4.6573519627411843E-4		_
com.google.javascript.jscomp.CodeGenerator#String#strEscape#?,String,char,String,String,String,CharsetEncoder,boolean#1035	-9.314703925482369E-4	0.0	-4.6573519627411843E-4		_
com.google.javascript.jscomp.DefaultPassConfig#List<PassFactory>#getCodeRemovingPasses#?#721	-9.314703925482369E-4	0.0	-4.6573519627411843E-4		_
com.google.javascript.jscomp.VarCheck#void#visit#?,NodeTraversal,Node,Node#185	-9.314703925482369E-4	0.0	-4.6573519627411843E-4		_
com.google.javascript.jscomp.MustBeReachingVariableDef#void#computeMustDef#?,Node,Node,MustDef,boolean#259	-9.314703925482369E-4	0.0	-4.6573519627411843E-4		_
com.google.javascript.jscomp.PeepholeSubstituteAlternateSyntax#Node#tryMinimizeIf#?,Node#637	-9.314703925482369E-4	0.0	-4.6573519627411843E-4		_
com.google.javascript.jscomp.MustBeReachingVariableDef#void#computeMustDef#?,Node,Node,MustDef,boolean#261	-9.314703925482369E-4	0.0	-4.6573519627411843E-4		_
com.google.javascript.jscomp.MustBeReachingVariableDef#void#computeMustDef#?,Node,Node,MustDef,boolean#260	-9.314703925482369E-4	0.0	-4.6573519627411843E-4		_
com.google.javascript.jscomp.ReorderConstantExpression#Node#optimizeSubtree#?,Node#38	-9.314703925482369E-4	0.0	-4.6573519627411843E-4		_
com.google.javascript.jscomp.ExploitAssigns#boolean#collapseAssignEqualTo#?,Node,Node,Node#183	-0.0010645375914836992	0.0	-5.322687957418496E-4		_
com.google.javascript.jscomp.ExploitAssigns#boolean#collapseAssignEqualTo#?,Node,Node,Node#171	-0.0010645375914836992	0.0	-5.322687957418496E-4		_
com.google.javascript.jscomp.ExploitAssigns#boolean#collapseAssignEqualTo#?,Node,Node,Node#170	-0.0010645375914836992	0.0	-5.322687957418496E-4		_
com.google.javascript.jscomp.parsing.IRFactory#int#transformTokenType#?,int#1189	-0.0010645375914836992	0.0	-5.322687957418496E-4		_
com.google.javascript.jscomp.NodeUtil#int#precedence#?,int#1181	-0.0010645375914836992	0.0	-5.322687957418496E-4		_
com.google.javascript.jscomp.NodeUtil#boolean#isUndefined#?,Node#1359	-0.0010645375914836992	0.0	-5.322687957418496E-4		_
com.google.javascript.jscomp.PeepholeRemoveDeadCode#Node#tryFoldIf#?,Node#689	-0.0010645375914836992	0.0	-5.322687957418496E-4		_
com.google.javascript.jscomp.PeepholeRemoveDeadCode#Node#tryFoldIf#?,Node#646	-0.0010645375914836992	0.0	-5.322687957418496E-4		_
com.google.javascript.jscomp.PeepholeRemoveDeadCode#Node#tryFoldIf#?,Node#693	-0.0010645375914836992	0.0	-5.322687957418496E-4		_
com.google.javascript.jscomp.PeepholeRemoveDeadCode#Node#tryFoldIf#?,Node#692	-0.0010645375914836992	0.0	-5.322687957418496E-4		_
com.google.javascript.jscomp.PeepholeRemoveDeadCode#Node#tryFoldIf#?,Node#691	-0.0010645375914836992	0.0	-5.322687957418496E-4		_
com.google.javascript.jscomp.PeepholeRemoveDeadCode#Node#tryFoldIf#?,Node#690	-0.0010645375914836992	0.0	-5.322687957418496E-4		_
com.google.javascript.jscomp.PeepholeSubstituteAlternateSyntax#Node#tryMinimizeCondition#?,Node#1226	-0.0010645375914836992	0.0	-5.322687957418496E-4		_
com.google.javascript.jscomp.PeepholeSubstituteAlternateSyntax#Node#tryMinimizeCondition#?,Node#1234	-0.0010645375914836992	0.0	-5.322687957418496E-4		_
com.google.javascript.jscomp.PeepholeSubstituteAlternateSyntax#Node#tryMinimizeCondition#?,Node#1233	-0.0010645375914836992	0.0	-5.322687957418496E-4		_
com.google.javascript.jscomp.PeepholeSubstituteAlternateSyntax#Node#tryMinimizeCondition#?,Node#1232	-0.0010645375914836992	0.0	-5.322687957418496E-4		_
com.google.javascript.jscomp.PeepholeSubstituteAlternateSyntax#Node#tryMinimizeCondition#?,Node#1235	-0.0010645375914836992	0.0	-5.322687957418496E-4		_
com.google.javascript.jscomp.ShadowVariables$DoShadowVariables#void#enterScope#?,NodeTraversal#219	-0.0010645375914836992	0.0	-5.322687957418496E-4		_
com.google.javascript.jscomp.ShadowVariables$DoShadowVariables#void#enterScope#?,NodeTraversal#222	-0.0010645375914836992	0.0	-5.322687957418496E-4		_
com.google.javascript.jscomp.ShadowVariables$DoShadowVariables#void#enterScope#?,NodeTraversal#221	-0.0010645375914836992	0.0	-5.322687957418496E-4		_
com.google.javascript.jscomp.DefaultPassConfig#List<PassFactory>#getOptimizations#?#653	-0.0010645375914836992	0.0	-5.322687957418496E-4		_
com.google.javascript.jscomp.GlobalNamespace$BuildGlobalNamespace#Name.Type#getValueType#?,Node#523	-0.0010645375914836992	0.0	-5.322687957418496E-4		_
com.google.javascript.jscomp.GlobalNamespace$BuildGlobalNamespace#Name.Type#getValueType#?,Node#524	-0.0010645375914836992	0.0	-5.322687957418496E-4		_
com.google.javascript.jscomp.GlobalNamespace$BuildGlobalNamespace#Name.Type#getValueType#?,Node#525	-0.0010645375914836992	0.0	-5.322687957418496E-4		_
com.google.javascript.jscomp.PeepholeRemoveDeadCode#Node#trySimplifyUnusedResult#?,Node,boolean#194	-0.0010645375914836992	0.0	-5.322687957418496E-4		_
com.google.javascript.jscomp.ExploitAssigns#boolean#collapseAssignEqualTo#?,Node,Node,Node#194	-0.0010645375914836992	0.0	-5.322687957418496E-4		_
com.google.javascript.jscomp.ConvertToDottedProperties#void#visit#?,NodeTraversal,Node,Node#61	-0.0010645375914836992	0.0	-5.322687957418496E-4		_
com.google.javascript.jscomp.ConvertToDottedProperties#void#visit#?,NodeTraversal,Node,Node#64	-0.0010645375914836992	0.0	-5.322687957418496E-4		_
com.google.javascript.jscomp.ConvertToDottedProperties#void#visit#?,NodeTraversal,Node,Node#62	-0.0010645375914836992	0.0	-5.322687957418496E-4		_
com.google.javascript.jscomp.ConvertToDottedProperties#void#visit#?,NodeTraversal,Node,Node#63	-0.0010645375914836992	0.0	-5.322687957418496E-4		_
com.google.javascript.jscomp.PeepholeSubstituteAlternateSyntax#Node#tryMinimizeIf#?,Node#764	-0.0010645375914836992	0.0	-5.322687957418496E-4		_
com.google.javascript.jscomp.PeepholeSubstituteAlternateSyntax#Node#tryMinimizeIf#?,Node#762	-0.0010645375914836992	0.0	-5.322687957418496E-4		_
com.google.javascript.jscomp.PeepholeSubstituteAlternateSyntax#Node#tryMinimizeIf#?,Node#763	-0.0010645375914836992	0.0	-5.322687957418496E-4		_
com.google.javascript.jscomp.parsing.JsDocInfoParser#Node#parseTypeExpressionAnnotation#?,JsDocToken#1548	-0.0010645375914836992	0.0	-5.322687957418496E-4		_
com.google.javascript.jscomp.NodeUtil#String#opToStr#?,int#2127	-0.0010645375914836992	0.0	-5.322687957418496E-4		_
com.google.javascript.jscomp.NodeUtil#String#opToStr#?,int#2162	-0.0010645375914836992	0.0	-5.322687957418496E-4		_
com.google.javascript.jscomp.NodeUtil#TernaryValue#getPureBooleanValue#?,Node#163	-0.0010645375914836992	0.0	-5.322687957418496E-4		_
com.google.javascript.jscomp.NodeUtil#TernaryValue#getPureBooleanValue#?,Node#164	-0.0010645375914836992	0.0	-5.322687957418496E-4		_
com.google.javascript.jscomp.NodeUtil#TernaryValue#getPureBooleanValue#?,Node#153	-0.0010645375914836992	0.0	-5.322687957418496E-4		_
com.google.javascript.jscomp.RenameVars$ProcessVars#void#enterScope#?,NodeTraversal#202	-0.0010645375914836992	0.0	-5.322687957418496E-4		_
com.google.javascript.jscomp.RenameVars$ProcessVars#void#enterScope#?,NodeTraversal#201	-0.0010645375914836992	0.0	-5.322687957418496E-4		_
com.google.javascript.jscomp.MinimizeExitPoints#void#visit#?,NodeTraversal,Node,Node#61	-0.0010645375914836992	0.0	-5.322687957418496E-4		_
com.google.javascript.jscomp.MinimizeExitPoints#void#visit#?,NodeTraversal,Node,Node#63	-0.0010645375914836992	0.0	-5.322687957418496E-4		_
com.google.javascript.jscomp.parsing.IRFactory$TransformDispatcher#void#parseDirectives#?,Node#473	-0.0010645375914836992	0.0	-5.322687957418496E-4		_
com.google.javascript.jscomp.parsing.IRFactory$TransformDispatcher#void#parseDirectives#?,Node#474	-0.0010645375914836992	0.0	-5.322687957418496E-4		_
com.google.javascript.jscomp.parsing.IRFactory$TransformDispatcher#void#parseDirectives#?,Node#475	-0.0010645375914836992	0.0	-5.322687957418496E-4		_
com.google.javascript.jscomp.parsing.IRFactory$TransformDispatcher#void#parseDirectives#?,Node#476	-0.0010645375914836992	0.0	-5.322687957418496E-4		_
com.google.javascript.jscomp.parsing.IRFactory$TransformDispatcher#void#parseDirectives#?,Node#483	-0.0010645375914836992	0.0	-5.322687957418496E-4		_
com.google.javascript.jscomp.PeepholeSubstituteAlternateSyntax#Node#optimizeSubtree#?,Node#126	-0.0010645375914836992	0.0	-5.322687957418496E-4		_
com.google.javascript.jscomp.PeepholeSubstituteAlternateSyntax#Node#optimizeSubtree#?,Node#125	-0.0010645375914836992	0.0	-5.322687957418496E-4		_
com.google.javascript.jscomp.NodeUtil#boolean#checkForStateChangeHelper#?,Node,boolean,AbstractCompiler#822	-0.0010645375914836992	0.0	-5.322687957418496E-4		_
com.google.javascript.jscomp.NodeUtil#boolean#checkForStateChangeHelper#?,Node,boolean,AbstractCompiler#865	-0.0010645375914836992	0.0	-5.322687957418496E-4		_
com.google.javascript.jscomp.NodeUtil#boolean#checkForStateChangeHelper#?,Node,boolean,AbstractCompiler#830	-0.0010645375914836992	0.0	-5.322687957418496E-4		_
com.google.javascript.jscomp.PeepholeSubstituteAlternateSyntax#Node#tryMinimizeIf#?,Node#662	-0.0010645375914836992	0.0	-5.322687957418496E-4		_
com.google.javascript.jscomp.PeepholeSubstituteAlternateSyntax#Node#tryMinimizeIf#?,Node#665	-0.0010645375914836992	0.0	-5.322687957418496E-4		_
com.google.javascript.jscomp.PeepholeSubstituteAlternateSyntax#Node#tryMinimizeIf#?,Node#666	-0.0010645375914836992	0.0	-5.322687957418496E-4		_
com.google.javascript.jscomp.PeepholeSubstituteAlternateSyntax#Node#tryMinimizeIf#?,Node#667	-0.0010645375914836992	0.0	-5.322687957418496E-4		_
com.google.javascript.jscomp.PeepholeSubstituteAlternateSyntax#Node#tryMinimizeIf#?,Node#669	-0.0010645375914836992	0.0	-5.322687957418496E-4		_
com.google.javascript.jscomp.PeepholeSubstituteAlternateSyntax#Node#tryMinimizeIf#?,Node#655	-0.0010645375914836992	0.0	-5.322687957418496E-4		_
com.google.javascript.jscomp.PeepholeCollectPropertyAssignments#Node#optimizeSubtree#?,Node#59	-0.0010645375914836992	0.0	-5.322687957418496E-4		_
com.google.javascript.jscomp.PeepholeFoldConstants#Node#tryFoldAndOr#?,Node,Node,Node#583	-0.0011976047904191617	0.0	-5.988023952095808E-4		_
com.google.javascript.jscomp.parsing.IRFactory#int#transformTokenType#?,int#1155	-0.0011976047904191617	0.0	-5.988023952095808E-4		_
com.google.javascript.jscomp.parsing.IRFactory#int#transformTokenType#?,int#1175	-0.0011976047904191617	0.0	-5.988023952095808E-4		_
com.google.javascript.jscomp.DataFlowAnalysis#void#computeEscaped#?,Scope,Set<Var>,AbstractCompiler#575	-0.0011976047904191617	0.0	-5.988023952095808E-4		_
com.google.javascript.rhino.Token#String#name#?,int#256	-0.0011976047904191617	0.0	-5.988023952095808E-4		_
com.google.javascript.rhino.Token#String#name#?,int#228	-0.0011976047904191617	0.0	-5.988023952095808E-4		_
com.google.javascript.jscomp.NodeUtil#boolean#canBeSideEffected#?,Node,Set<String>#1134	-0.0011976047904191617	0.0	-5.988023952095808E-4		_
com.google.javascript.jscomp.NodeUtil#boolean#canBeSideEffected#?,Node,Set<String>#1133	-0.0011976047904191617	0.0	-5.988023952095808E-4		_
com.google.javascript.jscomp.PeepholeRemoveDeadCode#Node#tryFoldIf#?,Node#633	-0.0011976047904191617	0.0	-5.988023952095808E-4		_
com.google.javascript.jscomp.PeepholeRemoveDeadCode#Node#tryFoldIf#?,Node#635	-0.0011976047904191617	0.0	-5.988023952095808E-4		_
com.google.javascript.jscomp.PeepholeRemoveDeadCode#Node#tryFoldIf#?,Node#634	-0.0011976047904191617	0.0	-5.988023952095808E-4		_
com.google.javascript.jscomp.PeepholeRemoveDeadCode#Node#tryFoldIf#?,Node#641	-0.0011976047904191617	0.0	-5.988023952095808E-4		_
com.google.javascript.jscomp.PeepholeRemoveDeadCode#Node#tryFoldIf#?,Node#640	-0.0011976047904191617	0.0	-5.988023952095808E-4		_
com.google.javascript.jscomp.PeepholeRemoveDeadCode#Node#tryFoldIf#?,Node#638	-0.0011976047904191617	0.0	-5.988023952095808E-4		_
com.google.javascript.jscomp.PeepholeRemoveDeadCode#Node#tryFoldIf#?,Node#639	-0.0011976047904191617	0.0	-5.988023952095808E-4		_
com.google.javascript.jscomp.PeepholeRemoveDeadCode#Node#tryFoldIf#?,Node#636	-0.0011976047904191617	0.0	-5.988023952095808E-4		_
com.google.javascript.jscomp.PeepholeRemoveDeadCode#Node#tryFoldIf#?,Node#637	-0.0011976047904191617	0.0	-5.988023952095808E-4		_
com.google.javascript.jscomp.RemoveUnusedVars#void#process#?,Node,Node#147	-0.0011976047904191617	0.0	-5.988023952095808E-4		_
com.google.javascript.jscomp.RemoveUnusedVars#void#process#?,Node,Node#146	-0.0011976047904191617	0.0	-5.988023952095808E-4		_
com.google.javascript.jscomp.PeepholeFoldConstants#Node#tryFoldBinaryOperator#?,Node#162	-0.0011976047904191617	0.0	-5.988023952095808E-4		_
com.google.javascript.jscomp.PeepholeSubstituteAlternateSyntax#Node#tryMinimizeCondition#?,Node#1191	-0.0011976047904191617	0.0	-5.988023952095808E-4		_
com.google.javascript.jscomp.PeepholeSubstituteAlternateSyntax#Node#tryMinimizeCondition#?,Node#1193	-0.0011976047904191617	0.0	-5.988023952095808E-4		_
com.google.javascript.jscomp.PeepholeSubstituteAlternateSyntax#Node#tryMinimizeCondition#?,Node#1192	-0.0011976047904191617	0.0	-5.988023952095808E-4		_
com.google.javascript.jscomp.PeepholeSubstituteAlternateSyntax#Node#tryMinimizeCondition#?,Node#1218	-0.0011976047904191617	0.0	-5.988023952095808E-4		_
com.google.javascript.jscomp.PeepholeSubstituteAlternateSyntax#Node#tryMinimizeCondition#?,Node#1219	-0.0011976047904191617	0.0	-5.988023952095808E-4		_
com.google.javascript.jscomp.PeepholeSubstituteAlternateSyntax#Node#tryMinimizeCondition#?,Node#1220	-0.0011976047904191617	0.0	-5.988023952095808E-4		_
com.google.javascript.jscomp.PeepholeSubstituteAlternateSyntax#Node#tryMinimizeCondition#?,Node#1224	-0.0011976047904191617	0.0	-5.988023952095808E-4		_
com.google.javascript.jscomp.PeepholeSubstituteAlternateSyntax#Node#tryMinimizeCondition#?,Node#1231	-0.0011976047904191617	0.0	-5.988023952095808E-4		_
com.google.javascript.jscomp.Compiler#Node#parseInputs#?#1353	-0.0011976047904191617	0.0	-5.988023952095808E-4		_
com.google.javascript.jscomp.StatementFusion#boolean#canFuseIntoOneStatement#?,Node#67	-0.0011976047904191617	0.0	-5.988023952095808E-4		_
com.google.javascript.jscomp.PeepholeRemoveDeadCode#Node#trySimplifyUnusedResult#?,Node,boolean#190	-0.0011976047904191617	0.0	-5.988023952095808E-4		_
com.google.javascript.jscomp.PeepholeRemoveDeadCode#Node#trySimplifyUnusedResult#?,Node,boolean#227	-0.0011976047904191617	0.0	-5.988023952095808E-4		_
com.google.javascript.jscomp.PeepholeRemoveDeadCode#Node#trySimplifyUnusedResult#?,Node,boolean#225	-0.0011976047904191617	0.0	-5.988023952095808E-4		_
com.google.javascript.jscomp.PeepholeRemoveDeadCode#Node#trySimplifyUnusedResult#?,Node,boolean#223	-0.0011976047904191617	0.0	-5.988023952095808E-4		_
com.google.javascript.jscomp.PeepholeRemoveDeadCode#Node#trySimplifyUnusedResult#?,Node,boolean#221	-0.0011976047904191617	0.0	-5.988023952095808E-4		_
com.google.javascript.jscomp.PeepholeRemoveDeadCode#Node#trySimplifyUnusedResult#?,Node,boolean#222	-0.0011976047904191617	0.0	-5.988023952095808E-4		_
com.google.javascript.jscomp.PeepholeRemoveDeadCode#Node#trySimplifyUnusedResult#?,Node,boolean#233	-0.0011976047904191617	0.0	-5.988023952095808E-4		_
com.google.javascript.jscomp.PeepholeRemoveDeadCode#Node#trySimplifyUnusedResult#?,Node,boolean#231	-0.0011976047904191617	0.0	-5.988023952095808E-4		_
com.google.javascript.jscomp.RemoveUnusedVars#void#interpretAssigns#?#738	-0.0011976047904191617	0.0	-5.988023952095808E-4		_
com.google.javascript.jscomp.NodeUtil#String#opToStr#?,int#2146	-0.0011976047904191617	0.0	-5.988023952095808E-4		_
com.google.javascript.jscomp.NodeUtil#String#opToStr#?,int#2161	-0.0011976047904191617	0.0	-5.988023952095808E-4		_
com.google.javascript.jscomp.CodeGenerator#boolean#isOneExactlyFunctionOrDo#?,Node#865	-0.0011976047904191617	0.0	-5.988023952095808E-4		_
com.google.javascript.jscomp.NodeUtil#TernaryValue#getPureBooleanValue#?,Node#140	-0.0011976047904191617	0.0	-5.988023952095808E-4		_
com.google.javascript.jscomp.NodeUtil#TernaryValue#getPureBooleanValue#?,Node#141	-0.0011976047904191617	0.0	-5.988023952095808E-4		_
com.google.javascript.jscomp.PeepholeRemoveDeadCode#Node#optimizeSubtree#?,Node#64	-0.0011976047904191617	0.0	-5.988023952095808E-4		_
com.google.javascript.jscomp.PeepholeRemoveDeadCode#Node#optimizeSubtree#?,Node#60	-0.0011976047904191617	0.0	-5.988023952095808E-4		_
com.google.javascript.jscomp.CollapseVariableDeclarations$GatherCollapses#void#blacklistStubVars#?,NodeTraversal,Node#185	-0.0011976047904191617	0.0	-5.988023952095808E-4		_
com.google.javascript.jscomp.RemoveUnusedVars$Assign#Assign#maybeCreateAssign#?,Node#944	-0.0011976047904191617	0.0	-5.988023952095808E-4		_
com.google.javascript.jscomp.PeepholeSubstituteAlternateSyntax#Node#optimizeSubtree#?,Node#161	-0.0011976047904191617	0.0	-5.988023952095808E-4		_
com.google.javascript.jscomp.GlobalNamespace$BuildGlobalNamespace#String#getNameForObjLitKey#?,Node#491	-0.0011976047904191617	0.0	-5.988023952095808E-4		_
com.google.javascript.jscomp.PeepholeFoldConstants#Node#tryFoldAndOr#?,Node,Node,Node#580	-0.0013306719893546241	0.0	-6.653359946773121E-4		_
com.google.javascript.jscomp.NodeUtil#boolean#isLiteralValue#?,Node,boolean#589	-0.0013306719893546241	0.0	-6.653359946773121E-4		_
com.google.javascript.jscomp.NodeUtil#boolean#isLiteralValue#?,Node,boolean#591	-0.0013306719893546241	0.0	-6.653359946773121E-4		_
com.google.javascript.jscomp.CheckSideEffects#void#visit#?,NodeTraversal,Node,Node#91	-0.0013306719893546241	0.0	-6.653359946773121E-4		_
com.google.javascript.jscomp.PrintStreamErrorManager#void#printSummary#?#71	-0.0013306719893546241	0.0	-6.653359946773121E-4		_
com.google.javascript.jscomp.PeepholeRemoveDeadCode#Node#tryFoldIf#?,Node#685	-0.0013306719893546241	0.0	-6.653359946773121E-4		_
com.google.javascript.jscomp.PeepholeRemoveDeadCode#Node#tryFoldIf#?,Node#687	-0.0013306719893546241	0.0	-6.653359946773121E-4		_
com.google.javascript.jscomp.NodeUtil#Node#getConditionExpression#?,Node#1684	-0.0013306719893546241	0.0	-6.653359946773121E-4		_
com.google.javascript.jscomp.PeepholeSubstituteAlternateSyntax#Node#tryMinimizeCondition#?,Node#1243	-0.0013306719893546241	0.0	-6.653359946773121E-4		_
com.google.javascript.jscomp.PeepholeSubstituteAlternateSyntax#Node#tryMinimizeCondition#?,Node#1242	-0.0013306719893546241	0.0	-6.653359946773121E-4		_
com.google.javascript.jscomp.PeepholeSubstituteAlternateSyntax#Node#tryMinimizeCondition#?,Node#1244	-0.0013306719893546241	0.0	-6.653359946773121E-4		_
com.google.javascript.jscomp.Normalize$NormalizeStatements#void#moveNamedFunctions#?,Node#665	-0.0013306719893546241	0.0	-6.653359946773121E-4		_
com.google.javascript.jscomp.Normalize$NormalizeStatements#void#moveNamedFunctions#?,Node#664	-0.0013306719893546241	0.0	-6.653359946773121E-4		_
com.google.javascript.jscomp.Normalize$NormalizeStatements#void#moveNamedFunctions#?,Node#660	-0.0013306719893546241	0.0	-6.653359946773121E-4		_
com.google.javascript.jscomp.Normalize$NormalizeStatements#void#moveNamedFunctions#?,Node#659	-0.0013306719893546241	0.0	-6.653359946773121E-4		_
com.google.javascript.jscomp.PeepholeSubstituteAlternateSyntax#Node#tryMinimizeCondition#?,Node#1260	-0.0013306719893546241	0.0	-6.653359946773121E-4		_
com.google.javascript.jscomp.PeepholeSubstituteAlternateSyntax#Node#tryMinimizeCondition#?,Node#1265	-0.0013306719893546241	0.0	-6.653359946773121E-4		_
com.google.javascript.jscomp.PeepholeSubstituteAlternateSyntax#Node#tryMinimizeCondition#?,Node#1259	-0.0013306719893546241	0.0	-6.653359946773121E-4		_
com.google.javascript.jscomp.PeepholeSubstituteAlternateSyntax#Node#tryMinimizeCondition#?,Node#1258	-0.0013306719893546241	0.0	-6.653359946773121E-4		_
com.google.javascript.jscomp.PeepholeSubstituteAlternateSyntax#Node#tryMinimizeCondition#?,Node#1257	-0.0013306719893546241	0.0	-6.653359946773121E-4		_
com.google.javascript.jscomp.PeepholeSubstituteAlternateSyntax#Node#tryMinimizeCondition#?,Node#1250	-0.0013306719893546241	0.0	-6.653359946773121E-4		_
com.google.javascript.jscomp.PeepholeSubstituteAlternateSyntax#Node#tryMinimizeCondition#?,Node#1249	-0.0013306719893546241	0.0	-6.653359946773121E-4		_
com.google.javascript.jscomp.PeepholeSubstituteAlternateSyntax#Node#tryMinimizeCondition#?,Node#1280	-0.0013306719893546241	0.0	-6.653359946773121E-4		_
com.google.javascript.jscomp.PeepholeSubstituteAlternateSyntax#Node#tryMinimizeCondition#?,Node#1286	-0.0013306719893546241	0.0	-6.653359946773121E-4		_
com.google.javascript.jscomp.PeepholeSubstituteAlternateSyntax#Node#tryMinimizeCondition#?,Node#1270	-0.0013306719893546241	0.0	-6.653359946773121E-4		_
com.google.javascript.jscomp.PeepholeSubstituteAlternateSyntax#Node#tryMinimizeCondition#?,Node#1274	-0.0013306719893546241	0.0	-6.653359946773121E-4		_
com.google.javascript.jscomp.NodeUtil#boolean#isLiteralValue#?,Node,boolean#611	-0.0013306719893546241	0.0	-6.653359946773121E-4		_
com.google.javascript.jscomp.NodeUtil#boolean#isLiteralValue#?,Node,boolean#609	-0.0013306719893546241	0.0	-6.653359946773121E-4		_
com.google.javascript.jscomp.GlobalNamespace$BuildGlobalNamespace#Name.Type#getValueType#?,Node#520	-0.0013306719893546241	0.0	-6.653359946773121E-4		_
com.google.javascript.jscomp.ConvertToDottedProperties#void#visit#?,NodeTraversal,Node,Node#59	-0.0013306719893546241	0.0	-6.653359946773121E-4		_
com.google.javascript.jscomp.ConvertToDottedProperties#void#visit#?,NodeTraversal,Node,Node#57	-0.0013306719893546241	0.0	-6.653359946773121E-4		_
com.google.javascript.jscomp.ConvertToDottedProperties#void#visit#?,NodeTraversal,Node,Node#58	-0.0013306719893546241	0.0	-6.653359946773121E-4		_
com.google.javascript.jscomp.ConvertToDottedProperties#void#visit#?,NodeTraversal,Node,Node#66	-0.0013306719893546241	0.0	-6.653359946773121E-4		_
com.google.javascript.jscomp.CheckSideEffects#void#visit#?,NodeTraversal,Node,Node#154	-0.0013306719893546241	0.0	-6.653359946773121E-4		_
com.google.javascript.rhino.jstype.PrototypeObjectType#boolean#isSubtype#?,JSType#478	-0.0013306719893546241	0.0	-6.653359946773121E-4		_
com.google.javascript.jscomp.NodeUtil#String#opToStr#?,int#2152	-0.0013306719893546241	0.0	-6.653359946773121E-4		_
com.google.javascript.jscomp.CodeGenerator#void#add#?,Node,Context#256	-0.0013306719893546241	0.0	-6.653359946773121E-4		_
com.google.javascript.jscomp.CodeGenerator#void#add#?,Node,Context#253	-0.0013306719893546241	0.0	-6.653359946773121E-4		_
com.google.javascript.jscomp.CodeGenerator#void#add#?,Node,Context#252	-0.0013306719893546241	0.0	-6.653359946773121E-4		_
com.google.javascript.jscomp.CodeGenerator#void#add#?,Node,Context#249	-0.0013306719893546241	0.0	-6.653359946773121E-4		_
com.google.javascript.jscomp.CodeGenerator#void#add#?,Node,Context#244	-0.0013306719893546241	0.0	-6.653359946773121E-4		_
com.google.javascript.jscomp.NodeUtil#TernaryValue#getPureBooleanValue#?,Node#151	-0.0013306719893546241	0.0	-6.653359946773121E-4		_
com.google.javascript.jscomp.PeepholeRemoveDeadCode#Node#optimizeSubtree#?,Node#46	-0.0013306719893546241	0.0	-6.653359946773121E-4		_
com.google.javascript.jscomp.PeepholeRemoveDeadCode#Node#optimizeSubtree#?,Node#67	-0.0013306719893546241	0.0	-6.653359946773121E-4		_
com.google.javascript.jscomp.PeepholeRemoveDeadCode#Node#optimizeSubtree#?,Node#63	-0.0013306719893546241	0.0	-6.653359946773121E-4		_
com.google.javascript.jscomp.PeepholeRemoveDeadCode#Node#optimizeSubtree#?,Node#62	-0.0013306719893546241	0.0	-6.653359946773121E-4		_
com.google.javascript.jscomp.PeepholeFoldConstants#Node#optimizeSubtree#?,Node#78	-0.0013306719893546241	0.0	-6.653359946773121E-4		_
com.google.javascript.jscomp.GlobalNamespace$BuildGlobalNamespace#void#collect#?,NodeTraversal,Node,Node#338	-0.0013306719893546241	0.0	-6.653359946773121E-4		_
com.google.javascript.jscomp.GlobalNamespace$BuildGlobalNamespace#void#collect#?,NodeTraversal,Node,Node#337	-0.0013306719893546241	0.0	-6.653359946773121E-4		_
com.google.javascript.jscomp.ControlFlowAnalysis#void#process#?,Node,Node#171	-0.0013306719893546241	0.0	-6.653359946773121E-4		_
com.google.javascript.jscomp.ControlFlowAnalysis#void#process#?,Node,Node#173	-0.0013306719893546241	0.0	-6.653359946773121E-4		_
com.google.javascript.jscomp.PeepholeSubstituteAlternateSyntax#Node#optimizeSubtree#?,Node#152	-0.0013306719893546241	0.0	-6.653359946773121E-4		_
com.google.javascript.jscomp.PeepholeFoldConstants#Node#tryFoldAndOr#?,Node,Node,Node#592	-0.0014637391882900866	0.0	-7.318695941450433E-4		_
com.google.javascript.jscomp.PeepholeFoldConstants#Node#tryFoldAndOr#?,Node,Node,Node#593	-0.0014637391882900866	0.0	-7.318695941450433E-4		_
com.google.javascript.jscomp.PeepholeFoldConstants#Node#tryFoldAndOr#?,Node,Node,Node#594	-0.0014637391882900866	0.0	-7.318695941450433E-4		_
com.google.javascript.jscomp.PeepholeFoldConstants#Node#tryFoldAndOr#?,Node,Node,Node#596	-0.0014637391882900866	0.0	-7.318695941450433E-4		_
com.google.javascript.jscomp.InlineVariables$InliningBehavior#boolean#maybeEscapedOrModifiedArguments#?,Scope,ReferenceMap#238	-0.0014637391882900866	0.0	-7.318695941450433E-4		_
com.google.javascript.jscomp.parsing.IRFactory#int#transformTokenType#?,int#1260	-0.0014637391882900866	0.0	-7.318695941450433E-4		_
com.google.javascript.jscomp.NodeUtil#boolean#functionCallHasSideEffects#?,Node,AbstractCompiler#1033	-0.0014637391882900866	0.0	-7.318695941450433E-4		_
com.google.javascript.jscomp.deps.JsFileLineParser#void#doParse#?,String,Reader#153	-0.0014637391882900866	0.0	-7.318695941450433E-4		_
com.google.javascript.jscomp.deps.JsFileLineParser#void#doParse#?,String,Reader#152	-0.0014637391882900866	0.0	-7.318695941450433E-4		_
com.google.javascript.jscomp.Compiler#void#compileInternal#?#667	-0.0014637391882900866	0.0	-7.318695941450433E-4		_
com.google.javascript.jscomp.ReplaceCssNames$Traversal#void#visit#?,NodeTraversal,Node,Node#150	-0.0014637391882900866	0.0	-7.318695941450433E-4		_
com.google.javascript.jscomp.ReplaceCssNames$Traversal#void#visit#?,NodeTraversal,Node,Node#151	-0.0014637391882900866	0.0	-7.318695941450433E-4		_
com.google.javascript.jscomp.ReplaceCssNames$Traversal#void#visit#?,NodeTraversal,Node,Node#152	-0.0014637391882900866	0.0	-7.318695941450433E-4		_
com.google.javascript.jscomp.ReplaceCssNames$Traversal#void#visit#?,NodeTraversal,Node,Node#153	-0.0014637391882900866	0.0	-7.318695941450433E-4		_
com.google.javascript.jscomp.ControlFlowAnalysis#Node#computeFollowNode#?,Node,Node,ControlFlowAnalysis#759	-0.0014637391882900866	0.0	-7.318695941450433E-4		_
com.google.javascript.jscomp.GlobalNamespace$BuildGlobalNamespace#void#collect#?,NodeTraversal,Node,Node#304	-0.0014637391882900866	0.0	-7.318695941450433E-4		_
com.google.javascript.jscomp.PeepholeSubstituteAlternateSyntax#Node#optimizeSubtree#?,Node#128	-0.0014637391882900866	0.0	-7.318695941450433E-4		_
com.google.javascript.jscomp.PeepholeSubstituteAlternateSyntax#Node#optimizeSubtree#?,Node#124	-0.0014637391882900866	0.0	-7.318695941450433E-4		_
com.google.javascript.jscomp.CheckSideEffects#void#protectSideEffects#?#175	-0.0014637391882900866	0.0	-7.318695941450433E-4		_
com.google.javascript.jscomp.CheckSideEffects#void#protectSideEffects#?#177	-0.0014637391882900866	0.0	-7.318695941450433E-4		_
com.google.javascript.jscomp.CheckSideEffects#void#protectSideEffects#?#176	-0.0014637391882900866	0.0	-7.318695941450433E-4		_
com.google.javascript.jscomp.CheckSideEffects#void#protectSideEffects#?#179	-0.0014637391882900866	0.0	-7.318695941450433E-4		_
com.google.javascript.jscomp.CheckSideEffects#void#protectSideEffects#?#178	-0.0014637391882900866	0.0	-7.318695941450433E-4		_
com.google.javascript.jscomp.CheckSideEffects#void#protectSideEffects#?#184	-0.0014637391882900866	0.0	-7.318695941450433E-4		_
com.google.javascript.jscomp.CheckSideEffects#void#protectSideEffects#?#182	-0.0014637391882900866	0.0	-7.318695941450433E-4		_
com.google.javascript.jscomp.CheckSideEffects#void#protectSideEffects#?#181	-0.0014637391882900866	0.0	-7.318695941450433E-4		_
com.google.javascript.jscomp.CheckSideEffects#void#protectSideEffects#?#180	-0.0014637391882900866	0.0	-7.318695941450433E-4		_
com.google.javascript.jscomp.VarCheck#void#visit#?,NodeTraversal,Node,Node#140	-0.0014637391882900866	0.0	-7.318695941450433E-4		_
com.google.javascript.jscomp.VarCheck#void#visit#?,NodeTraversal,Node,Node#142	-0.0014637391882900866	0.0	-7.318695941450433E-4		_
com.google.javascript.rhino.TokenStream#boolean#isJSIdentifier#?,String#194	-0.0014637391882900866	0.0	-7.318695941450433E-4		_
com.google.javascript.jscomp.PeepholeFoldConstants#Node#tryFoldAndOr#?,Node,Node,Node#572	-0.0015968063872255488	0.0	-7.984031936127744E-4		_
com.google.javascript.jscomp.PeepholeFoldConstants#Node#tryFoldAndOr#?,Node,Node,Node#576	-0.0015968063872255488	0.0	-7.984031936127744E-4		_
com.google.javascript.jscomp.parsing.IRFactory#int#transformTokenType#?,int#1157	-0.0015968063872255488	0.0	-7.984031936127744E-4		_
com.google.javascript.jscomp.ComposeWarningsGuard#boolean#enables#?,DiagnosticGroup#154	-0.0015968063872255488	0.0	-7.984031936127744E-4		_
com.google.javascript.jscomp.InlineVariables$InliningBehavior#boolean#maybeEscapedOrModifiedArguments#?,Scope,ReferenceMap#230	-0.0015968063872255488	0.0	-7.984031936127744E-4		_
com.google.javascript.jscomp.InlineVariables$InliningBehavior#boolean#maybeEscapedOrModifiedArguments#?,Scope,ReferenceMap#231	-0.0015968063872255488	0.0	-7.984031936127744E-4		_
com.google.javascript.jscomp.InlineVariables$InliningBehavior#boolean#maybeEscapedOrModifiedArguments#?,Scope,ReferenceMap#232	-0.0015968063872255488	0.0	-7.984031936127744E-4		_
com.google.javascript.jscomp.InlineVariables$InliningBehavior#boolean#maybeEscapedOrModifiedArguments#?,Scope,ReferenceMap#235	-0.0015968063872255488	0.0	-7.984031936127744E-4		_
com.google.javascript.jscomp.GlobalNamespace$Name#void#addRef#?,Ref#969	-0.0015968063872255488	0.0	-7.984031936127744E-4		_
com.google.javascript.jscomp.GlobalNamespace$Name#void#addRef#?,Ref#970	-0.0015968063872255488	0.0	-7.984031936127744E-4		_
com.google.javascript.rhino.Token#String#name#?,int#245	-0.0015968063872255488	0.0	-7.984031936127744E-4		_
com.google.javascript.jscomp.PeepholeRemoveDeadCode#Node#tryFoldIf#?,Node#683	-0.0015968063872255488	0.0	-7.984031936127744E-4		_
com.google.javascript.jscomp.PeepholeRemoveDeadCode#Node#tryFoldIf#?,Node#684	-0.0015968063872255488	0.0	-7.984031936127744E-4		_
com.google.javascript.jscomp.PeepholeRemoveDeadCode#Node#tryFoldIf#?,Node#667	-0.0015968063872255488	0.0	-7.984031936127744E-4		_
com.google.javascript.jscomp.CodeGenerator#void#add#?,Node,Context#87	-0.0015968063872255488	0.0	-7.984031936127744E-4		_
com.google.javascript.jscomp.PeepholeFoldConstants#Node#tryFoldBinaryOperator#?,Node#164	-0.0015968063872255488	0.0	-7.984031936127744E-4		_
com.google.javascript.jscomp.PeepholeFoldConstants#Node#tryFoldBinaryOperator#?,Node#118	-0.0015968063872255488	0.0	-7.984031936127744E-4		_
com.google.javascript.jscomp.AstValidator#void#validateStatement#?,Node#105	-0.0015968063872255488	0.0	-7.984031936127744E-4		_
com.google.javascript.jscomp.AstValidator#void#validateStatement#?,Node#106	-0.0015968063872255488	0.0	-7.984031936127744E-4		_
com.google.javascript.jscomp.parsing.JsDocTokenStream#JsDocToken#getJsDocToken#?#68	-0.0015968063872255488	0.0	-7.984031936127744E-4		_
com.google.javascript.jscomp.InlineVariables$InliningBehavior#void#doInlinesForScope#?,NodeTraversal,ReferenceMap#212	-0.0015968063872255488	0.0	-7.984031936127744E-4		_
com.google.javascript.jscomp.InlineVariables$InliningBehavior#void#doInlinesForScope#?,NodeTraversal,ReferenceMap#213	-0.0015968063872255488	0.0	-7.984031936127744E-4		_
com.google.javascript.jscomp.InlineVariables$InliningBehavior#void#doInlinesForScope#?,NodeTraversal,ReferenceMap#210	-0.0015968063872255488	0.0	-7.984031936127744E-4		_
com.google.javascript.jscomp.InlineVariables$InliningBehavior#void#doInlinesForScope#?,NodeTraversal,ReferenceMap#211	-0.0015968063872255488	0.0	-7.984031936127744E-4		_
com.google.javascript.jscomp.SyntacticScopeCreator$DefaultRedeclarationHandler#void#onRedeclaration#?,Scope,String,Node,CompilerInput#210	-0.0015968063872255488	0.0	-7.984031936127744E-4		_
com.google.javascript.jscomp.DiagnosticGroup#boolean#isSubGroup#?,DiagnosticGroup#122	-0.0015968063872255488	0.0	-7.984031936127744E-4		_
com.google.javascript.jscomp.CodeGenerator#void#add#?,Node,Context#481	-0.0015968063872255488	0.0	-7.984031936127744E-4		_
com.google.javascript.jscomp.CodeGenerator#void#add#?,Node,Context#476	-0.0015968063872255488	0.0	-7.984031936127744E-4		_
com.google.javascript.jscomp.CodeGenerator#void#add#?,Node,Context#477	-0.0015968063872255488	0.0	-7.984031936127744E-4		_
com.google.javascript.jscomp.CodeGenerator#void#add#?,Node,Context#475	-0.0015968063872255488	0.0	-7.984031936127744E-4		_
com.google.javascript.jscomp.CodeGenerator#void#add#?,Node,Context#479	-0.0015968063872255488	0.0	-7.984031936127744E-4		_
com.google.javascript.jscomp.CodeGenerator#void#add#?,Node,Context#478	-0.0015968063872255488	0.0	-7.984031936127744E-4		_
com.google.javascript.jscomp.UnreachableCodeElimination#Node#tryRemoveUnconditionalBranching#?,Node#173	-0.0015968063872255488	0.0	-7.984031936127744E-4		_
com.google.javascript.jscomp.UnreachableCodeElimination#Node#tryRemoveUnconditionalBranching#?,Node#174	-0.0015968063872255488	0.0	-7.984031936127744E-4		_
com.google.javascript.jscomp.PrepareAst$PrepareAnnotations#void#annotateCalls#?,Node#178	-0.0015968063872255488	0.0	-7.984031936127744E-4		_
com.google.javascript.jscomp.RemoveUnusedVars#void#traverseNode#?,Node,Node,Scope#247	-0.0015968063872255488	0.0	-7.984031936127744E-4		_
com.google.javascript.jscomp.RemoveUnusedVars#void#traverseNode#?,Node,Node,Scope#246	-0.0015968063872255488	0.0	-7.984031936127744E-4		_
com.google.javascript.jscomp.RemoveUnusedVars#void#traverseNode#?,Node,Node,Scope#245	-0.0015968063872255488	0.0	-7.984031936127744E-4		_
com.google.javascript.jscomp.NodeUtil#boolean#isImmutableValue#?,Node#502	-0.0015968063872255488	0.0	-7.984031936127744E-4		_
com.google.javascript.jscomp.ReplaceCssNames$Traversal#void#visit#?,NodeTraversal,Node,Node#149	-0.0015968063872255488	0.0	-7.984031936127744E-4		_
com.google.javascript.jscomp.ReplaceCssNames$Traversal#void#visit#?,NodeTraversal,Node,Node#158	-0.0015968063872255488	0.0	-7.984031936127744E-4		_
com.google.javascript.jscomp.PeepholeFoldConstants#void#tryReduceOperandsForOp#?,Node#198	-0.0015968063872255488	0.0	-7.984031936127744E-4		_
com.google.javascript.jscomp.RemoveUnusedVars#void#removeUnreferencedVars#?#821	-0.0015968063872255488	0.0	-7.984031936127744E-4		_
com.google.javascript.jscomp.RemoveUnusedVars#void#removeUnreferencedVars#?#820	-0.0015968063872255488	0.0	-7.984031936127744E-4		_
com.google.javascript.jscomp.GlobalNamespace$BuildGlobalNamespace#void#collect#?,NodeTraversal,Node,Node#335	-0.0015968063872255488	0.0	-7.984031936127744E-4		_
com.google.javascript.jscomp.GlobalNamespace$BuildGlobalNamespace#void#collect#?,NodeTraversal,Node,Node#334	-0.0015968063872255488	0.0	-7.984031936127744E-4		_
com.google.javascript.jscomp.PeepholeSubstituteAlternateSyntax#Node#optimizeSubtree#?,Node#137	-0.0015968063872255488	0.0	-7.984031936127744E-4		_
com.google.javascript.jscomp.GlobalNamespace$BuildGlobalNamespace#void#handleGet#?,NodeTraversal,Node,Node,String#685	-0.0015968063872255488	0.0	-7.984031936127744E-4		_
com.google.javascript.jscomp.GlobalNamespace$BuildGlobalNamespace#void#handleGet#?,NodeTraversal,Node,Node,String#684	-0.0015968063872255488	0.0	-7.984031936127744E-4		_
com.google.javascript.jscomp.CommandLineRunner#CompilerOptions#createOptions#?#793	-0.0015968063872255488	0.0	-7.984031936127744E-4		_
com.google.javascript.jscomp.NodeUtil#boolean#isLiteralValue#?,Node,boolean#595	-0.0017298735861610113	0.0	-8.649367930805056E-4		_
com.google.javascript.jscomp.parsing.IRFactory#int#transformTokenType#?,int#1165	-0.0017298735861610113	0.0	-8.649367930805056E-4		_
com.google.javascript.jscomp.SuppressDocWarningsGuard#CheckLevel#level#?,JSError#85	-0.0017298735861610113	0.0	-8.649367930805056E-4		_
com.google.javascript.jscomp.CodeConsumer#void#addNumber#?,double#265	-0.0017298735861610113	0.0	-8.649367930805056E-4		_
com.google.javascript.jscomp.NodeUtil#boolean#functionCallHasSideEffects#?,Node,AbstractCompiler#1030	-0.0017298735861610113	0.0	-8.649367930805056E-4		_
com.google.javascript.jscomp.PhaseOptimizer#Tracer#newTracer#?,String#247	-0.0017298735861610113	0.0	-8.649367930805056E-4		_
com.google.javascript.jscomp.ShadowVariables$DoShadowVariables#void#enterScope#?,NodeTraversal#218	-0.0017298735861610113	0.0	-8.649367930805056E-4		_
com.google.javascript.jscomp.ShadowVariables$DoShadowVariables#void#enterScope#?,NodeTraversal#216	-0.0017298735861610113	0.0	-8.649367930805056E-4		_
com.google.javascript.jscomp.CheckUnreachableCode#boolean#shouldTraverse#?,NodeTraversal,Node,Node#70	-0.0017298735861610113	0.0	-8.649367930805056E-4		_
com.google.javascript.jscomp.CheckUnreachableCode#boolean#shouldTraverse#?,NodeTraversal,Node,Node#63	-0.0017298735861610113	0.0	-8.649367930805056E-4		_
com.google.javascript.jscomp.CheckUnreachableCode#boolean#shouldTraverse#?,NodeTraversal,Node,Node#66	-0.0017298735861610113	0.0	-8.649367930805056E-4		_
com.google.javascript.jscomp.PeepholeRemoveDeadCode#Node#trySimplifyUnusedResult#?,Node,boolean#187	-0.0017298735861610113	0.0	-8.649367930805056E-4		_
com.google.javascript.jscomp.parsing.JsDocTokenStream#int#getChar#?#349	-0.0017298735861610113	0.0	-8.649367930805056E-4		_
com.google.javascript.jscomp.parsing.JsDocTokenStream#int#getChar#?#350	-0.0017298735861610113	0.0	-8.649367930805056E-4		_
com.google.javascript.jscomp.parsing.JsDocTokenStream#int#getChar#?#353	-0.0017298735861610113	0.0	-8.649367930805056E-4		_
com.google.javascript.jscomp.CodeGenerator#boolean#isOneExactlyFunctionOrDo#?,Node#864	-0.0017298735861610113	0.0	-8.649367930805056E-4		_
com.google.javascript.jscomp.CodeGenerator#boolean#isOneExactlyFunctionOrDo#?,Node#863	-0.0017298735861610113	0.0	-8.649367930805056E-4		_
com.google.javascript.jscomp.PeepholeCollectPropertyAssignments#boolean#collectProperty#?,Node,String,Node#146	-0.0017298735861610113	0.0	-8.649367930805056E-4		_
com.google.javascript.jscomp.RemoveUnusedVars#void#traverseNode#?,Node,Node,Scope#242	-0.0017298735861610113	0.0	-8.649367930805056E-4		_
com.google.javascript.jscomp.RemoveUnusedVars#void#traverseNode#?,Node,Node,Scope#237	-0.0017298735861610113	0.0	-8.649367930805056E-4		_
com.google.javascript.jscomp.ControlFlowAnalysis#Node#computeFollowNode#?,Node,Node,ControlFlowAnalysis#766	-0.0017298735861610113	0.0	-8.649367930805056E-4		_
com.google.javascript.jscomp.ControlFlowAnalysis#Node#computeFollowNode#?,Node,Node,ControlFlowAnalysis#767	-0.0017298735861610113	0.0	-8.649367930805056E-4		_
com.google.javascript.jscomp.RemoveUnusedVars#void#removeUnreferencedVars#?#819	-0.0017298735861610113	0.0	-8.649367930805056E-4		_
com.google.javascript.jscomp.PhaseOptimizer#void#stopTracer#?,Tracer,String#255	-0.0017298735861610113	0.0	-8.649367930805056E-4		_
com.google.javascript.jscomp.parsing.IRFactory#int#transformTokenType#?,int#1153	-0.0018629407850964737	0.0	-9.314703925482369E-4		_
com.google.javascript.jscomp.parsing.IRFactory#int#transformTokenType#?,int#1171	-0.0018629407850964737	0.0	-9.314703925482369E-4		_
com.google.javascript.jscomp.SuppressDocWarningsGuard#CheckLevel#level#?,JSError#77	-0.0018629407850964737	0.0	-9.314703925482369E-4		_
com.google.javascript.jscomp.SuppressDocWarningsGuard#CheckLevel#level#?,JSError#78	-0.0018629407850964737	0.0	-9.314703925482369E-4		_
com.google.javascript.jscomp.SuppressDocWarningsGuard#CheckLevel#level#?,JSError#83	-0.0018629407850964737	0.0	-9.314703925482369E-4		_
com.google.javascript.jscomp.SuppressDocWarningsGuard#CheckLevel#level#?,JSError#84	-0.0018629407850964737	0.0	-9.314703925482369E-4		_
com.google.javascript.jscomp.SuppressDocWarningsGuard#CheckLevel#level#?,JSError#82	-0.0018629407850964737	0.0	-9.314703925482369E-4		_
com.google.javascript.rhino.Node#String#propToString#?,int#144	-0.0018629407850964737	0.0	-9.314703925482369E-4		_
com.google.javascript.jscomp.CodeGenerator#void#addNonEmptyStatement#?,Node,Context,boolean#828	-0.0018629407850964737	0.0	-9.314703925482369E-4		_
com.google.javascript.jscomp.CodeGenerator#void#addNonEmptyStatement#?,Node,Context,boolean#829	-0.0018629407850964737	0.0	-9.314703925482369E-4		_
com.google.javascript.rhino.jstype.UnionTypeBuilder#JSType#reduceAlternatesWithoutUnion#?#224	-0.0018629407850964737	0.0	-9.314703925482369E-4		_
com.google.javascript.jscomp.CodeGenerator#void#addNonEmptyStatement#?,Node,Context,boolean#830	-0.0018629407850964737	0.0	-9.314703925482369E-4		_
com.google.javascript.jscomp.CodeGenerator#void#addNonEmptyStatement#?,Node,Context,boolean#832	-0.0018629407850964737	0.0	-9.314703925482369E-4		_
com.google.javascript.jscomp.CodeGenerator#void#addNonEmptyStatement#?,Node,Context,boolean#831	-0.0018629407850964737	0.0	-9.314703925482369E-4		_
com.google.javascript.jscomp.InlineVariables#Predicate<Var>#getFilterForMode#?#96	-0.0018629407850964737	0.0	-9.314703925482369E-4		_
com.google.javascript.jscomp.MaybeReachingVariableUse#void#computeMayUse#?,Node,Node,ReachingUses,boolean#169	-0.0018629407850964737	0.0	-9.314703925482369E-4		_
com.google.javascript.jscomp.MaybeReachingVariableUse#void#computeMayUse#?,Node,Node,ReachingUses,boolean#167	-0.0018629407850964737	0.0	-9.314703925482369E-4		_
com.google.javascript.jscomp.CodeGenerator#void#add#?,Node,Context#280	-0.0018629407850964737	0.0	-9.314703925482369E-4		_
com.google.javascript.jscomp.CodeGenerator#void#add#?,Node,Context#398	-0.0018629407850964737	0.0	-9.314703925482369E-4		_
com.google.javascript.rhino.jstype.FunctionParamBuilder#boolean#addRequiredParams#?,JSType#64	-0.0018629407850964737	0.0	-9.314703925482369E-4		_
com.google.javascript.jscomp.MustBeReachingVariableDef#void#computeMustDef#?,Node,Node,MustDef,boolean#290	-0.0018629407850964737	0.0	-9.314703925482369E-4		_
com.google.javascript.jscomp.MustBeReachingVariableDef#void#computeMustDef#?,Node,Node,MustDef,boolean#291	-0.0018629407850964737	0.0	-9.314703925482369E-4		_
com.google.javascript.jscomp.ControlFlowAnalysis#Node#computeFollowNode#?,Node,Node,ControlFlowAnalysis#729	-0.0018629407850964737	0.0	-9.314703925482369E-4		_
com.google.javascript.jscomp.ShadowVariables#void#process#?,Node,Node#124	-0.0018629407850964737	0.0	-9.314703925482369E-4		_
com.google.javascript.jscomp.PeepholeSubstituteAlternateSyntax#Node#optimizeSubtree#?,Node#115	-0.0018629407850964737	0.0	-9.314703925482369E-4		_
com.google.javascript.jscomp.PeepholeSubstituteAlternateSyntax#Node#optimizeSubtree#?,Node#116	-0.0018629407850964737	0.0	-9.314703925482369E-4		_
com.google.javascript.jscomp.PeepholeSubstituteAlternateSyntax#Node#optimizeSubtree#?,Node#135	-0.0018629407850964737	0.0	-9.314703925482369E-4		_
com.google.javascript.jscomp.PeepholeSubstituteAlternateSyntax#Node#optimizeSubtree#?,Node#136	-0.0018629407850964737	0.0	-9.314703925482369E-4		_
com.google.javascript.jscomp.NodeUtil#boolean#checkForStateChangeHelper#?,Node,boolean,AbstractCompiler#849	-0.0018629407850964737	0.0	-9.314703925482369E-4		_
com.google.javascript.jscomp.MustBeReachingVariableDef#void#computeMustDef#?,Node,Node,MustDef,boolean#287	-0.0018629407850964737	0.0	-9.314703925482369E-4		_
com.google.javascript.jscomp.parsing.IRFactory#int#transformTokenType#?,int#1262	-0.001996007984031936	0.0	-9.98003992015968E-4		_
com.google.javascript.jscomp.CollapseVariableDeclarations$GatherCollapses#boolean#canBeRedeclared#?,Node,Scope#198	-0.001996007984031936	0.0	-9.98003992015968E-4		_
com.google.javascript.jscomp.ProcessClosurePrimitives#void#handleCandidateProvideDefinition#?,NodeTraversal,Node,Node#375	-0.001996007984031936	0.0	-9.98003992015968E-4		_
com.google.javascript.jscomp.ShadowVariables$DoShadowVariables#void#enterScope#?,NodeTraversal#208	-0.001996007984031936	0.0	-9.98003992015968E-4		_
com.google.javascript.jscomp.ShadowVariables$DoShadowVariables#void#enterScope#?,NodeTraversal#212	-0.001996007984031936	0.0	-9.98003992015968E-4		_
com.google.javascript.jscomp.CheckUnreachableCode#boolean#shouldTraverse#?,NodeTraversal,Node,Node#60	-0.001996007984031936	0.0	-9.98003992015968E-4		_
com.google.javascript.jscomp.AbstractCommandLineRunner#void#setRunOptions#?,CompilerOptions#219	-0.001996007984031936	0.0	-9.98003992015968E-4		_
com.google.javascript.jscomp.AbstractCommandLineRunner#void#setRunOptions#?,CompilerOptions#220	-0.001996007984031936	0.0	-9.98003992015968E-4		_
com.google.javascript.jscomp.RenameVars#void#assignNames#?,Set<Assignment>#456	-0.001996007984031936	0.0	-9.98003992015968E-4		_
com.google.javascript.jscomp.CodeGenerator#void#add#?,Node,Context#581	-0.001996007984031936	0.0	-9.98003992015968E-4		_
com.google.javascript.jscomp.CodeGenerator#void#add#?,Node,Context#582	-0.001996007984031936	0.0	-9.98003992015968E-4		_
com.google.javascript.jscomp.CodeGenerator#void#add#?,Node,Context#573	-0.001996007984031936	0.0	-9.98003992015968E-4		_
com.google.javascript.jscomp.CodeGenerator#void#add#?,Node,Context#574	-0.001996007984031936	0.0	-9.98003992015968E-4		_
com.google.javascript.jscomp.CodeGenerator#void#add#?,Node,Context#572	-0.001996007984031936	0.0	-9.98003992015968E-4		_
com.google.javascript.jscomp.ProcessClosurePrimitives#void#visit#?,NodeTraversal,Node,Node#190	-0.001996007984031936	0.0	-9.98003992015968E-4		_
com.google.javascript.jscomp.OptimizeArgumentsArray#void#exitScope#?,NodeTraversal#126	-0.001996007984031936	0.0	-9.98003992015968E-4		_
com.google.javascript.jscomp.NodeUtil#TernaryValue#getImpureBooleanValue#?,Node#84	-0.001996007984031936	0.0	-9.98003992015968E-4		_
com.google.javascript.jscomp.NodeUtil#TernaryValue#getImpureBooleanValue#?,Node#83	-0.001996007984031936	0.0	-9.98003992015968E-4		_
com.google.javascript.jscomp.PeepholeCollectPropertyAssignments#boolean#collectProperty#?,Node,String,Node#159	-0.001996007984031936	0.0	-9.98003992015968E-4		_
com.google.javascript.jscomp.PeepholeSubstituteAlternateSyntax#Node#optimizeSubtree#?,Node#120	-0.001996007984031936	0.0	-9.98003992015968E-4		_
com.google.javascript.jscomp.PeepholeSubstituteAlternateSyntax#Node#optimizeSubtree#?,Node#121	-0.001996007984031936	0.0	-9.98003992015968E-4		_
com.google.javascript.jscomp.GlobalNamespace$BuildGlobalNamespace#void#handleGet#?,NodeTraversal,Node,Node,String#674	-0.001996007984031936	0.0	-9.98003992015968E-4		_
com.google.javascript.jscomp.GlobalNamespace$BuildGlobalNamespace#void#handleGet#?,NodeTraversal,Node,Node,String#673	-0.001996007984031936	0.0	-9.98003992015968E-4		_
com.google.javascript.jscomp.CollapseVariableDeclarations$GatherCollapses#void#visit#?,NodeTraversal,Node,Node#165	-0.001996007984031936	0.0	-9.98003992015968E-4		_
com.google.javascript.jscomp.CollapseVariableDeclarations$GatherCollapses#void#visit#?,NodeTraversal,Node,Node#166	-0.001996007984031936	0.0	-9.98003992015968E-4		_
com.google.javascript.jscomp.parsing.IRFactory#int#transformTokenType#?,int#1223	-0.0021290751829673984	0.0	-0.0010645375914836992		_
com.google.javascript.jscomp.NodeUtil#boolean#evaluatesToLocalValue#?,Node,Predicate<Node>#2901	-0.0021290751829673984	0.0	-0.0010645375914836992		_
com.google.javascript.jscomp.PeepholeFoldConstants#Node#tryFoldBinaryOperator#?,Node#154	-0.0021290751829673984	0.0	-0.0010645375914836992		_
com.google.javascript.jscomp.CodeGenerator#int#getNonEmptyChildCount#?,Node,int#1136	-0.0021290751829673984	0.0	-0.0010645375914836992		_
com.google.javascript.jscomp.ScopedAliases$Traversal#void#visit#?,NodeTraversal,Node,Node#378	-0.0021290751829673984	0.0	-0.0010645375914836992		_
com.google.javascript.jscomp.ScopedAliases$Traversal#void#visit#?,NodeTraversal,Node,Node#377	-0.0021290751829673984	0.0	-0.0010645375914836992		_
com.google.javascript.jscomp.parsing.TypeSafeDispatcher#T#process#?,AstNode#282	-0.0021290751829673984	0.0	-0.0010645375914836992		_
com.google.javascript.jscomp.CodeGenerator#void#add#?,Node,Context#495	-0.0021290751829673984	0.0	-0.0010645375914836992		_
com.google.javascript.jscomp.CodeGenerator#void#add#?,Node,Context#494	-0.0021290751829673984	0.0	-0.0010645375914836992		_
com.google.javascript.jscomp.ControlFlowAnalysis#Node#computeFollowNode#?,Node,Node,ControlFlowAnalysis#728	-0.0021290751829673984	0.0	-0.0010645375914836992		_
com.google.javascript.jscomp.ProcessDefines$CollectDefines#?#CollectDefines#?,AbstractCompiler,List<Name>#260	-0.002262142381902861	0.0	-0.0011310711909514304		_
com.google.javascript.jscomp.ProcessDefines$CollectDefines#?#CollectDefines#?,AbstractCompiler,List<Name>#261	-0.002262142381902861	0.0	-0.0011310711909514304		_
com.google.javascript.jscomp.parsing.IRFactory#int#transformTokenType#?,int#1183	-0.002262142381902861	0.0	-0.0011310711909514304		_
com.google.javascript.jscomp.parsing.IRFactory#int#transformTokenType#?,int#1191	-0.002262142381902861	0.0	-0.0011310711909514304		_
com.google.javascript.jscomp.InlineObjectLiterals$InliningBehavior#void#afterExitScope#?,NodeTraversal,ReferenceMap#104	-0.002262142381902861	0.0	-0.0011310711909514304		_
com.google.javascript.jscomp.InlineObjectLiterals$InliningBehavior#void#afterExitScope#?,NodeTraversal,ReferenceMap#100	-0.002262142381902861	0.0	-0.0011310711909514304		_
com.google.javascript.jscomp.InlineObjectLiterals$InliningBehavior#void#afterExitScope#?,NodeTraversal,ReferenceMap#97	-0.002262142381902861	0.0	-0.0011310711909514304		_
com.google.javascript.jscomp.InlineObjectLiterals$InliningBehavior#void#afterExitScope#?,NodeTraversal,ReferenceMap#99	-0.002262142381902861	0.0	-0.0011310711909514304		_
com.google.javascript.jscomp.PeepholeRemoveDeadCode#Node#trySimplifyUnusedResult#?,Node,boolean#196	-0.002262142381902861	0.0	-0.0011310711909514304		_
com.google.javascript.jscomp.PeepholeRemoveDeadCode#Node#trySimplifyUnusedResult#?,Node,boolean#184	-0.002262142381902861	0.0	-0.0011310711909514304		_
com.google.javascript.jscomp.PeepholeRemoveDeadCode#Node#trySimplifyUnusedResult#?,Node,boolean#246	-0.002262142381902861	0.0	-0.0011310711909514304		_
com.google.javascript.jscomp.PeepholeRemoveDeadCode#Node#trySimplifyUnusedResult#?,Node,boolean#243	-0.002262142381902861	0.0	-0.0011310711909514304		_
com.google.javascript.jscomp.PeepholeRemoveDeadCode#Node#trySimplifyUnusedResult#?,Node,boolean#244	-0.002262142381902861	0.0	-0.0011310711909514304		_
com.google.javascript.jscomp.SyntacticScopeCreator$DefaultRedeclarationHandler#void#onRedeclaration#?,Scope,String,Node,CompilerInput#218	-0.002262142381902861	0.0	-0.0011310711909514304		_
com.google.javascript.jscomp.ProcessClosurePrimitives#void#visit#?,NodeTraversal,Node,Node#222	-0.002262142381902861	0.0	-0.0011310711909514304		_
com.google.javascript.jscomp.deps.JsFileLineParser#void#doParse#?,String,Reader#141	-0.002262142381902861	0.0	-0.0011310711909514304		_
com.google.javascript.jscomp.RemoveUnusedVars#void#interpretAssigns#?#735	-0.002262142381902861	0.0	-0.0011310711909514304		_
com.google.javascript.jscomp.PeepholeRemoveDeadCode#Node#trySimplifyUnusedResult#?,Node,boolean#177	-0.002262142381902861	0.0	-0.0011310711909514304		_
com.google.javascript.jscomp.PeepholeRemoveDeadCode#Node#trySimplifyUnusedResult#?,Node,boolean#176	-0.002262142381902861	0.0	-0.0011310711909514304		_
com.google.javascript.jscomp.UnreachableCodeElimination#Node#tryRemoveUnconditionalBranching#?,Node#165	-0.002262142381902861	0.0	-0.0011310711909514304		_
com.google.javascript.jscomp.UnreachableCodeElimination#Node#tryRemoveUnconditionalBranching#?,Node#164	-0.002262142381902861	0.0	-0.0011310711909514304		_
com.google.javascript.jscomp.UnreachableCodeElimination#Node#tryRemoveUnconditionalBranching#?,Node#169	-0.002262142381902861	0.0	-0.0011310711909514304		_
com.google.javascript.jscomp.UnreachableCodeElimination#Node#tryRemoveUnconditionalBranching#?,Node#172	-0.002262142381902861	0.0	-0.0011310711909514304		_
com.google.javascript.jscomp.UnreachableCodeElimination#Node#tryRemoveUnconditionalBranching#?,Node#170	-0.002262142381902861	0.0	-0.0011310711909514304		_
com.google.javascript.jscomp.UnreachableCodeElimination#Node#tryRemoveUnconditionalBranching#?,Node#171	-0.002262142381902861	0.0	-0.0011310711909514304		_
com.google.javascript.jscomp.ReplaceCssNames$Traversal#void#visit#?,NodeTraversal,Node,Node#146	-0.002262142381902861	0.0	-0.0011310711909514304		_
com.google.javascript.jscomp.ReplaceCssNames$Traversal#void#visit#?,NodeTraversal,Node,Node#144	-0.002262142381902861	0.0	-0.0011310711909514304		_
com.google.javascript.jscomp.ReplaceCssNames$Traversal#void#visit#?,NodeTraversal,Node,Node#145	-0.002262142381902861	0.0	-0.0011310711909514304		_
com.google.javascript.jscomp.PeepholeFoldConstants#Node#optimizeSubtree#?,Node#91	-0.002262142381902861	0.0	-0.0011310711909514304		_
com.google.javascript.jscomp.ControlFlowAnalysis#void#visit#?,NodeTraversal,Node,Node#316	-0.002262142381902861	0.0	-0.0011310711909514304		_
com.google.javascript.jscomp.ControlFlowAnalysis#void#visit#?,NodeTraversal,Node,Node#317	-0.002262142381902861	0.0	-0.0011310711909514304		_
com.google.javascript.jscomp.CodeGenerator#void#add#?,Node,Context#714	-0.002262142381902861	0.0	-0.0011310711909514304		_
com.google.javascript.jscomp.CodeGenerator#void#add#?,Node,Context#713	-0.002262142381902861	0.0	-0.0011310711909514304		_
com.google.javascript.jscomp.CodeGenerator#void#add#?,Node,Context#712	-0.002262142381902861	0.0	-0.0011310711909514304		_
com.google.javascript.jscomp.CodeGenerator#void#add#?,Node,Context#711	-0.002262142381902861	0.0	-0.0011310711909514304		_
com.google.javascript.jscomp.parsing.IRFactory#int#transformTokenType#?,int#1169	-0.0023952095808383233	0.0	-0.0011976047904191617		_
com.google.javascript.jscomp.GlobalNamespace$BuildGlobalNamespace#void#handleSetFromGlobal#?,NodeTraversal,Node,Node,String,boolean,Name.Type#560	-0.0023952095808383233	0.0	-0.0011976047904191617		_
com.google.javascript.jscomp.GlobalNamespace$BuildGlobalNamespace#void#handleSetFromGlobal#?,NodeTraversal,Node,Node,String,boolean,Name.Type#559	-0.0023952095808383233	0.0	-0.0011976047904191617		_
com.google.javascript.jscomp.GlobalNamespace$BuildGlobalNamespace#void#handleSetFromGlobal#?,NodeTraversal,Node,Node,String,boolean,Name.Type#557	-0.0023952095808383233	0.0	-0.0011976047904191617		_
com.google.javascript.jscomp.PeepholeFoldConstants#Node#tryFoldBinaryOperator#?,Node#161	-0.0023952095808383233	0.0	-0.0011976047904191617		_
com.google.javascript.jscomp.PeepholeFoldConstants#Node#tryFoldBinaryOperator#?,Node#160	-0.0023952095808383233	0.0	-0.0011976047904191617		_
com.google.javascript.jscomp.AstValidator#void#validateStatement#?,Node#142	-0.0023952095808383233	0.0	-0.0011976047904191617		_
com.google.javascript.jscomp.AstValidator#void#validateStatement#?,Node#141	-0.0023952095808383233	0.0	-0.0011976047904191617		_
com.google.javascript.jscomp.ControlFlowAnalysis#void#connectToPossibleExceptionHandler#?,Node,Node#854	-0.0023952095808383233	0.0	-0.0011976047904191617		_
com.google.javascript.jscomp.ControlFlowAnalysis#void#connectToPossibleExceptionHandler#?,Node,Node#841	-0.0023952095808383233	0.0	-0.0011976047904191617		_
com.google.javascript.jscomp.ControlFlowAnalysis#void#connectToPossibleExceptionHandler#?,Node,Node#842	-0.0023952095808383233	0.0	-0.0011976047904191617		_
com.google.javascript.jscomp.RemoveUnusedVars#void#interpretAssigns#?#736	-0.0023952095808383233	0.0	-0.0011976047904191617		_
com.google.javascript.jscomp.NodeUtil#String#opToStr#?,int#2135	-0.0023952095808383233	0.0	-0.0011976047904191617		_
com.google.javascript.jscomp.NodeUtil#boolean#isImmutableValue#?,Node#499	-0.0023952095808383233	0.0	-0.0011976047904191617		_
com.google.javascript.jscomp.ControlFlowGraph#boolean#isEnteringNewCfgNode#?,Node#172	-0.0023952095808383233	0.0	-0.0011976047904191617		_
com.google.javascript.jscomp.MustBeReachingVariableDef#void#computeMustDef#?,Node,Node,MustDef,boolean#236	-0.0023952095808383233	0.0	-0.0011976047904191617		_
com.google.javascript.jscomp.MustBeReachingVariableDef#void#computeMustDef#?,Node,Node,MustDef,boolean#238	-0.0023952095808383233	0.0	-0.0011976047904191617		_
com.google.javascript.jscomp.CodeConsumer#void#addNumber#?,double#254	-0.0025282767797737858	0.0	-0.0012641383898868929		_
com.google.javascript.jscomp.CodeConsumer#void#addNumber#?,double#255	-0.0025282767797737858	0.0	-0.0012641383898868929		_
com.google.javascript.jscomp.CodeConsumer#void#addNumber#?,double#256	-0.0025282767797737858	0.0	-0.0012641383898868929		_
com.google.javascript.jscomp.CompilerOptions#void#setInlineFunctions#?,Reach#1154	-0.0025282767797737858	0.0	-0.0012641383898868929		_
com.google.javascript.jscomp.CompilerOptions#void#setInlineFunctions#?,Reach#1153	-0.0025282767797737858	0.0	-0.0012641383898868929		_
com.google.javascript.jscomp.CompilerOptions#void#setInlineFunctions#?,Reach#1152	-0.0025282767797737858	0.0	-0.0012641383898868929		_
com.google.javascript.jscomp.PeepholeOptimizationsPass#void#traverse#?,Node#119	-0.0025282767797737858	0.0	-0.0012641383898868929		_
com.google.javascript.jscomp.CompilerOptions#void#setRemoveUnusedVariables#?,Reach#1212	-0.0025282767797737858	0.0	-0.0012641383898868929		_
com.google.javascript.jscomp.CompilerOptions#void#setRemoveUnusedVariables#?,Reach#1213	-0.0025282767797737858	0.0	-0.0012641383898868929		_
com.google.javascript.jscomp.CompilerOptions#void#setRemoveUnusedVariables#?,Reach#1211	-0.0025282767797737858	0.0	-0.0012641383898868929		_
com.google.javascript.jscomp.ScopedAliases$Traversal#void#visit#?,NodeTraversal,Node,Node#371	-0.0025282767797737858	0.0	-0.0012641383898868929		_
com.google.javascript.jscomp.ScopedAliases$Traversal#void#visit#?,NodeTraversal,Node,Node#372	-0.0025282767797737858	0.0	-0.0012641383898868929		_
com.google.javascript.jscomp.PeepholeSubstituteAlternateSyntax#Node#tryMinimizeCondition#?,Node#1198	-0.0025282767797737858	0.0	-0.0012641383898868929		_
com.google.javascript.jscomp.RenameVars$ProcessVars#void#visit#?,NodeTraversal,Node,Node#268	-0.0025282767797737858	0.0	-0.0012641383898868929		_
com.google.javascript.jscomp.ControlFlowAnalysis#Node#computeFallThrough#?,Node#802	-0.0025282767797737858	0.0	-0.0012641383898868929		_
com.google.javascript.jscomp.parsing.JsDocInfoParser#Node#parseTypeExpression#?,JsDocToken#1704	-0.0025282767797737858	0.0	-0.0012641383898868929		_
com.google.javascript.jscomp.parsing.JsDocInfoParser#Node#parseTypeExpression#?,JsDocToken#1703	-0.0025282767797737858	0.0	-0.0012641383898868929		_
com.google.javascript.jscomp.PeepholeOptimizationsPass#boolean#shouldVisit#?,Node#157	-0.0025282767797737858	0.0	-0.0012641383898868929		_
com.google.javascript.jscomp.PeepholeCollectPropertyAssignments#boolean#collectProperty#?,Node,String,Node#156	-0.0025282767797737858	0.0	-0.0012641383898868929		_
com.google.javascript.jscomp.CompilerOptions#void#setInlineVariables#?,Reach#1175	-0.0025282767797737858	0.0	-0.0012641383898868929		_
com.google.javascript.jscomp.CompilerOptions#void#setInlineVariables#?,Reach#1174	-0.0025282767797737858	0.0	-0.0012641383898868929		_
com.google.javascript.jscomp.CompilerOptions#void#setInlineVariables#?,Reach#1176	-0.0025282767797737858	0.0	-0.0012641383898868929		_
com.google.javascript.jscomp.Normalize$NormalizeStatements#void#visit#?,NodeTraversal,Node,Node#393	-0.0025282767797737858	0.0	-0.0012641383898868929		_
com.google.javascript.jscomp.CodeGenerator#void#add#?,Node,Context#678	-0.0025282767797737858	0.0	-0.0012641383898868929		_
com.google.javascript.jscomp.DefaultPassConfig#List<PassFactory>#getOptimizations#?#449	-0.0026613439787092482	0.0	-0.0013306719893546241		_
com.google.javascript.jscomp.DefaultPassConfig#List<PassFactory>#getOptimizations#?#565	-0.0026613439787092482	0.0	-0.0013306719893546241		_
com.google.javascript.jscomp.DefaultPassConfig#List<PassFactory>#getOptimizations#?#579	-0.0026613439787092482	0.0	-0.0013306719893546241		_
com.google.javascript.jscomp.Scope#boolean#isDeclared#?,String,boolean#569	-0.0026613439787092482	0.0	-0.0013306719893546241		_
com.google.javascript.jscomp.NodeUtil#boolean#evaluatesToLocalValue#?,Node,Predicate<Node>#2911	-0.0026613439787092482	0.0	-0.0013306719893546241		_
com.google.javascript.jscomp.DefaultPassConfig#List<PassFactory>#getOptimizations#?#496	-0.0026613439787092482	0.0	-0.0013306719893546241		_
com.google.javascript.jscomp.DefaultPassConfig#List<PassFactory>#getOptimizations#?#492	-0.0026613439787092482	0.0	-0.0013306719893546241		_
com.google.javascript.rhino.Token#String#name#?,int#243	-0.0026613439787092482	0.0	-0.0013306719893546241		_
com.google.javascript.jscomp.NodeUtil#boolean#canBeSideEffected#?,Node,Set<String>#1128	-0.0026613439787092482	0.0	-0.0013306719893546241		_
com.google.javascript.jscomp.parsing.JsDocInfoParser#boolean#parse#?#200	-0.0026613439787092482	0.0	-0.0013306719893546241		_
com.google.javascript.jscomp.CoalesceVariableNames#void#visit#?,NodeTraversal,Node,Node#169	-0.0026613439787092482	0.0	-0.0013306719893546241		_
com.google.javascript.jscomp.CoalesceVariableNames#void#visit#?,NodeTraversal,Node,Node#170	-0.0026613439787092482	0.0	-0.0013306719893546241		_
com.google.javascript.jscomp.CoalesceVariableNames#void#visit#?,NodeTraversal,Node,Node#172	-0.0026613439787092482	0.0	-0.0013306719893546241		_
com.google.javascript.jscomp.CoalesceVariableNames#void#visit#?,NodeTraversal,Node,Node#173	-0.0026613439787092482	0.0	-0.0013306719893546241		_
com.google.javascript.jscomp.ShadowVariables$DoShadowVariables#void#enterScope#?,NodeTraversal#202	-0.0026613439787092482	0.0	-0.0013306719893546241		_
com.google.javascript.jscomp.ShadowVariables$DoShadowVariables#void#enterScope#?,NodeTraversal#203	-0.0026613439787092482	0.0	-0.0013306719893546241		_
com.google.javascript.jscomp.DefaultPassConfig#List<PassFactory>#getOptimizations#?#593	-0.0026613439787092482	0.0	-0.0013306719893546241		_
com.google.javascript.jscomp.StatementFusion#boolean#canFuseIntoOneStatement#?,Node#61	-0.0026613439787092482	0.0	-0.0013306719893546241		_
com.google.javascript.jscomp.deps.JsFileLineParser#void#doParse#?,String,Reader#138	-0.0026613439787092482	0.0	-0.0013306719893546241		_
com.google.javascript.jscomp.deps.JsFileLineParser#void#doParse#?,String,Reader#139	-0.0026613439787092482	0.0	-0.0013306719893546241		_
com.google.javascript.jscomp.deps.JsFileLineParser#void#doParse#?,String,Reader#136	-0.0026613439787092482	0.0	-0.0013306719893546241		_
com.google.javascript.jscomp.deps.JsFileLineParser#void#doParse#?,String,Reader#137	-0.0026613439787092482	0.0	-0.0013306719893546241		_
com.google.javascript.jscomp.deps.JsFileLineParser#void#doParse#?,String,Reader#160	-0.0026613439787092482	0.0	-0.0013306719893546241		_
com.google.javascript.jscomp.deps.JsFileLineParser#void#doParse#?,String,Reader#161	-0.0026613439787092482	0.0	-0.0013306719893546241		_
com.google.javascript.jscomp.deps.JsFileLineParser#void#doParse#?,String,Reader#158	-0.0026613439787092482	0.0	-0.0013306719893546241		_
com.google.javascript.jscomp.PeepholeCollectPropertyAssignments#Node#getValue#?,Node#97	-0.0026613439787092482	0.0	-0.0013306719893546241		_
com.google.javascript.jscomp.PeepholeCollectPropertyAssignments#Node#getValue#?,Node#96	-0.0026613439787092482	0.0	-0.0013306719893546241		_
com.google.javascript.jscomp.UnreachableCodeElimination#Node#tryRemoveUnconditionalBranching#?,Node#156	-0.0026613439787092482	0.0	-0.0013306719893546241		_
com.google.javascript.jscomp.OptimizeArgumentsArray#void#visit#?,NodeTraversal,Node,Node#166	-0.0026613439787092482	0.0	-0.0013306719893546241		_
com.google.javascript.jscomp.RenameVars#?#RenameVars#?,AbstractCompiler,String,boolean,boolean,boolean,boolean,VariableMap,char[],Set<String>#148	-0.0026613439787092482	0.0	-0.0013306719893546241		_
com.google.javascript.jscomp.NodeUtil#boolean#isExpressionResultUsed#?,Node#3112	-0.0026613439787092482	0.0	-0.0013306719893546241		_
com.google.javascript.jscomp.JsAst#void#parse#?,AbstractCompiler#97	-0.0026613439787092482	0.0	-0.0013306719893546241		_
com.google.javascript.jscomp.ControlFlowAnalysis#Node#computeFollowNode#?,Node,Node,ControlFlowAnalysis#741	-0.0026613439787092482	0.0	-0.0013306719893546241		_
com.google.javascript.jscomp.Normalize$NormalizeStatements#void#visit#?,NodeTraversal,Node,Node#385	-0.0026613439787092482	0.0	-0.0013306719893546241		_
com.google.javascript.jscomp.Normalize$NormalizeStatements#void#visit#?,NodeTraversal,Node,Node#384	-0.0026613439787092482	0.0	-0.0013306719893546241		_
com.google.javascript.jscomp.Normalize$NormalizeStatements#void#visit#?,NodeTraversal,Node,Node#387	-0.0026613439787092482	0.0	-0.0013306719893546241		_
com.google.javascript.jscomp.Normalize$NormalizeStatements#void#visit#?,NodeTraversal,Node,Node#386	-0.0026613439787092482	0.0	-0.0013306719893546241		_
com.google.javascript.jscomp.Normalize$NormalizeStatements#void#visit#?,NodeTraversal,Node,Node#389	-0.0026613439787092482	0.0	-0.0013306719893546241		_
com.google.javascript.jscomp.Normalize$NormalizeStatements#void#visit#?,NodeTraversal,Node,Node#388	-0.0026613439787092482	0.0	-0.0013306719893546241		_
com.google.javascript.jscomp.Normalize$NormalizeStatements#void#visit#?,NodeTraversal,Node,Node#391	-0.0026613439787092482	0.0	-0.0013306719893546241		_
com.google.javascript.jscomp.Normalize$NormalizeStatements#void#visit#?,NodeTraversal,Node,Node#390	-0.0026613439787092482	0.0	-0.0013306719893546241		_
com.google.javascript.jscomp.DefaultPassConfig#List<PassFactory>#getOptimizations#?#458	-0.0027944111776447107	0.0	-0.0013972055888223553		_
com.google.javascript.jscomp.DefaultPassConfig#List<PassFactory>#getOptimizations#?#551	-0.0027944111776447107	0.0	-0.0013972055888223553		_
com.google.javascript.jscomp.DefaultPassConfig#List<PassFactory>#getOptimizations#?#525	-0.0027944111776447107	0.0	-0.0013972055888223553		_
com.google.javascript.rhino.Token#String#name#?,int#262	-0.0027944111776447107	0.0	-0.0013972055888223553		_
com.google.javascript.jscomp.deps.SortedDependencies#List<T>#topologicalStableSort#?,List<T>,Multimap<T,T>#282	-0.0027944111776447107	0.0	-0.0013972055888223553		_
com.google.javascript.jscomp.ShadowVariables$DoShadowVariables#void#enterScope#?,NodeTraversal#192	-0.0027944111776447107	0.0	-0.0013972055888223553		_
com.google.javascript.jscomp.ShadowVariables$DoShadowVariables#void#enterScope#?,NodeTraversal#188	-0.0027944111776447107	0.0	-0.0013972055888223553		_
com.google.javascript.jscomp.ShadowVariables$DoShadowVariables#void#enterScope#?,NodeTraversal#189	-0.0027944111776447107	0.0	-0.0013972055888223553		_
com.google.javascript.jscomp.ShadowVariables$DoShadowVariables#void#enterScope#?,NodeTraversal#197	-0.0027944111776447107	0.0	-0.0013972055888223553		_
com.google.javascript.jscomp.JSModuleGraph#JSModule#getDeepestCommonDependencyInclusive#?,JSModule,JSModule#189	-0.0027944111776447107	0.0	-0.0013972055888223553		_
com.google.javascript.jscomp.DefaultPassConfig#List<PassFactory>#getMainOptimizationLoop#?#679	-0.0027944111776447107	0.0	-0.0013972055888223553		_
com.google.javascript.jscomp.ControlFlowAnalysis#void#connectToPossibleExceptionHandler#?,Node,Node#847	-0.0027944111776447107	0.0	-0.0013972055888223553		_
com.google.javascript.jscomp.ControlFlowAnalysis#void#connectToPossibleExceptionHandler#?,Node,Node#848	-0.0027944111776447107	0.0	-0.0013972055888223553		_
com.google.javascript.jscomp.ControlFlowAnalysis#void#connectToPossibleExceptionHandler#?,Node,Node#849	-0.0027944111776447107	0.0	-0.0013972055888223553		_
com.google.javascript.jscomp.DefaultPassConfig#List<PassFactory>#getMainOptimizationLoop#?#705	-0.0027944111776447107	0.0	-0.0013972055888223553		_
com.google.javascript.jscomp.deps.SortedDependencies#List<INPUT>#getDependenciesOf#?,List<INPUT>,boolean#220	-0.0027944111776447107	0.0	-0.0013972055888223553		_
com.google.javascript.jscomp.ControlFlowAnalysis#Node#computeFollowNode#?,Node,Node,ControlFlowAnalysis#761	-0.0027944111776447107	0.0	-0.0013972055888223553		_
com.google.javascript.jscomp.DefaultPassConfig#List<PassFactory>#getCodeRemovingPasses#?#735	-0.0027944111776447107	0.0	-0.0013972055888223553		_
com.google.javascript.jscomp.DefaultPassConfig#List<PassFactory>#getOptimizations#?#430	-0.002927478376580173	0.0	-0.0014637391882900866		_
com.google.javascript.jscomp.DefaultPassConfig#List<PassFactory>#getOptimizations#?#431	-0.002927478376580173	0.0	-0.0014637391882900866		_
com.google.javascript.jscomp.DefaultPassConfig#List<PassFactory>#getOptimizations#?#521	-0.002927478376580173	0.0	-0.0014637391882900866		_
com.google.javascript.jscomp.NodeUtil#boolean#evaluatesToLocalValue#?,Node,Predicate<Node>#2908	-0.002927478376580173	0.0	-0.0014637391882900866		_
com.google.javascript.jscomp.PrintStreamErrorManager#void#printSummary#?#74	-0.002927478376580173	0.0	-0.0014637391882900866		_
com.google.javascript.jscomp.deps.SortedDependencies#List<T>#topologicalStableSort#?,List<T>,Multimap<T,T>#279	-0.002927478376580173	0.0	-0.0014637391882900866		_
com.google.javascript.jscomp.deps.SortedDependencies#List<T>#topologicalStableSort#?,List<T>,Multimap<T,T>#280	-0.002927478376580173	0.0	-0.0014637391882900866		_
com.google.javascript.jscomp.deps.SortedDependencies#List<T>#topologicalStableSort#?,List<T>,Multimap<T,T>#281	-0.002927478376580173	0.0	-0.0014637391882900866		_
com.google.javascript.jscomp.Compiler#void#check#?#768	-0.002927478376580173	0.0	-0.0014637391882900866		_
com.google.javascript.jscomp.MakeDeclaredNamesUnique#void#visit#?,NodeTraversal,Node,Node#189	-0.002927478376580173	0.0	-0.0014637391882900866		_
com.google.javascript.jscomp.MakeDeclaredNamesUnique#void#visit#?,NodeTraversal,Node,Node#190	-0.002927478376580173	0.0	-0.0014637391882900866		_
com.google.javascript.jscomp.ControlFlowAnalysis#Node#computeFallThrough#?,Node#799	-0.002927478376580173	0.0	-0.0014637391882900866		_
com.google.javascript.jscomp.NodeUtil#boolean#isLiteralValue#?,Node,boolean#615	-0.002927478376580173	0.0	-0.0014637391882900866		_
com.google.javascript.jscomp.PeepholeRemoveDeadCode#Node#trySimplifyUnusedResult#?,Node,boolean#270	-0.002927478376580173	0.0	-0.0014637391882900866		_
com.google.javascript.jscomp.PeepholeRemoveDeadCode#Node#trySimplifyUnusedResult#?,Node,boolean#273	-0.002927478376580173	0.0	-0.0014637391882900866		_
com.google.javascript.jscomp.MakeDeclaredNamesUnique#boolean#shouldTraverse#?,NodeTraversal,Node,Node#145	-0.002927478376580173	0.0	-0.0014637391882900866		_
com.google.javascript.jscomp.MakeDeclaredNamesUnique#boolean#shouldTraverse#?,NodeTraversal,Node,Node#148	-0.002927478376580173	0.0	-0.0014637391882900866		_
com.google.javascript.jscomp.MakeDeclaredNamesUnique#boolean#shouldTraverse#?,NodeTraversal,Node,Node#147	-0.002927478376580173	0.0	-0.0014637391882900866		_
com.google.javascript.jscomp.MakeDeclaredNamesUnique#boolean#shouldTraverse#?,NodeTraversal,Node,Node#150	-0.002927478376580173	0.0	-0.0014637391882900866		_
com.google.javascript.jscomp.MakeDeclaredNamesUnique#boolean#shouldTraverse#?,NodeTraversal,Node,Node#152	-0.002927478376580173	0.0	-0.0014637391882900866		_
com.google.javascript.jscomp.Compiler#void#compileInternal#?#688	-0.002927478376580173	0.0	-0.0014637391882900866		_
com.google.javascript.jscomp.Compiler#void#compileInternal#?#683	-0.002927478376580173	0.0	-0.0014637391882900866		_
com.google.javascript.jscomp.ControlFlowAnalysis#boolean#shouldTraverse#?,NodeTraversal,Node,Node#262	-0.002927478376580173	0.0	-0.0014637391882900866		_
com.google.javascript.jscomp.ControlFlowAnalysis#void#visit#?,NodeTraversal,Node,Node#305	-0.002927478376580173	0.0	-0.0014637391882900866		_
com.google.javascript.jscomp.ControlFlowAnalysis#void#visit#?,NodeTraversal,Node,Node#304	-0.002927478376580173	0.0	-0.0014637391882900866		_
com.google.javascript.jscomp.PeepholeFoldConstants#Node#tryFoldBinaryOperator#?,Node#174	-0.0030605455755156356	0.0	-0.0015302727877578178		_
com.google.javascript.jscomp.deps.JsFileParser#boolean#parseLine#?,String#171	-0.0030605455755156356	0.0	-0.0015302727877578178		_
com.google.javascript.jscomp.deps.JsFileParser#boolean#parseLine#?,String#170	-0.0030605455755156356	0.0	-0.0015302727877578178		_
com.google.javascript.jscomp.PeepholeSubstituteAlternateSyntax#Node#tryMinimizeCondition#?,Node#1126	-0.0030605455755156356	0.0	-0.0015302727877578178		_
com.google.javascript.jscomp.PeepholeSubstituteAlternateSyntax#Node#tryMinimizeCondition#?,Node#1125	-0.0030605455755156356	0.0	-0.0015302727877578178		_
com.google.javascript.jscomp.PeepholeSubstituteAlternateSyntax#Node#tryMinimizeCondition#?,Node#1190	-0.0030605455755156356	0.0	-0.0015302727877578178		_
com.google.javascript.jscomp.PeepholeSubstituteAlternateSyntax#Node#tryMinimizeCondition#?,Node#1189	-0.0030605455755156356	0.0	-0.0015302727877578178		_
com.google.javascript.jscomp.JSModuleGraph#JSModule#getDeepestCommonDependencyInclusive#?,JSModule,JSModule#192	-0.0030605455755156356	0.0	-0.0015302727877578178		_
com.google.javascript.jscomp.Normalize$NormalizeStatements#void#extractForInitializer#?,Node,Node,Node#579	-0.0030605455755156356	0.0	-0.0015302727877578178		_
com.google.javascript.jscomp.Normalize$NormalizeStatements#void#extractForInitializer#?,Node,Node,Node#582	-0.0030605455755156356	0.0	-0.0015302727877578178		_
com.google.javascript.jscomp.Normalize$NormalizeStatements#void#extractForInitializer#?,Node,Node,Node#581	-0.0030605455755156356	0.0	-0.0015302727877578178		_
com.google.javascript.jscomp.Normalize$NormalizeStatements#void#extractForInitializer#?,Node,Node,Node#584	-0.0030605455755156356	0.0	-0.0015302727877578178		_
com.google.javascript.jscomp.Normalize$NormalizeStatements#void#extractForInitializer#?,Node,Node,Node#583	-0.0030605455755156356	0.0	-0.0015302727877578178		_
com.google.javascript.jscomp.CoalesceVariableNames#void#visit#?,NodeTraversal,Node,Node#158	-0.0030605455755156356	0.0	-0.0015302727877578178		_
com.google.javascript.jscomp.UnreachableCodeElimination#Node#tryRemoveUnconditionalBranching#?,Node#155	-0.0030605455755156356	0.0	-0.0015302727877578178		_
com.google.javascript.jscomp.NodeUtil#String#opToStr#?,int#2145	-0.0030605455755156356	0.0	-0.0015302727877578178		_
com.google.javascript.jscomp.NodeUtil#String#opToStr#?,int#2154	-0.0030605455755156356	0.0	-0.0015302727877578178		_
com.google.javascript.jscomp.PeepholeRemoveDeadCode#Node#optimizeSubtree#?,Node#54	-0.0030605455755156356	0.0	-0.0015302727877578178		_
com.google.javascript.jscomp.NameGenerator#void#checkPrefix#?,String#93	-0.0030605455755156356	0.0	-0.0015302727877578178		_
com.google.javascript.jscomp.ControlFlowAnalysis#Node#computeFollowNode#?,Node,Node,ControlFlowAnalysis#736	-0.0030605455755156356	0.0	-0.0015302727877578178		_
com.google.javascript.jscomp.CodeGenerator#void#add#?,Node,Context#646	-0.0030605455755156356	0.0	-0.0015302727877578178		_
com.google.javascript.jscomp.CodeGenerator#void#add#?,Node,Context#645	-0.0030605455755156356	0.0	-0.0015302727877578178		_
com.google.javascript.jscomp.CodeGenerator#void#add#?,Node,Context#644	-0.0030605455755156356	0.0	-0.0015302727877578178		_
com.google.javascript.jscomp.CodeGenerator#void#add#?,Node,Context#647	-0.0030605455755156356	0.0	-0.0015302727877578178		_
com.google.javascript.jscomp.VarCheck#void#visit#?,NodeTraversal,Node,Node#182	-0.0030605455755156356	0.0	-0.0015302727877578178		_
com.google.javascript.jscomp.parsing.IRFactory#int#transformTokenType#?,int#1229	-0.0031936127744510976	0.0	-0.0015968063872255488		_
com.google.javascript.jscomp.NodeUtil#Node#getConditionExpression#?,Node#1690	-0.0031936127744510976	0.0	-0.0015968063872255488		_
com.google.javascript.jscomp.DataFlowAnalysis#void#joinInputs#?,DiGraphNode<N,Branch>#300	-0.0031936127744510976	0.0	-0.0015968063872255488		_
com.google.javascript.jscomp.DataFlowAnalysis#void#joinInputs#?,DiGraphNode<N,Branch>#302	-0.0031936127744510976	0.0	-0.0015968063872255488		_
com.google.javascript.jscomp.deps.SortedDependencies#?#SortedDependencies#?,List<INPUT>#87	-0.0031936127744510976	0.0	-0.0015968063872255488		_
com.google.javascript.jscomp.ProcessClosurePrimitives#void#visit#?,NodeTraversal,Node,Node#213	-0.0031936127744510976	0.0	-0.0015968063872255488		_
com.google.javascript.jscomp.ProcessClosurePrimitives#void#visit#?,NodeTraversal,Node,Node#214	-0.0031936127744510976	0.0	-0.0015968063872255488		_
com.google.javascript.jscomp.PeepholeCollectPropertyAssignments#Node#getName#?,Node#87	-0.0031936127744510976	0.0	-0.0015968063872255488		_
com.google.javascript.jscomp.PeepholeCollectPropertyAssignments#Node#getName#?,Node#88	-0.0031936127744510976	0.0	-0.0015968063872255488		_
com.google.javascript.jscomp.NodeUtil#String#opToStr#?,int#2150	-0.0031936127744510976	0.0	-0.0015968063872255488		_
com.google.javascript.jscomp.ReferenceCollectingCallback#boolean#isBlockBoundary#?,Node,Node#224	-0.0031936127744510976	0.0	-0.0015968063872255488		_
com.google.javascript.jscomp.ControlFlowAnalysis#Node#computeFollowNode#?,Node,Node,ControlFlowAnalysis#754	-0.0031936127744510976	0.0	-0.0015968063872255488		_
com.google.javascript.jscomp.CodeGenerator#void#add#?,Node,Context#689	-0.0031936127744510976	0.0	-0.0015968063872255488		_
com.google.javascript.jscomp.NodeUtil#boolean#checkForStateChangeHelper#?,Node,boolean,AbstractCompiler#857	-0.0031936127744510976	0.0	-0.0015968063872255488		_
com.google.javascript.jscomp.GlobalNamespace$BuildGlobalNamespace#String#getNameForObjLitKey#?,Node#489	-0.0031936127744510976	0.0	-0.0015968063872255488		_
com.google.javascript.jscomp.GlobalNamespace$BuildGlobalNamespace#String#getNameForObjLitKey#?,Node#485	-0.0031936127744510976	0.0	-0.0015968063872255488		_
com.google.javascript.jscomp.GlobalNamespace$BuildGlobalNamespace#String#getNameForObjLitKey#?,Node#483	-0.0031936127744510976	0.0	-0.0015968063872255488		_
com.google.javascript.jscomp.DataFlowAnalysis#void#joinInputs#?,DiGraphNode<N,Branch>#299	-0.0031936127744510976	0.0	-0.0015968063872255488		_
com.google.javascript.jscomp.DataFlowAnalysis#void#joinInputs#?,DiGraphNode<N,Branch>#298	-0.0031936127744510976	0.0	-0.0015968063872255488		_
com.google.javascript.jscomp.DataFlowAnalysis#void#joinInputs#?,DiGraphNode<N,Branch>#297	-0.0031936127744510976	0.0	-0.0015968063872255488		_
com.google.javascript.jscomp.DataFlowAnalysis#void#joinInputs#?,DiGraphNode<N,Branch>#296	-0.0031936127744510976	0.0	-0.0015968063872255488		_
com.google.javascript.jscomp.CodeGenerator#void#add#?,Node,Context#652	-0.0031936127744510976	0.0	-0.0015968063872255488		_
com.google.javascript.jscomp.FlowSensitiveInlineVariables#void#enterScope#?,NodeTraversal#147	-0.0031936127744510976	0.0	-0.0015968063872255488		_
com.google.javascript.jscomp.DefaultPassConfig#List<PassFactory>#getOptimizations#?#560	-0.00332667997338656	0.0	-0.00166333998669328		_
com.google.javascript.jscomp.ControlFlowAnalysis#void#handleStmtList#?,Node#491	-0.00332667997338656	0.0	-0.00166333998669328		_
com.google.javascript.jscomp.PeepholeFoldConstants#Node#tryFoldBinaryOperator#?,Node#149	-0.00332667997338656	0.0	-0.00166333998669328		_
com.google.javascript.jscomp.PeepholeRemoveDeadCode#Node#tryOptimizeBlock#?,Node#481	-0.00332667997338656	0.0	-0.00166333998669328		_
com.google.javascript.jscomp.PeepholeRemoveDeadCode#Node#tryOptimizeBlock#?,Node#482	-0.00332667997338656	0.0	-0.00166333998669328		_
com.google.javascript.jscomp.parsing.TypeSafeDispatcher#T#process#?,AstNode#195	-0.00332667997338656	0.0	-0.00166333998669328		_
com.google.javascript.jscomp.CodePrinter$CompactCodePrinter#void#maybeCutLine#?#499	-0.00332667997338656	0.0	-0.00166333998669328		_
com.google.javascript.jscomp.CodePrinter$CompactCodePrinter#void#maybeCutLine#?#498	-0.00332667997338656	0.0	-0.00166333998669328		_
com.google.javascript.jscomp.CodePrinter$CompactCodePrinter#void#maybeCutLine#?#495	-0.00332667997338656	0.0	-0.00166333998669328		_
com.google.javascript.jscomp.CodePrinter$CompactCodePrinter#void#maybeCutLine#?#497	-0.00332667997338656	0.0	-0.00166333998669328		_
com.google.javascript.jscomp.CodePrinter$CompactCodePrinter#void#maybeCutLine#?#496	-0.00332667997338656	0.0	-0.00166333998669328		_
com.google.javascript.jscomp.ProcessClosurePrimitives#void#visit#?,NodeTraversal,Node,Node#220	-0.00332667997338656	0.0	-0.00166333998669328		_
com.google.javascript.jscomp.ProcessClosurePrimitives#void#visit#?,NodeTraversal,Node,Node#221	-0.00332667997338656	0.0	-0.00166333998669328		_
com.google.javascript.jscomp.ProcessClosurePrimitives#void#visit#?,NodeTraversal,Node,Node#209	-0.00332667997338656	0.0	-0.00166333998669328		_
com.google.javascript.jscomp.ProcessClosurePrimitives#void#visit#?,NodeTraversal,Node,Node#210	-0.00332667997338656	0.0	-0.00166333998669328		_
com.google.javascript.jscomp.ProcessClosurePrimitives#void#visit#?,NodeTraversal,Node,Node#212	-0.00332667997338656	0.0	-0.00166333998669328		_
com.google.javascript.jscomp.CodePrinter$CompactCodePrinter#void#maybeCutLine#?#500	-0.00332667997338656	0.0	-0.00166333998669328		_
com.google.javascript.jscomp.CodePrinter$CompactCodePrinter#void#maybeCutLine#?#501	-0.00332667997338656	0.0	-0.00166333998669328		_
com.google.javascript.jscomp.NodeUtil#String#opToStr#?,int#2166	-0.00332667997338656	0.0	-0.00166333998669328		_
com.google.javascript.jscomp.PeepholeFoldConstants#void#tryReduceOperandsForOp#?,Node#200	-0.00332667997338656	0.0	-0.00166333998669328		_
com.google.javascript.jscomp.PeepholeFoldConstants#void#tryReduceOperandsForOp#?,Node#195	-0.00332667997338656	0.0	-0.00166333998669328		_
com.google.javascript.jscomp.PeepholeFoldConstants#void#tryReduceOperandsForOp#?,Node#196	-0.00332667997338656	0.0	-0.00166333998669328		_
com.google.javascript.jscomp.PeepholeFoldConstants#void#tryReduceOperandsForOp#?,Node#197	-0.00332667997338656	0.0	-0.00166333998669328		_
com.google.javascript.jscomp.Compiler#void#fillEmptyModules#?,List<JSModule>#434	-0.00332667997338656	0.0	-0.00166333998669328		_
com.google.javascript.jscomp.NodeUtil#boolean#checkForStateChangeHelper#?,Node,boolean,AbstractCompiler#832	-0.00332667997338656	0.0	-0.00166333998669328		_
com.google.javascript.jscomp.PrepareAst$PrepareAnnotations#void#normalizeObjectLiteralKeyAnnotations#?,Node,Node,Node#216	-0.00332667997338656	0.0	-0.00166333998669328		_
com.google.javascript.jscomp.DefaultPassConfig#List<PassFactory>#getOptimizations#?#417	-0.0034597471723220225	0.0	-0.0017298735861610113		_
com.google.javascript.jscomp.parsing.JsDocTokenStream#int#getCharIgnoreLineEnd#?#417	-0.0034597471723220225	0.0	-0.0017298735861610113		_
com.google.javascript.jscomp.parsing.JsDocTokenStream#int#getCharIgnoreLineEnd#?#418	-0.0034597471723220225	0.0	-0.0017298735861610113		_
com.google.javascript.jscomp.NodeUtil#int#precedence#?,int#1165	-0.0034597471723220225	0.0	-0.0017298735861610113		_
com.google.javascript.rhino.jstype.UnionTypeBuilder#JSType#reduceAlternatesWithoutUnion#?#237	-0.0034597471723220225	0.0	-0.0017298735861610113		_
com.google.javascript.jscomp.StatementFusion#boolean#canFuseIntoOneStatement#?,Node#57	-0.0034597471723220225	0.0	-0.0017298735861610113		_
com.google.javascript.jscomp.StatementFusion#boolean#canFuseIntoOneStatement#?,Node#59	-0.0034597471723220225	0.0	-0.0017298735861610113		_
com.google.javascript.jscomp.StatementFusion#boolean#canFuseIntoOneStatement#?,Node#60	-0.0034597471723220225	0.0	-0.0017298735861610113		_
com.google.javascript.jscomp.PeepholeSubstituteAlternateSyntax#Node#tryMinimizeIf#?,Node#832	-0.0034597471723220225	0.0	-0.0017298735861610113		_
com.google.javascript.jscomp.deps.SortedDependencies#List<INPUT>#getDependenciesOf#?,List<INPUT>,boolean#218	-0.0034597471723220225	0.0	-0.0017298735861610113		_
com.google.javascript.jscomp.deps.SortedDependencies#List<INPUT>#getDependenciesOf#?,List<INPUT>,boolean#219	-0.0034597471723220225	0.0	-0.0017298735861610113		_
com.google.javascript.jscomp.deps.SortedDependencies#List<INPUT>#getDependenciesOf#?,List<INPUT>,boolean#217	-0.0034597471723220225	0.0	-0.0017298735861610113		_
com.google.javascript.jscomp.ProcessClosurePrimitives#void#visit#?,NodeTraversal,Node,Node#195	-0.0034597471723220225	0.0	-0.0017298735861610113		_
com.google.javascript.rhino.jstype.PrototypeObjectType#String#getReferenceName#?#434	-0.0034597471723220225	0.0	-0.0017298735861610113		_
com.google.javascript.jscomp.ControlFlowAnalysis#Node#computeFollowNode#?,Node,Node,ControlFlowAnalysis#727	-0.0034597471723220225	0.0	-0.0017298735861610113		_
com.google.javascript.jscomp.CodeGenerator#void#add#?,Node,Context#705	-0.0034597471723220225	0.0	-0.0017298735861610113		_
com.google.javascript.jscomp.CodeGenerator#void#add#?,Node,Context#704	-0.0034597471723220225	0.0	-0.0017298735861610113		_
com.google.javascript.jscomp.CodeGenerator#void#add#?,Node,Context#707	-0.0034597471723220225	0.0	-0.0017298735861610113		_
com.google.javascript.jscomp.CodeGenerator#void#add#?,Node,Context#706	-0.0034597471723220225	0.0	-0.0017298735861610113		_
com.google.javascript.jscomp.CodeGenerator#void#add#?,Node,Context#708	-0.0034597471723220225	0.0	-0.0017298735861610113		_
com.google.javascript.jscomp.NodeUtil#int#precedence#?,int#1201	-0.0034597471723220225	0.0	-0.0017298735861610113		_
com.google.javascript.jscomp.PeepholeSubstituteAlternateSyntax#boolean#isFoldableExpressBlock#?,Node#935	-0.003592814371257485	0.0	-0.0017964071856287425		_
com.google.javascript.jscomp.PeepholeSubstituteAlternateSyntax#boolean#isFoldableExpressBlock#?,Node#933	-0.003592814371257485	0.0	-0.0017964071856287425		_
com.google.javascript.jscomp.PeepholeSubstituteAlternateSyntax#boolean#isFoldableExpressBlock#?,Node#929	-0.003592814371257485	0.0	-0.0017964071856287425		_
com.google.javascript.jscomp.NodeUtil#boolean#canBeSideEffected#?,Node,Set<String>#1119	-0.003592814371257485	0.0	-0.0017964071856287425		_
com.google.javascript.jscomp.PhaseOptimizer#void#process#?,Node,Node#193	-0.003592814371257485	0.0	-0.0017964071856287425		_
com.google.javascript.jscomp.PeepholeSubstituteAlternateSyntax#Node#tryMinimizeIf#?,Node#803	-0.003592814371257485	0.0	-0.0017964071856287425		_
com.google.javascript.jscomp.PeepholeSubstituteAlternateSyntax#Node#tryMinimizeIf#?,Node#804	-0.003592814371257485	0.0	-0.0017964071856287425		_
com.google.javascript.jscomp.PeepholeSubstituteAlternateSyntax#Node#tryMinimizeIf#?,Node#807	-0.003592814371257485	0.0	-0.0017964071856287425		_
com.google.javascript.jscomp.CheckSideEffects#void#visit#?,NodeTraversal,Node,Node#153	-0.003592814371257485	0.0	-0.0017964071856287425		_
com.google.javascript.jscomp.PeepholeSubstituteAlternateSyntax#Node#tryMinimizeIf#?,Node#858	-0.003592814371257485	0.0	-0.0017964071856287425		_
com.google.javascript.jscomp.ControlFlowAnalysis#Node#computeFollowNode#?,Node,Node,ControlFlowAnalysis#758	-0.003592814371257485	0.0	-0.0017964071856287425		_
com.google.javascript.jscomp.NodeUtil#boolean#checkForStateChangeHelper#?,Node,boolean,AbstractCompiler#852	-0.003592814371257485	0.0	-0.0017964071856287425		_
com.google.javascript.jscomp.PeepholeSubstituteAlternateSyntax#boolean#isFoldableExpressBlock#?,Node#947	-0.0037258815701929474	0.0	-0.0018629407850964737		_
com.google.javascript.jscomp.PeepholeFoldConstants#Node#tryFoldAssign#?,Node,Node,Node#469	-0.0037258815701929474	0.0	-0.0018629407850964737		_
com.google.javascript.jscomp.parsing.IRFactory#Node#transformTree#?,AstRoot,StaticSourceFile,String,Config,ErrorReporter#189	-0.0037258815701929474	0.0	-0.0018629407850964737		_
com.google.javascript.jscomp.deps.JsFileParser#boolean#parseLine#?,String#153	-0.0037258815701929474	0.0	-0.0018629407850964737		_
com.google.javascript.jscomp.deps.JsFileParser#boolean#parseLine#?,String#152	-0.0037258815701929474	0.0	-0.0018629407850964737		_
com.google.javascript.jscomp.CodeGenerator#void#add#?,Node,Context#146	-0.0037258815701929474	0.0	-0.0018629407850964737		_
com.google.javascript.jscomp.CodeGenerator#void#add#?,Node,Context#147	-0.0037258815701929474	0.0	-0.0018629407850964737		_
com.google.javascript.jscomp.parsing.ParserRunner#Node#parse#?,StaticSourceFile,String,Config,ErrorReporter,Logger#135	-0.0037258815701929474	0.0	-0.0018629407850964737		_
com.google.javascript.jscomp.parsing.JsDocTokenStream#JsDocToken#getJsDocToken#?#152	-0.0037258815701929474	0.0	-0.0018629407850964737		_
com.google.javascript.jscomp.parsing.JsDocTokenStream#JsDocToken#getJsDocToken#?#153	-0.0037258815701929474	0.0	-0.0018629407850964737		_
com.google.javascript.jscomp.MakeDeclaredNamesUnique$ContextualRenameInverter#void#visit#?,NodeTraversal,Node,Node#404	-0.0037258815701929474	0.0	-0.0018629407850964737		_
com.google.javascript.jscomp.NodeUtil#boolean#nodeTypeMayHaveSideEffects#?,Node,AbstractCompiler#1084	-0.0037258815701929474	0.0	-0.0018629407850964737		_
com.google.javascript.jscomp.PeepholeSubstituteAlternateSyntax#Node#tryMinimizeIf#?,Node#695	-0.0037258815701929474	0.0	-0.0018629407850964737		_
com.google.javascript.jscomp.PeepholeSubstituteAlternateSyntax#Node#tryMinimizeIf#?,Node#697	-0.0037258815701929474	0.0	-0.0018629407850964737		_
com.google.javascript.jscomp.DefaultPassConfig#List<PassFactory>#getOptimizations#?#396	-0.00385894876912841	0.0	-0.001929474384564205		_
com.google.javascript.jscomp.parsing.IRFactory#Node#transformTree#?,AstRoot,StaticSourceFile,String,Config,ErrorReporter#191	-0.00385894876912841	0.0	-0.001929474384564205		_
com.google.javascript.jscomp.GlobalNamespace#boolean#isGlobalVarReference#?,String,Scope#256	-0.00385894876912841	0.0	-0.001929474384564205		_
com.google.javascript.jscomp.CombinedCompilerPass#void#traverse#?,AbstractCompiler,Node,List<Callback>#78	-0.00385894876912841	0.0	-0.001929474384564205		_
com.google.javascript.jscomp.deps.JsFileParser#boolean#parseLine#?,String#174	-0.00385894876912841	0.0	-0.001929474384564205		_
com.google.javascript.jscomp.NodeUtil#Node#getConditionExpression#?,Node#1680	-0.00385894876912841	0.0	-0.001929474384564205		_
com.google.javascript.jscomp.ClosureCodeRemoval#void#process#?,Node,Node#203	-0.00385894876912841	0.0	-0.001929474384564205		_
com.google.javascript.jscomp.CheckSideEffects#void#visit#?,NodeTraversal,Node,Node#145	-0.00385894876912841	0.0	-0.001929474384564205		_
com.google.javascript.jscomp.CheckSideEffects#void#visit#?,NodeTraversal,Node,Node#158	-0.00385894876912841	0.0	-0.001929474384564205		_
com.google.javascript.jscomp.CheckSideEffects#void#visit#?,NodeTraversal,Node,Node#151	-0.00385894876912841	0.0	-0.001929474384564205		_
com.google.javascript.jscomp.CheckSideEffects#void#visit#?,NodeTraversal,Node,Node#150	-0.00385894876912841	0.0	-0.001929474384564205		_
com.google.javascript.jscomp.CodeGenerator#void#add#?,Node,Context#594	-0.00385894876912841	0.0	-0.001929474384564205		_
com.google.javascript.jscomp.CodeGenerator#void#add#?,Node,Context#597	-0.00385894876912841	0.0	-0.001929474384564205		_
com.google.javascript.jscomp.CodeGenerator#void#add#?,Node,Context#598	-0.00385894876912841	0.0	-0.001929474384564205		_
com.google.javascript.jscomp.CheckSideEffects#void#visit#?,NodeTraversal,Node,Node#162	-0.00385894876912841	0.0	-0.001929474384564205		_
com.google.javascript.jscomp.CheckSideEffects#void#visit#?,NodeTraversal,Node,Node#163	-0.00385894876912841	0.0	-0.001929474384564205		_
com.google.javascript.rhino.jstype.PrototypeObjectType#boolean#isSubtype#?,JSType#477	-0.00385894876912841	0.0	-0.001929474384564205		_
com.google.javascript.rhino.jstype.PrototypeObjectType#boolean#isSubtype#?,JSType#476	-0.00385894876912841	0.0	-0.001929474384564205		_
com.google.javascript.jscomp.PeepholeOptimizationsPass$StateStack#void#push#?#73	-0.00385894876912841	0.0	-0.001929474384564205		_
com.google.javascript.jscomp.NodeUtil#boolean#checkForStateChangeHelper#?,Node,boolean,AbstractCompiler#829	-0.00385894876912841	0.0	-0.001929474384564205		_
com.google.javascript.jscomp.DefaultPassConfig#List<PassFactory>#getChecks#?#259	-0.00385894876912841	0.0	-0.001929474384564205		_
com.google.javascript.jscomp.NodeUtil#JSDocInfo#getBestJSDocInfo#?,Node#3010	-0.003992015968063872	0.0	-0.001996007984031936		_
com.google.javascript.jscomp.ControlFlowAnalysis#void#visit#?,NodeTraversal,Node,Node#335	-0.003992015968063872	0.0	-0.001996007984031936		_
com.google.javascript.jscomp.ControlFlowAnalysis#void#visit#?,NodeTraversal,Node,Node#336	-0.003992015968063872	0.0	-0.001996007984031936		_
com.google.javascript.jscomp.PeepholeFoldConstants#void#tryReduceOperandsForOp#?,Node#228	-0.003992015968063872	0.0	-0.001996007984031936		_
com.google.javascript.jscomp.PeepholeFoldConstants#void#tryReduceOperandsForOp#?,Node#227	-0.003992015968063872	0.0	-0.001996007984031936		_
com.google.javascript.jscomp.parsing.IRFactory#int#transformTokenType#?,int#1246	-0.004125083166999334	0.0	-0.002062541583499667		_
com.google.javascript.jscomp.deps.JsFileParser#boolean#parseLine#?,String#163	-0.004125083166999334	0.0	-0.002062541583499667		_
com.google.javascript.jscomp.deps.JsFileParser#boolean#parseLine#?,String#166	-0.004125083166999334	0.0	-0.002062541583499667		_
com.google.javascript.jscomp.AstValidator#void#validateStatement#?,Node#115	-0.004125083166999334	0.0	-0.002062541583499667		_
com.google.javascript.jscomp.AstValidator#void#validateStatement#?,Node#114	-0.004125083166999334	0.0	-0.002062541583499667		_
com.google.javascript.jscomp.RenameVars$ProcessVars#void#visit#?,NodeTraversal,Node,Node#262	-0.004125083166999334	0.0	-0.002062541583499667		_
com.google.javascript.jscomp.GlobalNamespace#void#process#?#212	-0.004125083166999334	0.0	-0.002062541583499667		_
com.google.javascript.jscomp.GlobalNamespace#void#process#?#213	-0.004125083166999334	0.0	-0.002062541583499667		_
com.google.javascript.jscomp.PeepholeSubstituteAlternateSyntax#Node#tryMinimizeIf#?,Node#740	-0.004125083166999334	0.0	-0.002062541583499667		_
com.google.javascript.jscomp.PeepholeSubstituteAlternateSyntax#Node#tryMinimizeIf#?,Node#759	-0.004125083166999334	0.0	-0.002062541583499667		_
com.google.javascript.jscomp.PeepholeSubstituteAlternateSyntax#Node#tryMinimizeIf#?,Node#758	-0.004125083166999334	0.0	-0.002062541583499667		_
com.google.javascript.jscomp.PeepholeSubstituteAlternateSyntax#Node#tryMinimizeIf#?,Node#761	-0.004125083166999334	0.0	-0.002062541583499667		_
com.google.javascript.jscomp.NodeUtil#String#opToStr#?,int#2132	-0.004125083166999334	0.0	-0.002062541583499667		_
com.google.javascript.jscomp.NodeUtil#TernaryValue#getPureBooleanValue#?,Node#137	-0.004125083166999334	0.0	-0.002062541583499667		_
com.google.javascript.jscomp.CodeGenerator#void#add#?,Node,Context#324	-0.004125083166999334	0.0	-0.002062541583499667		_
com.google.javascript.jscomp.CodeGenerator#void#add#?,Node,Context#323	-0.004125083166999334	0.0	-0.002062541583499667		_
com.google.javascript.jscomp.ShadowVariables$GatherReferenceInfo#void#visit#?,NodeTraversal,Node,Node#156	-0.004125083166999334	0.0	-0.002062541583499667		_
com.google.javascript.jscomp.ShadowVariables$GatherReferenceInfo#void#visit#?,NodeTraversal,Node,Node#163	-0.004125083166999334	0.0	-0.002062541583499667		_
com.google.javascript.jscomp.ShadowVariables$GatherReferenceInfo#void#visit#?,NodeTraversal,Node,Node#164	-0.004125083166999334	0.0	-0.002062541583499667		_
com.google.javascript.jscomp.ShadowVariables$GatherReferenceInfo#void#visit#?,NodeTraversal,Node,Node#168	-0.004125083166999334	0.0	-0.002062541583499667		_
com.google.javascript.jscomp.GlobalNamespace$BuildGlobalNamespace#void#collect#?,NodeTraversal,Node,Node#310	-0.004125083166999334	0.0	-0.002062541583499667		_
com.google.javascript.jscomp.ProcessDefines#void#overrideDefines#?,Map<String,DefineInfo>#142	-0.004125083166999334	0.0	-0.002062541583499667		_
com.google.javascript.jscomp.RemoveUnusedVars#void#process#?,Node,Node,SimpleDefinitionFinder#161	-0.004125083166999334	0.0	-0.002062541583499667		_
com.google.javascript.jscomp.RemoveUnusedVars#void#process#?,Node,Node,SimpleDefinitionFinder#156	-0.004125083166999334	0.0	-0.002062541583499667		_
com.google.javascript.jscomp.RemoveUnusedVars#void#process#?,Node,Node,SimpleDefinitionFinder#157	-0.004125083166999334	0.0	-0.002062541583499667		_
com.google.javascript.jscomp.parsing.IRFactory#int#transformTokenType#?,int#1276	-0.004258150365934797	0.0	-0.0021290751829673984		_
com.google.javascript.jscomp.PrintStreamErrorManager#void#printSummary#?#70	-0.004258150365934797	0.0	-0.0021290751829673984		_
com.google.javascript.jscomp.deps.SortedDependencies#?#SortedDependencies#?,List<INPUT>#84	-0.004258150365934797	0.0	-0.0021290751829673984		_
com.google.javascript.jscomp.deps.SortedDependencies#?#SortedDependencies#?,List<INPUT>#86	-0.004258150365934797	0.0	-0.0021290751829673984		_
com.google.javascript.jscomp.deps.SortedDependencies#?#SortedDependencies#?,List<INPUT>#85	-0.004258150365934797	0.0	-0.0021290751829673984		_
com.google.javascript.jscomp.CodeGenerator#void#add#?,Node,Context#429	-0.004258150365934797	0.0	-0.0021290751829673984		_
com.google.javascript.jscomp.CodeGenerator#void#add#?,Node,Context#427	-0.004258150365934797	0.0	-0.0021290751829673984		_
com.google.javascript.jscomp.CodeGenerator#void#add#?,Node,Context#428	-0.004258150365934797	0.0	-0.0021290751829673984		_
com.google.javascript.jscomp.CodeGenerator#void#add#?,Node,Context#425	-0.004258150365934797	0.0	-0.0021290751829673984		_
com.google.javascript.jscomp.CodeGenerator#void#add#?,Node,Context#426	-0.004258150365934797	0.0	-0.0021290751829673984		_
com.google.javascript.jscomp.CodeGenerator#void#add#?,Node,Context#423	-0.004258150365934797	0.0	-0.0021290751829673984		_
com.google.javascript.jscomp.CodeGenerator#void#add#?,Node,Context#424	-0.004258150365934797	0.0	-0.0021290751829673984		_
com.google.javascript.jscomp.CodeGenerator#void#add#?,Node,Context#422	-0.004258150365934797	0.0	-0.0021290751829673984		_
com.google.javascript.jscomp.PeepholeSubstituteAlternateSyntax#Node#tryMinimizeIf#?,Node#731	-0.004258150365934797	0.0	-0.0021290751829673984		_
com.google.javascript.jscomp.NodeUtil#TernaryValue#getPureBooleanValue#?,Node#159	-0.004258150365934797	0.0	-0.0021290751829673984		_
com.google.javascript.jscomp.ControlFlowAnalysis#void#visit#?,NodeTraversal,Node,Node#330	-0.004258150365934797	0.0	-0.0021290751829673984		_
com.google.javascript.jscomp.ControlFlowAnalysis#void#visit#?,NodeTraversal,Node,Node#329	-0.004258150365934797	0.0	-0.0021290751829673984		_
com.google.javascript.jscomp.ControlFlowAnalysis#Node#computeFollowNode#?,Node,Node,ControlFlowAnalysis#770	-0.004258150365934797	0.0	-0.0021290751829673984		_
com.google.javascript.jscomp.ControlFlowAnalysis#Node#computeFollowNode#?,Node,Node,ControlFlowAnalysis#764	-0.004258150365934797	0.0	-0.0021290751829673984		_
com.google.javascript.jscomp.ControlFlowAnalysis#Node#computeFollowNode#?,Node,Node,ControlFlowAnalysis#765	-0.004258150365934797	0.0	-0.0021290751829673984		_
com.google.javascript.jscomp.ProcessDefines#void#overrideDefines#?,Map<String,DefineInfo>#132	-0.004258150365934797	0.0	-0.0021290751829673984		_
com.google.javascript.jscomp.ProcessDefines#void#overrideDefines#?,Map<String,DefineInfo>#134	-0.004258150365934797	0.0	-0.0021290751829673984		_
com.google.javascript.jscomp.ProcessDefines#void#overrideDefines#?,Map<String,DefineInfo>#135	-0.004258150365934797	0.0	-0.0021290751829673984		_
com.google.javascript.jscomp.PeepholeSubstituteAlternateSyntax#Node#tryMinimizeIf#?,Node#727	-0.004258150365934797	0.0	-0.0021290751829673984		_
com.google.javascript.jscomp.PeepholeSubstituteAlternateSyntax#boolean#isFoldableExpressBlock#?,Node#943	-0.004391217564870259	0.0	-0.0021956087824351296		_
com.google.javascript.jscomp.deps.JsFileParser#boolean#parseLine#?,String#159	-0.004391217564870259	0.0	-0.0021956087824351296		_
com.google.javascript.jscomp.deps.JsFileParser#boolean#parseLine#?,String#161	-0.004391217564870259	0.0	-0.0021956087824351296		_
com.google.javascript.jscomp.deps.JsFileParser#boolean#parseLine#?,String#148	-0.004391217564870259	0.0	-0.0021956087824351296		_
com.google.javascript.jscomp.deps.JsFileParser#boolean#parseLine#?,String#149	-0.004391217564870259	0.0	-0.0021956087824351296		_
com.google.javascript.jscomp.deps.JsFileParser#boolean#parseLine#?,String#151	-0.004391217564870259	0.0	-0.0021956087824351296		_
com.google.javascript.jscomp.deps.JsFileParser#boolean#parseLine#?,String#158	-0.004391217564870259	0.0	-0.0021956087824351296		_
com.google.javascript.jscomp.deps.JsFileParser#boolean#parseLine#?,String#157	-0.004391217564870259	0.0	-0.0021956087824351296		_
com.google.javascript.jscomp.parsing.JsDocTokenStream#JsDocToken#getJsDocToken#?#120	-0.004391217564870259	0.0	-0.0021956087824351296		_
com.google.javascript.jscomp.ScopedAliases#void#hotSwapScript#?,Node,Node#111	-0.004391217564870259	0.0	-0.0021956087824351296		_
com.google.javascript.jscomp.ScopedAliases#void#hotSwapScript#?,Node,Node#112	-0.004391217564870259	0.0	-0.0021956087824351296		_
com.google.javascript.jscomp.RemoveUnusedVars#void#interpretAssigns#?#740	-0.004391217564870259	0.0	-0.0021956087824351296		_
com.google.javascript.jscomp.RemoveUnusedVars#void#interpretAssigns#?#733	-0.004391217564870259	0.0	-0.0021956087824351296		_
com.google.javascript.jscomp.RemoveUnusedVars#void#interpretAssigns#?#734	-0.004391217564870259	0.0	-0.0021956087824351296		_
com.google.javascript.jscomp.CheckSideEffects#void#visit#?,NodeTraversal,Node,Node#141	-0.004391217564870259	0.0	-0.0021956087824351296		_
com.google.javascript.jscomp.NodeUtil#String#opToStr#?,int#2144	-0.004391217564870259	0.0	-0.0021956087824351296		_
com.google.javascript.jscomp.ShadowVariables$GatherReferenceInfo#void#visit#?,NodeTraversal,Node,Node#150	-0.004391217564870259	0.0	-0.0021956087824351296		_
com.google.javascript.jscomp.ControlFlowAnalysis#Node#computeFollowNode#?,Node,Node,ControlFlowAnalysis#752	-0.004391217564870259	0.0	-0.0021956087824351296		_
com.google.javascript.jscomp.AstValidator#void#validateObjectLitKey#?,Node#681	-0.004391217564870259	0.0	-0.0021956087824351296		_
com.google.javascript.jscomp.AstValidator#void#validateObjectLitKey#?,Node#680	-0.004391217564870259	0.0	-0.0021956087824351296		_
com.google.javascript.jscomp.parsing.IRFactory#int#transformTokenType#?,int#1197	-0.004524284763805722	0.0	-0.002262142381902861		_
com.google.javascript.jscomp.Normalize$NormalizeStatements#void#extractForInitializer#?,Node,Node,Node#573	-0.004524284763805722	0.0	-0.002262142381902861		_
com.google.javascript.jscomp.Normalize$NormalizeStatements#void#extractForInitializer#?,Node,Node,Node#574	-0.004524284763805722	0.0	-0.002262142381902861		_
com.google.javascript.jscomp.CodeGenerator#void#add#?,Node,Context#114	-0.004524284763805722	0.0	-0.002262142381902861		_
com.google.javascript.jscomp.CodeGenerator#void#add#?,Node,Context#113	-0.004524284763805722	0.0	-0.002262142381902861		_
com.google.javascript.jscomp.CodeGenerator#void#add#?,Node,Context#115	-0.004524284763805722	0.0	-0.002262142381902861		_
com.google.javascript.jscomp.ControlFlowAnalysis#void#connectToPossibleExceptionHandler#?,Node,Node#837	-0.004524284763805722	0.0	-0.002262142381902861		_
com.google.javascript.jscomp.ControlFlowAnalysis#void#connectToPossibleExceptionHandler#?,Node,Node#838	-0.004524284763805722	0.0	-0.002262142381902861		_
com.google.javascript.jscomp.ControlFlowAnalysis#void#connectToPossibleExceptionHandler#?,Node,Node#840	-0.004524284763805722	0.0	-0.002262142381902861		_
com.google.javascript.jscomp.PeepholeSubstituteAlternateSyntax#Node#optimizeSubtree#?,Node#132	-0.004524284763805722	0.0	-0.002262142381902861		_
com.google.javascript.jscomp.PeepholeRemoveDeadCode#Node#tryFoldExpr#?,Node#148	-0.004657351962741184	0.0	-0.002328675981370592		_
com.google.javascript.jscomp.PeepholeRemoveDeadCode#Node#tryFoldExpr#?,Node#147	-0.004657351962741184	0.0	-0.002328675981370592		_
com.google.javascript.jscomp.Normalize$NormalizeStatements#void#doStatementNormalizations#?,NodeTraversal,Node,Node#501	-0.004657351962741184	0.0	-0.002328675981370592		_
com.google.javascript.jscomp.PeepholeSubstituteAlternateSyntax#Node#tryReplaceIf#?,Node#360	-0.004657351962741184	0.0	-0.002328675981370592		_
com.google.javascript.jscomp.PeepholeSubstituteAlternateSyntax#Node#tryReplaceIf#?,Node#307	-0.004657351962741184	0.0	-0.002328675981370592		_
com.google.javascript.jscomp.PeepholeSubstituteAlternateSyntax#Node#tryReplaceIf#?,Node#303	-0.004657351962741184	0.0	-0.002328675981370592		_
com.google.javascript.jscomp.PeepholeSubstituteAlternateSyntax#Node#tryReplaceIf#?,Node#304	-0.004657351962741184	0.0	-0.002328675981370592		_
com.google.javascript.jscomp.PeepholeSubstituteAlternateSyntax#Node#tryReplaceIf#?,Node#305	-0.004657351962741184	0.0	-0.002328675981370592		_
com.google.javascript.jscomp.PeepholeSubstituteAlternateSyntax#Node#tryReplaceIf#?,Node#302	-0.004657351962741184	0.0	-0.002328675981370592		_
com.google.javascript.jscomp.PeepholeSubstituteAlternateSyntax#Node#tryReplaceIf#?,Node#338	-0.004657351962741184	0.0	-0.002328675981370592		_
com.google.javascript.jscomp.DefaultPassConfig#List<PassFactory>#getOptimizations#?#373	-0.004657351962741184	0.0	-0.002328675981370592		_
com.google.javascript.jscomp.deps.JsFileParser#boolean#parseLine#?,String#147	-0.004657351962741184	0.0	-0.002328675981370592		_
com.google.javascript.jscomp.Normalize$NormalizeStatements#void#extractForInitializer#?,Node,Node,Node#569	-0.004657351962741184	0.0	-0.002328675981370592		_
com.google.javascript.jscomp.Normalize$NormalizeStatements#void#extractForInitializer#?,Node,Node,Node#570	-0.004657351962741184	0.0	-0.002328675981370592		_
com.google.javascript.jscomp.CoalesceVariableNames#void#visit#?,NodeTraversal,Node,Node#165	-0.004657351962741184	0.0	-0.002328675981370592		_
com.google.javascript.jscomp.CoalesceVariableNames#void#visit#?,NodeTraversal,Node,Node#163	-0.004657351962741184	0.0	-0.002328675981370592		_
com.google.javascript.jscomp.parsing.JsDocTokenStream#JsDocToken#getJsDocToken#?#117	-0.004657351962741184	0.0	-0.002328675981370592		_
com.google.javascript.jscomp.RemoveUnusedVars#void#traverseNode#?,Node,Node,Scope#225	-0.004657351962741184	0.0	-0.002328675981370592		_
com.google.javascript.jscomp.RemoveUnusedVars#void#traverseNode#?,Node,Node,Scope#226	-0.004657351962741184	0.0	-0.002328675981370592		_
com.google.javascript.jscomp.parsing.IRFactory#boolean#handlePossibleFileOverviewJsDoc#?,JsDocInfoParser#259	-0.004657351962741184	0.0	-0.002328675981370592		_
com.google.javascript.jscomp.parsing.IRFactory#boolean#handlePossibleFileOverviewJsDoc#?,JsDocInfoParser#258	-0.004657351962741184	0.0	-0.002328675981370592		_
com.google.javascript.jscomp.PeepholeSubstituteAlternateSyntax#Node#tryMinimizeIf#?,Node#721	-0.004657351962741184	0.0	-0.002328675981370592		_
com.google.javascript.jscomp.parsing.IRFactory#void#setFileOverviewJsDoc#?,Node#217	-0.004657351962741184	0.0	-0.002328675981370592		_
com.google.javascript.jscomp.parsing.IRFactory#void#setFileOverviewJsDoc#?,Node#216	-0.004657351962741184	0.0	-0.002328675981370592		_
com.google.javascript.jscomp.parsing.IRFactory#void#setFileOverviewJsDoc#?,Node#212	-0.004657351962741184	0.0	-0.002328675981370592		_
com.google.javascript.jscomp.PeepholeSubstituteAlternateSyntax#Node#tryMinimizeIf#?,Node#693	-0.004657351962741184	0.0	-0.002328675981370592		_
com.google.javascript.jscomp.PeepholeRemoveDeadCode#Node#tryFoldExpr#?,Node#142	-0.004790419161676647	0.0	-0.0023952095808383233		_
com.google.javascript.jscomp.PeepholeRemoveDeadCode#Node#tryFoldExpr#?,Node#140	-0.004790419161676647	0.0	-0.0023952095808383233		_
com.google.javascript.jscomp.ProcessClosurePrimitives#void#registerAnyProvidedPrefixes#?,String,Node,JSModule#786	-0.004790419161676647	0.0	-0.0023952095808383233		_
com.google.javascript.jscomp.PeepholeRemoveDeadCode#Node#trySimplifyUnusedResult#?,Node,boolean#241	-0.004790419161676647	0.0	-0.0023952095808383233		_
com.google.javascript.jscomp.PeepholeRemoveDeadCode#Node#trySimplifyUnusedResult#?,Node,boolean#242	-0.004790419161676647	0.0	-0.0023952095808383233		_
com.google.javascript.jscomp.PeepholeRemoveDeadCode#Node#trySimplifyUnusedResult#?,Node,boolean#240	-0.004790419161676647	0.0	-0.0023952095808383233		_
com.google.javascript.jscomp.PeepholeRemoveDeadCode#Node#trySimplifyUnusedResult#?,Node,boolean#239	-0.004790419161676647	0.0	-0.0023952095808383233		_
com.google.javascript.jscomp.ScopedAliases#void#hotSwapScript#?,Node,Node#117	-0.004790419161676647	0.0	-0.0023952095808383233		_
com.google.javascript.jscomp.ScopedAliases#void#hotSwapScript#?,Node,Node#119	-0.004790419161676647	0.0	-0.0023952095808383233		_
com.google.javascript.jscomp.ScopedAliases#void#hotSwapScript#?,Node,Node#116	-0.004790419161676647	0.0	-0.0023952095808383233		_
com.google.javascript.jscomp.NodeUtil#String#opToStr#?,int#2167	-0.004790419161676647	0.0	-0.0023952095808383233		_
com.google.javascript.jscomp.PeepholeSubstituteAlternateSyntax#Node#optimizeSubtree#?,Node#103	-0.004790419161676647	0.0	-0.0023952095808383233		_
com.google.javascript.jscomp.PeepholeSubstituteAlternateSyntax#Node#optimizeSubtree#?,Node#104	-0.004790419161676647	0.0	-0.0023952095808383233		_
com.google.javascript.jscomp.GlobalNamespace$BuildGlobalNamespace#void#handleGet#?,NodeTraversal,Node,Node,String#663	-0.004790419161676647	0.0	-0.0023952095808383233		_
com.google.javascript.jscomp.GlobalNamespace$BuildGlobalNamespace#void#handleGet#?,NodeTraversal,Node,Node,String#666	-0.004790419161676647	0.0	-0.0023952095808383233		_
com.google.javascript.jscomp.NodeUtil#boolean#evaluatesToLocalValue#?,Node,Predicate<Node>#2921	-0.004923486360612109	0.0	-0.0024617431803060546		_
com.google.javascript.jscomp.ProcessClosurePrimitives$ProvidedName#void#replace#?#910	-0.004923486360612109	0.0	-0.0024617431803060546		_
com.google.javascript.jscomp.ProcessClosurePrimitives$ProvidedName#void#replace#?#908	-0.004923486360612109	0.0	-0.0024617431803060546		_
com.google.javascript.jscomp.ProcessClosurePrimitives$ProvidedName#void#replace#?#909	-0.004923486360612109	0.0	-0.0024617431803060546		_
com.google.javascript.jscomp.ProcessClosurePrimitives$ProvidedName#void#replace#?#907	-0.004923486360612109	0.0	-0.0024617431803060546		_
com.google.javascript.jscomp.parsing.IRFactory$TransformDispatcher#Node#transformAsString#?,AstNode#415	-0.004923486360612109	0.0	-0.0024617431803060546		_
com.google.javascript.jscomp.parsing.IRFactory$TransformDispatcher#Node#transformAsString#?,AstNode#414	-0.004923486360612109	0.0	-0.0024617431803060546		_
com.google.javascript.jscomp.NodeUtil#String#opToStr#?,int#2160	-0.004923486360612109	0.0	-0.0024617431803060546		_
com.google.javascript.jscomp.CodeGenerator#void#add#?,Node,Context#320	-0.004923486360612109	0.0	-0.0024617431803060546		_
com.google.javascript.jscomp.ShadowVariables$GatherReferenceInfo#void#visit#?,NodeTraversal,Node,Node#144	-0.004923486360612109	0.0	-0.0024617431803060546		_
com.google.javascript.jscomp.ShadowVariables$GatherReferenceInfo#void#visit#?,NodeTraversal,Node,Node#145	-0.004923486360612109	0.0	-0.0024617431803060546		_
com.google.javascript.jscomp.CodeGenerator#void#add#?,Node,Context#319	-0.004923486360612109	0.0	-0.0024617431803060546		_
com.google.javascript.jscomp.GlobalNamespace$BuildGlobalNamespace#void#collect#?,NodeTraversal,Node,Node#425	-0.004923486360612109	0.0	-0.0024617431803060546		_
com.google.javascript.jscomp.NodeUtil#boolean#checkForStateChangeHelper#?,Node,boolean,AbstractCompiler#848	-0.004923486360612109	0.0	-0.0024617431803060546		_
com.google.javascript.jscomp.parsing.IRFactory#int#transformTokenType#?,int#1179	-0.0050565535595475716	0.0	-0.0025282767797737858		_
com.google.javascript.jscomp.GlobalNamespace$Name#void#addRef#?,Ref#955	-0.0050565535595475716	0.0	-0.0025282767797737858		_
com.google.javascript.jscomp.GlobalNamespace$Name#void#addRef#?,Ref#954	-0.0050565535595475716	0.0	-0.0025282767797737858		_
com.google.javascript.jscomp.Normalize$NormalizeStatements#void#extractForInitializer#?,Node,Node,Node#596	-0.0050565535595475716	0.0	-0.0025282767797737858		_
com.google.javascript.jscomp.ScopedAliases#void#hotSwapScript#?,Node,Node#129	-0.0050565535595475716	0.0	-0.0025282767797737858		_
com.google.javascript.jscomp.ScopedAliases#void#hotSwapScript#?,Node,Node#128	-0.0050565535595475716	0.0	-0.0025282767797737858		_
com.google.javascript.jscomp.ScopedAliases#void#hotSwapScript#?,Node,Node#127	-0.0050565535595475716	0.0	-0.0025282767797737858		_
com.google.javascript.jscomp.ScopedAliases#void#hotSwapScript#?,Node,Node#126	-0.0050565535595475716	0.0	-0.0025282767797737858		_
com.google.javascript.jscomp.ScopedAliases#void#hotSwapScript#?,Node,Node#139	-0.0050565535595475716	0.0	-0.0025282767797737858		_
com.google.javascript.jscomp.ScopedAliases#void#hotSwapScript#?,Node,Node#133	-0.0050565535595475716	0.0	-0.0025282767797737858		_
com.google.javascript.jscomp.ScopedAliases#void#hotSwapScript#?,Node,Node#130	-0.0050565535595475716	0.0	-0.0025282767797737858		_
com.google.javascript.jscomp.SyntacticScopeCreator#void#scanVars#?,Node,Node#160	-0.0050565535595475716	0.0	-0.0025282767797737858		_
com.google.javascript.jscomp.SyntacticScopeCreator#void#scanVars#?,Node,Node#150	-0.0050565535595475716	0.0	-0.0025282767797737858		_
com.google.javascript.jscomp.SyntacticScopeCreator#void#scanVars#?,Node,Node#155	-0.0050565535595475716	0.0	-0.0025282767797737858		_
com.google.javascript.jscomp.SyntacticScopeCreator#void#scanVars#?,Node,Node#156	-0.0050565535595475716	0.0	-0.0025282767797737858		_
com.google.javascript.jscomp.SyntacticScopeCreator#void#scanVars#?,Node,Node#158	-0.0050565535595475716	0.0	-0.0025282767797737858		_
com.google.javascript.jscomp.SyntacticScopeCreator#void#scanVars#?,Node,Node#151	-0.0050565535595475716	0.0	-0.0025282767797737858		_
com.google.javascript.jscomp.SyntacticScopeCreator#void#scanVars#?,Node,Node#159	-0.0050565535595475716	0.0	-0.0025282767797737858		_
com.google.javascript.jscomp.CodeGenerator#String#strEscape#?,String,char,String,String,String,CharsetEncoder,boolean#1042	-0.0050565535595475716	0.0	-0.0025282767797737858		_
com.google.javascript.jscomp.CoalesceVariableNames#void#visit#?,NodeTraversal,Node,Node#160	-0.005189620758483034	0.0	-0.002594810379241517		_
com.google.javascript.jscomp.CoalesceVariableNames#void#visit#?,NodeTraversal,Node,Node#162	-0.005189620758483034	0.0	-0.002594810379241517		_
com.google.javascript.jscomp.ProcessClosurePrimitives#void#visit#?,NodeTraversal,Node,Node#254	-0.005189620758483034	0.0	-0.002594810379241517		_
com.google.javascript.jscomp.ProcessClosurePrimitives#void#visit#?,NodeTraversal,Node,Node#255	-0.005189620758483034	0.0	-0.002594810379241517		_
com.google.javascript.jscomp.CodeConsumer#void#addOp#?,String,boolean#223	-0.005189620758483034	0.0	-0.002594810379241517		_
com.google.javascript.jscomp.PeepholeSubstituteAlternateSyntax#Node#optimizeSubtree#?,Node#88	-0.005189620758483034	0.0	-0.002594810379241517		_
com.google.javascript.jscomp.PeepholeSubstituteAlternateSyntax#Node#optimizeSubtree#?,Node#85	-0.005189620758483034	0.0	-0.002594810379241517		_
com.google.javascript.jscomp.PeepholeSubstituteAlternateSyntax#Node#optimizeSubtree#?,Node#84	-0.005189620758483034	0.0	-0.002594810379241517		_
com.google.javascript.jscomp.ProcessClosurePrimitives#void#visit#?,NodeTraversal,Node,Node#193	-0.005189620758483034	0.0	-0.002594810379241517		_
com.google.javascript.jscomp.RemoveUnusedVars#void#traverseNode#?,Node,Node,Scope#204	-0.005189620758483034	0.0	-0.002594810379241517		_
com.google.javascript.jscomp.AstValidator#void#validateObjectLitKey#?,Node#677	-0.005189620758483034	0.0	-0.002594810379241517		_
com.google.javascript.jscomp.AstValidator#void#validateObjectLitKey#?,Node#678	-0.005189620758483034	0.0	-0.002594810379241517		_
com.google.javascript.jscomp.NodeUtil#boolean#evaluatesToLocalValue#?,Node,Predicate<Node>#2933	-0.0053226879574184965	0.0	-0.0026613439787092482		_
com.google.javascript.jscomp.ScopedAliases$Traversal#void#visit#?,NodeTraversal,Node,Node#346	-0.0053226879574184965	0.0	-0.0026613439787092482		_
com.google.javascript.jscomp.ScopedAliases$Traversal#void#visit#?,NodeTraversal,Node,Node#342	-0.0053226879574184965	0.0	-0.0026613439787092482		_
com.google.javascript.jscomp.ScopedAliases$Traversal#void#visit#?,NodeTraversal,Node,Node#341	-0.0053226879574184965	0.0	-0.0026613439787092482		_
com.google.javascript.jscomp.RenameVars#void#process#?,Node,Node#348	-0.0053226879574184965	0.0	-0.0026613439787092482		_
com.google.javascript.jscomp.ScopedAliases$Traversal#void#visit#?,NodeTraversal,Node,Node#334	-0.0053226879574184965	0.0	-0.0026613439787092482		_
com.google.javascript.jscomp.parsing.JsDocInfoParser#Node#parseTypeExpression#?,JsDocToken#1707	-0.0053226879574184965	0.0	-0.0026613439787092482		_
com.google.javascript.jscomp.PeepholeSubstituteAlternateSyntax#Node#optimizeSubtree#?,Node#81	-0.0053226879574184965	0.0	-0.0026613439787092482		_
com.google.javascript.jscomp.PeepholeSubstituteAlternateSyntax#Node#optimizeSubtree#?,Node#80	-0.0053226879574184965	0.0	-0.0026613439787092482		_
com.google.javascript.jscomp.CodePrinter$CompactCodePrinter#void#maybeCutLine#?#503	-0.0053226879574184965	0.0	-0.0026613439787092482		_
com.google.javascript.jscomp.ControlFlowAnalysis#Node#computeFollowNode#?,Node,Node,ControlFlowAnalysis#743	-0.0053226879574184965	0.0	-0.0026613439787092482		_
com.google.javascript.jscomp.PeepholeFoldConstants#Node#optimizeSubtree#?,Node#88	-0.0053226879574184965	0.0	-0.0026613439787092482		_
com.google.javascript.jscomp.PeepholeFoldConstants#Node#optimizeSubtree#?,Node#87	-0.0053226879574184965	0.0	-0.0026613439787092482		_
com.google.javascript.jscomp.ControlFlowAnalysis#void#visit#?,NodeTraversal,Node,Node#314	-0.0053226879574184965	0.0	-0.0026613439787092482		_
com.google.javascript.jscomp.ControlFlowAnalysis#void#visit#?,NodeTraversal,Node,Node#313	-0.0053226879574184965	0.0	-0.0026613439787092482		_
com.google.javascript.jscomp.ClosureOptimizePrimitives$FindObjectCreateCalls#void#visit#?,NodeTraversal,Node,Node#48	-0.005455755156353959	0.0	-0.0027278775781769795		_
com.google.javascript.jscomp.ClosureOptimizePrimitives$FindObjectCreateCalls#void#visit#?,NodeTraversal,Node,Node#49	-0.005455755156353959	0.0	-0.0027278775781769795		_
com.google.javascript.jscomp.CodeGenerator#void#addNonEmptyStatement#?,Node,Context,boolean#852	-0.005455755156353959	0.0	-0.0027278775781769795		_
com.google.javascript.rhino.jstype.UnionTypeBuilder#JSType#reduceAlternatesWithoutUnion#?#221	-0.005455755156353959	0.0	-0.0027278775781769795		_
com.google.javascript.jscomp.AstValidator#void#validateStatement#?,Node#118	-0.005455755156353959	0.0	-0.0027278775781769795		_
com.google.javascript.jscomp.AstValidator#void#validateStatement#?,Node#117	-0.005455755156353959	0.0	-0.0027278775781769795		_
com.google.javascript.rhino.jstype.FunctionType#boolean#setPrototype#?,ObjectType,Node#406	-0.005455755156353959	0.0	-0.0027278775781769795		_
com.google.javascript.jscomp.DeadAssignmentsElimination#void#enterScope#?,NodeTraversal#97	-0.005588822355289421	0.0	-0.0027944111776447107		_
com.google.javascript.jscomp.JSModuleGraph#JSModule#getDeepestCommonDependencyInclusive#?,JSModule,JSModule#188	-0.005588822355289421	0.0	-0.0027944111776447107		_
com.google.javascript.jscomp.Normalize$NormalizeStatements#void#moveNamedFunctions#?,Node#649	-0.005588822355289421	0.0	-0.0027944111776447107		_
com.google.javascript.jscomp.Normalize$NormalizeStatements#void#moveNamedFunctions#?,Node#648	-0.005588822355289421	0.0	-0.0027944111776447107		_
com.google.javascript.jscomp.Normalize$NormalizeStatements#void#moveNamedFunctions#?,Node#647	-0.005588822355289421	0.0	-0.0027944111776447107		_
com.google.javascript.jscomp.NodeUtil#boolean#isLiteralValue#?,Node,boolean#618	-0.005588822355289421	0.0	-0.0027944111776447107		_
com.google.javascript.jscomp.ProcessClosurePrimitives#void#visit#?,NodeTraversal,Node,Node#208	-0.005588822355289421	0.0	-0.0027944111776447107		_
com.google.javascript.jscomp.ControlFlowAnalysis#void#process#?,Node,Node#168	-0.005588822355289421	0.0	-0.0027944111776447107		_
com.google.javascript.jscomp.ControlFlowAnalysis#void#process#?,Node,Node#169	-0.005588822355289421	0.0	-0.0027944111776447107		_
com.google.javascript.jscomp.ControlFlowAnalysis#void#process#?,Node,Node#170	-0.005588822355289421	0.0	-0.0027944111776447107		_
com.google.javascript.jscomp.CodeGenerator#void#add#?,Node,Context#698	-0.005588822355289421	0.0	-0.0027944111776447107		_
com.google.javascript.jscomp.CodeGenerator#void#add#?,Node,Context#699	-0.005588822355289421	0.0	-0.0027944111776447107		_
com.google.javascript.jscomp.CodeGenerator#void#add#?,Node,Context#697	-0.005588822355289421	0.0	-0.0027944111776447107		_
com.google.javascript.jscomp.CodeGenerator#void#add#?,Node,Context#696	-0.005588822355289421	0.0	-0.0027944111776447107		_
com.google.javascript.jscomp.CodeGenerator#void#add#?,Node,Context#695	-0.005588822355289421	0.0	-0.0027944111776447107		_
com.google.javascript.jscomp.CodeGenerator#void#add#?,Node,Context#701	-0.005588822355289421	0.0	-0.0027944111776447107		_
com.google.javascript.jscomp.CodeGenerator#void#add#?,Node,Context#700	-0.005588822355289421	0.0	-0.0027944111776447107		_
com.google.javascript.jscomp.NodeUtil#String#opToStr#?,int#2133	-0.005721889554224884	0.0	-0.002860944777112442		_
com.google.javascript.jscomp.CodeConsumer#void#endBlock#?,boolean#118	-0.005721889554224884	0.0	-0.002860944777112442		_
com.google.javascript.jscomp.ControlFlowAnalysis#void#visit#?,NodeTraversal,Node,Node#310	-0.005721889554224884	0.0	-0.002860944777112442		_
com.google.javascript.jscomp.ControlFlowAnalysis#void#visit#?,NodeTraversal,Node,Node#311	-0.005721889554224884	0.0	-0.002860944777112442		_
com.google.javascript.jscomp.ProcessClosurePrimitives#void#registerAnyProvidedPrefixes#?,String,Node,JSModule#789	-0.005854956753160346	0.0	-0.002927478376580173		_
com.google.javascript.jscomp.Normalize$NormalizeStatements#void#extractForInitializer#?,Node,Node,Node#590	-0.005854956753160346	0.0	-0.002927478376580173		_
com.google.javascript.jscomp.Normalize$NormalizeStatements#void#extractForInitializer#?,Node,Node,Node#595	-0.005854956753160346	0.0	-0.002927478376580173		_
com.google.javascript.jscomp.Normalize$NormalizeStatements#void#extractForInitializer#?,Node,Node,Node#592	-0.005854956753160346	0.0	-0.002927478376580173		_
com.google.javascript.jscomp.Normalize$NormalizeStatements#void#extractForInitializer#?,Node,Node,Node#589	-0.005854956753160346	0.0	-0.002927478376580173		_
com.google.javascript.jscomp.Normalize$NormalizeStatements#void#extractForInitializer#?,Node,Node,Node#588	-0.005854956753160346	0.0	-0.002927478376580173		_
com.google.javascript.jscomp.Normalize$NormalizeStatements#void#extractForInitializer#?,Node,Node,Node#587	-0.005854956753160346	0.0	-0.002927478376580173		_
com.google.javascript.jscomp.parsing.JsDocInfoParser#void#checkExtendedTypes#?,List<ExtendedTypeInfo>#954	-0.005854956753160346	0.0	-0.002927478376580173		_
com.google.javascript.jscomp.Normalize$NormalizeStatements#void#extractForInitializer#?,Node,Node,Node#602	-0.005854956753160346	0.0	-0.002927478376580173		_
com.google.javascript.jscomp.Normalize$NormalizeStatements#void#extractForInitializer#?,Node,Node,Node#601	-0.005854956753160346	0.0	-0.002927478376580173		_
com.google.javascript.rhino.jstype.ObjectType#boolean#isUnknownType#?#499	-0.005854956753160346	0.0	-0.002927478376580173		_
com.google.javascript.rhino.jstype.ObjectType#boolean#isUnknownType#?#498	-0.005854956753160346	0.0	-0.002927478376580173		_
com.google.javascript.jscomp.ControlFlowAnalysis#Node#computeFallThrough#?,Node#804	-0.005854956753160346	0.0	-0.002927478376580173		_
com.google.javascript.jscomp.ProcessDefines#void#overrideDefines#?,Map<String,DefineInfo>#131	-0.005854956753160346	0.0	-0.002927478376580173		_
com.google.javascript.jscomp.ProcessDefines#void#overrideDefines#?,Map<String,DefineInfo>#126	-0.005854956753160346	0.0	-0.002927478376580173		_
com.google.javascript.jscomp.ProcessDefines#void#overrideDefines#?,Map<String,DefineInfo>#127	-0.005854956753160346	0.0	-0.002927478376580173		_
com.google.javascript.jscomp.ProcessDefines#void#overrideDefines#?,Map<String,DefineInfo>#125	-0.005854956753160346	0.0	-0.002927478376580173		_
com.google.javascript.jscomp.ProcessDefines#void#overrideDefines#?,Map<String,DefineInfo>#128	-0.005854956753160346	0.0	-0.002927478376580173		_
com.google.javascript.jscomp.ProcessDefines#void#overrideDefines#?,Map<String,DefineInfo>#129	-0.005854956753160346	0.0	-0.002927478376580173		_
com.google.javascript.rhino.jstype.FunctionType#boolean#setPrototype#?,ObjectType,Node#405	-0.005854956753160346	0.0	-0.002927478376580173		_
com.google.javascript.rhino.jstype.FunctionType#boolean#setPrototype#?,ObjectType,Node#404	-0.005854956753160346	0.0	-0.002927478376580173		_
com.google.javascript.jscomp.ScopedAliases$Traversal#void#visit#?,NodeTraversal,Node,Node#340	-0.005988023952095809	0.0	-0.0029940119760479044		_
com.google.javascript.jscomp.ScopedAliases$Traversal#void#visit#?,NodeTraversal,Node,Node#356	-0.005988023952095809	0.0	-0.0029940119760479044		_
com.google.javascript.jscomp.ScopedAliases$Traversal#void#visit#?,NodeTraversal,Node,Node#352	-0.005988023952095809	0.0	-0.0029940119760479044		_
com.google.javascript.jscomp.ScopedAliases$Traversal#void#visit#?,NodeTraversal,Node,Node#354	-0.005988023952095809	0.0	-0.0029940119760479044		_
com.google.javascript.jscomp.ScopedAliases$Traversal#void#visit#?,NodeTraversal,Node,Node#364	-0.005988023952095809	0.0	-0.0029940119760479044		_
com.google.javascript.jscomp.ScopedAliases$Traversal#void#visit#?,NodeTraversal,Node,Node#362	-0.005988023952095809	0.0	-0.0029940119760479044		_
com.google.javascript.jscomp.ScopedAliases$Traversal#void#visit#?,NodeTraversal,Node,Node#376	-0.005988023952095809	0.0	-0.0029940119760479044		_
com.google.javascript.jscomp.ScopedAliases$Traversal#void#visit#?,NodeTraversal,Node,Node#375	-0.005988023952095809	0.0	-0.0029940119760479044		_
com.google.javascript.jscomp.NameGenerator#char[]#reserveCharacters#?,char[],char[]#82	-0.005988023952095809	0.0	-0.0029940119760479044		_
com.google.javascript.jscomp.NameGenerator#char[]#reserveCharacters#?,char[],char[]#86	-0.005988023952095809	0.0	-0.0029940119760479044		_
com.google.javascript.jscomp.NameGenerator#char[]#reserveCharacters#?,char[],char[]#83	-0.005988023952095809	0.0	-0.0029940119760479044		_
com.google.javascript.jscomp.NameGenerator#char[]#reserveCharacters#?,char[],char[]#84	-0.005988023952095809	0.0	-0.0029940119760479044		_
com.google.javascript.jscomp.ScopedAliases$Traversal#void#visit#?,NodeTraversal,Node,Node#339	-0.005988023952095809	0.0	-0.0029940119760479044		_
com.google.javascript.jscomp.ScopedAliases$Traversal#void#visit#?,NodeTraversal,Node,Node#333	-0.005988023952095809	0.0	-0.0029940119760479044		_
com.google.javascript.jscomp.ScopedAliases$Traversal#void#visit#?,NodeTraversal,Node,Node#331	-0.005988023952095809	0.0	-0.0029940119760479044		_
com.google.javascript.jscomp.ScopedAliases$Traversal#void#visit#?,NodeTraversal,Node,Node#332	-0.005988023952095809	0.0	-0.0029940119760479044		_
com.google.javascript.jscomp.ScopedAliases$Traversal#void#visit#?,NodeTraversal,Node,Node#330	-0.005988023952095809	0.0	-0.0029940119760479044		_
com.google.javascript.jscomp.ScopedAliases$Traversal#void#visit#?,NodeTraversal,Node,Node#328	-0.005988023952095809	0.0	-0.0029940119760479044		_
com.google.javascript.jscomp.ScopedAliases$Traversal#void#visit#?,NodeTraversal,Node,Node#329	-0.005988023952095809	0.0	-0.0029940119760479044		_
com.google.javascript.jscomp.ScopedAliases$Traversal#void#visit#?,NodeTraversal,Node,Node#321	-0.005988023952095809	0.0	-0.0029940119760479044		_
com.google.javascript.jscomp.ScopedAliases$Traversal#void#exitScope#?,NodeTraversal#234	-0.005988023952095809	0.0	-0.0029940119760479044		_
com.google.javascript.jscomp.ScopedAliases$Traversal#void#exitScope#?,NodeTraversal#233	-0.005988023952095809	0.0	-0.0029940119760479044		_
com.google.javascript.jscomp.CodePrinter$CompactCodePrinter#void#maybeCutLine#?#493	-0.005988023952095809	0.0	-0.0029940119760479044		_
com.google.javascript.jscomp.RemoveUnusedVars#void#interpretAssigns#?#723	-0.005988023952095809	0.0	-0.0029940119760479044		_
com.google.javascript.jscomp.RemoveUnusedVars#void#interpretAssigns#?#724	-0.005988023952095809	0.0	-0.0029940119760479044		_
com.google.javascript.rhino.jstype.PrototypeObjectType#boolean#isSubtype#?,JSType#469	-0.005988023952095809	0.0	-0.0029940119760479044		_
com.google.javascript.rhino.jstype.PrototypeObjectType#boolean#isSubtype#?,JSType#468	-0.005988023952095809	0.0	-0.0029940119760479044		_
com.google.javascript.rhino.jstype.PrototypeObjectType#boolean#isSubtype#?,JSType#470	-0.005988023952095809	0.0	-0.0029940119760479044		_
com.google.javascript.jscomp.MakeDeclaredNamesUnique#boolean#shouldTraverse#?,NodeTraversal,Node,Node#119	-0.005988023952095809	0.0	-0.0029940119760479044		_
com.google.javascript.jscomp.ScopedAliases$Traversal#void#enterScope#?,NodeTraversal#226	-0.005988023952095809	0.0	-0.0029940119760479044		_
com.google.javascript.jscomp.ScopedAliases$Traversal#void#enterScope#?,NodeTraversal#224	-0.005988023952095809	0.0	-0.0029940119760479044		_
com.google.javascript.jscomp.UnreachableCodeElimination#void#visit#?,NodeTraversal,Node,Node#105	-0.006121091151031271	0.0	-0.0030605455755156356		_
com.google.javascript.jscomp.UnreachableCodeElimination#void#visit#?,NodeTraversal,Node,Node#106	-0.006121091151031271	0.0	-0.0030605455755156356		_
com.google.javascript.jscomp.parsing.IRFactory#int#transformTokenType#?,int#1181	-0.006121091151031271	0.0	-0.0030605455755156356		_
com.google.javascript.jscomp.parsing.IRFactory$TransformDispatcher#Node#processObjectLiteral#?,ObjectLiteral#834	-0.006121091151031271	0.0	-0.0030605455755156356		_
com.google.javascript.jscomp.parsing.IRFactory$TransformDispatcher#Node#processObjectLiteral#?,ObjectLiteral#833	-0.006121091151031271	0.0	-0.0030605455755156356		_
com.google.javascript.jscomp.parsing.IRFactory$TransformDispatcher#Node#processObjectLiteral#?,ObjectLiteral#835	-0.006121091151031271	0.0	-0.0030605455755156356		_
com.google.javascript.jscomp.ProcessDefines#Map<String,DefineInfo>#collectDefines#?,Node,GlobalNamespace#182	-0.006121091151031271	0.0	-0.0030605455755156356		_
com.google.javascript.jscomp.ControlFlowAnalysis#void#visit#?,NodeTraversal,Node,Node#339	-0.006121091151031271	0.0	-0.0030605455755156356		_
com.google.javascript.jscomp.ControlFlowAnalysis#void#visit#?,NodeTraversal,Node,Node#338	-0.006121091151031271	0.0	-0.0030605455755156356		_
com.google.javascript.jscomp.RemoveUnusedVars#void#removeUnreferencedVars#?#839	-0.006121091151031271	0.0	-0.0030605455755156356		_
com.google.javascript.jscomp.RemoveUnusedVars#void#removeUnreferencedVars#?#845	-0.006121091151031271	0.0	-0.0030605455755156356		_
com.google.javascript.jscomp.RemoveUnusedVars#void#removeUnreferencedVars#?#847	-0.006121091151031271	0.0	-0.0030605455755156356		_
com.google.javascript.jscomp.RemoveUnusedVars#void#removeUnreferencedVars#?#846	-0.006121091151031271	0.0	-0.0030605455755156356		_
com.google.javascript.jscomp.parsing.IRFactory#int#transformTokenType#?,int#1167	-0.006254158349966733	0.0	-0.0031270791749833664		_
com.google.javascript.jscomp.NodeUtil#boolean#isUndefined#?,Node#1363	-0.006254158349966733	0.0	-0.0031270791749833664		_
com.google.javascript.jscomp.CoalesceVariableNames#void#visit#?,NodeTraversal,Node,Node#154	-0.006254158349966733	0.0	-0.0031270791749833664		_
com.google.javascript.jscomp.CoalesceVariableNames#void#visit#?,NodeTraversal,Node,Node#156	-0.006254158349966733	0.0	-0.0031270791749833664		_
com.google.javascript.jscomp.CoalesceVariableNames#void#visit#?,NodeTraversal,Node,Node#155	-0.006254158349966733	0.0	-0.0031270791749833664		_
com.google.javascript.jscomp.CodeGenerator#void#add#?,Node,Context#120	-0.006254158349966733	0.0	-0.0031270791749833664		_
com.google.javascript.jscomp.CodeGenerator#void#add#?,Node,Context#118	-0.006254158349966733	0.0	-0.0031270791749833664		_
com.google.javascript.jscomp.CodeGenerator#void#add#?,Node,Context#119	-0.006254158349966733	0.0	-0.0031270791749833664		_
com.google.javascript.jscomp.ProcessClosurePrimitives$ProvidedName#void#updateMinimumModule#?,JSModule#878	-0.006254158349966733	0.0	-0.0031270791749833664		_
com.google.javascript.jscomp.ProcessClosurePrimitives#void#visit#?,NodeTraversal,Node,Node#198	-0.006254158349966733	0.0	-0.0031270791749833664		_
com.google.javascript.jscomp.ProcessDefines#Map<String,DefineInfo>#collectDefines#?,Node,GlobalNamespace#181	-0.006254158349966733	0.0	-0.0031270791749833664		_
com.google.javascript.rhino.jstype.PrototypeObjectType#boolean#defineProperty#?,String,JSType,boolean,Node#245	-0.006254158349966733	0.0	-0.0031270791749833664		_
com.google.javascript.jscomp.ControlFlowAnalysis#boolean#shouldTraverse#?,NodeTraversal,Node,Node#230	-0.006254158349966733	0.0	-0.0031270791749833664		_
com.google.javascript.jscomp.ControlFlowAnalysis#boolean#shouldTraverse#?,NodeTraversal,Node,Node#231	-0.006254158349966733	0.0	-0.0031270791749833664		_
com.google.javascript.jscomp.ControlFlowAnalysis#boolean#shouldTraverse#?,NodeTraversal,Node,Node#286	-0.006254158349966733	0.0	-0.0031270791749833664		_
com.google.javascript.jscomp.ControlFlowAnalysis#boolean#shouldTraverse#?,NodeTraversal,Node,Node#287	-0.006254158349966733	0.0	-0.0031270791749833664		_
com.google.javascript.jscomp.ControlFlowAnalysis#boolean#shouldTraverse#?,NodeTraversal,Node,Node#285	-0.006254158349966733	0.0	-0.0031270791749833664		_
com.google.javascript.jscomp.ControlFlowAnalysis#void#visit#?,NodeTraversal,Node,Node#333	-0.006254158349966733	0.0	-0.0031270791749833664		_
com.google.javascript.jscomp.ControlFlowAnalysis#void#visit#?,NodeTraversal,Node,Node#332	-0.006254158349966733	0.0	-0.0031270791749833664		_
com.google.javascript.jscomp.ControlFlowAnalysis#Node#computeFollowNode#?,Node,Node,ControlFlowAnalysis#757	-0.006254158349966733	0.0	-0.0031270791749833664		_
com.google.javascript.jscomp.ControlFlowAnalysis#Node#computeFollowNode#?,Node,Node,ControlFlowAnalysis#751	-0.006254158349966733	0.0	-0.0031270791749833664		_
com.google.javascript.jscomp.RemoveUnusedVars#void#removeUnreferencedVars#?#828	-0.006254158349966733	0.0	-0.0031270791749833664		_
com.google.javascript.jscomp.RemoveUnusedVars#void#removeUnreferencedVars#?#824	-0.006254158349966733	0.0	-0.0031270791749833664		_
com.google.javascript.jscomp.ProcessDefines$CollectDefines#?#CollectDefines#?,AbstractCompiler,List<Name>#248	-0.006387225548902195	0.0	-0.0031936127744510976		_
com.google.javascript.jscomp.ProcessDefines$CollectDefines#?#CollectDefines#?,AbstractCompiler,List<Name>#247	-0.006387225548902195	0.0	-0.0031936127744510976		_
com.google.javascript.jscomp.ProcessDefines$CollectDefines#?#CollectDefines#?,AbstractCompiler,List<Name>#249	-0.006387225548902195	0.0	-0.0031936127744510976		_
com.google.javascript.jscomp.ProcessDefines$CollectDefines#?#CollectDefines#?,AbstractCompiler,List<Name>#250	-0.006387225548902195	0.0	-0.0031936127744510976		_
com.google.javascript.jscomp.ProcessDefines$CollectDefines#?#CollectDefines#?,AbstractCompiler,List<Name>#256	-0.006387225548902195	0.0	-0.0031936127744510976		_
com.google.javascript.jscomp.ProcessDefines$CollectDefines#?#CollectDefines#?,AbstractCompiler,List<Name>#254	-0.006387225548902195	0.0	-0.0031936127744510976		_
com.google.javascript.jscomp.ProcessDefines$CollectDefines#?#CollectDefines#?,AbstractCompiler,List<Name>#253	-0.006387225548902195	0.0	-0.0031936127744510976		_
com.google.javascript.jscomp.parsing.IRFactory#int#transformTokenType#?,int#1221	-0.006387225548902195	0.0	-0.0031936127744510976		_
com.google.javascript.jscomp.DefaultPassConfig#void#maybeInitializePreprocessorSymbolTable#?,AbstractCompiler#184	-0.006387225548902195	0.0	-0.0031936127744510976		_
com.google.javascript.jscomp.DefaultPassConfig#void#maybeInitializePreprocessorSymbolTable#?,AbstractCompiler#182	-0.006387225548902195	0.0	-0.0031936127744510976		_
com.google.javascript.jscomp.DefaultPassConfig#void#maybeInitializePreprocessorSymbolTable#?,AbstractCompiler#181	-0.006387225548902195	0.0	-0.0031936127744510976		_
com.google.javascript.jscomp.ProcessClosurePrimitives$ProvidedName#void#replace#?#949	-0.006387225548902195	0.0	-0.0031936127744510976		_
com.google.javascript.jscomp.NodeUtil#Node#getConditionExpression#?,Node#1686	-0.006387225548902195	0.0	-0.0031936127744510976		_
com.google.javascript.jscomp.CodeGenerator#void#add#?,Node,Context#167	-0.006387225548902195	0.0	-0.0031936127744510976		_
com.google.javascript.jscomp.CodeGenerator#void#add#?,Node,Context#168	-0.006387225548902195	0.0	-0.0031936127744510976		_
com.google.javascript.jscomp.CodeGenerator#void#add#?,Node,Context#163	-0.006387225548902195	0.0	-0.0031936127744510976		_
com.google.javascript.jscomp.CodeGenerator#void#add#?,Node,Context#162	-0.006387225548902195	0.0	-0.0031936127744510976		_
com.google.javascript.jscomp.CodeGenerator#void#add#?,Node,Context#161	-0.006387225548902195	0.0	-0.0031936127744510976		_
com.google.javascript.rhino.IR#boolean#mayBeExpression#?,Node#517	-0.006387225548902195	0.0	-0.0031936127744510976		_
com.google.javascript.jscomp.ProcessDefines$CollectDefines#void#visit#?,NodeTraversal,Node,Node#304	-0.006387225548902195	0.0	-0.0031936127744510976		_
com.google.javascript.jscomp.ProcessDefines$CollectDefines#void#visit#?,NodeTraversal,Node,Node#314	-0.006387225548902195	0.0	-0.0031936127744510976		_
com.google.javascript.jscomp.ProcessDefines$CollectDefines#void#visit#?,NodeTraversal,Node,Node#290	-0.006387225548902195	0.0	-0.0031936127744510976		_
com.google.javascript.jscomp.ProcessDefines$CollectDefines#void#visit#?,NodeTraversal,Node,Node#292	-0.006387225548902195	0.0	-0.0031936127744510976		_
com.google.javascript.jscomp.ProcessDefines$CollectDefines#void#visit#?,NodeTraversal,Node,Node#291	-0.006387225548902195	0.0	-0.0031936127744510976		_
com.google.javascript.jscomp.ProcessDefines$CollectDefines#void#visit#?,NodeTraversal,Node,Node#293	-0.006387225548902195	0.0	-0.0031936127744510976		_
com.google.javascript.jscomp.ProcessDefines$CollectDefines#void#visit#?,NodeTraversal,Node,Node#296	-0.006387225548902195	0.0	-0.0031936127744510976		_
com.google.javascript.jscomp.ProcessDefines$CollectDefines#void#visit#?,NodeTraversal,Node,Node#297	-0.006387225548902195	0.0	-0.0031936127744510976		_
com.google.javascript.jscomp.ProcessDefines$CollectDefines#void#visit#?,NodeTraversal,Node,Node#298	-0.006387225548902195	0.0	-0.0031936127744510976		_
com.google.javascript.jscomp.parsing.IRFactory#int#transformTokenType#?,int#1161	-0.006520292747837658	0.0	-0.003260146373918829		_
com.google.javascript.jscomp.AstValidator#void#validateStatement#?,Node#133	-0.006520292747837658	0.0	-0.003260146373918829		_
com.google.javascript.jscomp.AstValidator#void#validateStatement#?,Node#132	-0.006520292747837658	0.0	-0.003260146373918829		_
com.google.javascript.jscomp.parsing.IRFactory#Node#transformNameAsString#?,Name#296	-0.006520292747837658	0.0	-0.003260146373918829		_
com.google.javascript.rhino.jstype.PrototypeObjectType#boolean#isSubtype#?,JSType#458	-0.006520292747837658	0.0	-0.003260146373918829		_
com.google.javascript.jscomp.CodeGenerator#void#add#?,Node,Context#680	-0.006520292747837658	0.0	-0.003260146373918829		_
com.google.javascript.jscomp.CodeGenerator#void#add#?,Node,Context#632	-0.006520292747837658	0.0	-0.003260146373918829		_
com.google.javascript.jscomp.CodeGenerator#void#add#?,Node,Context#634	-0.006520292747837658	0.0	-0.003260146373918829		_
com.google.javascript.jscomp.CodeGenerator#void#add#?,Node,Context#635	-0.006520292747837658	0.0	-0.003260146373918829		_
com.google.javascript.jscomp.MaybeReachingVariableUse#void#computeMayUse#?,Node,Node,ReachingUses,boolean#217	-0.00665335994677312	0.0	-0.00332667997338656		_
com.google.javascript.jscomp.RemoveUnusedVars#void#interpretAssigns#?#729	-0.00665335994677312	0.0	-0.00332667997338656		_
com.google.javascript.jscomp.InlineVariables$InliningBehavior#void#collectAliasCandidates#?,NodeTraversal,ReferenceMap#183	-0.00665335994677312	0.0	-0.00332667997338656		_
com.google.javascript.jscomp.parsing.JsDocInfoParser#Node#parseBasicTypeExpression#?,JsDocToken#1737	-0.006786427145708583	0.0	-0.0033932135728542913		_
com.google.javascript.jscomp.parsing.JsDocInfoParser#Node#parseBasicTypeExpression#?,JsDocToken#1738	-0.006786427145708583	0.0	-0.0033932135728542913		_
com.google.javascript.jscomp.PeepholeSubstituteAlternateSyntax#Node#tryMinimizeCondition#?,Node#1294	-0.006786427145708583	0.0	-0.0033932135728542913		_
com.google.javascript.jscomp.PeepholeSubstituteAlternateSyntax#Node#tryMinimizeCondition#?,Node#1293	-0.006786427145708583	0.0	-0.0033932135728542913		_
com.google.javascript.jscomp.PeepholeSubstituteAlternateSyntax#Node#tryMinimizeCondition#?,Node#1295	-0.006786427145708583	0.0	-0.0033932135728542913		_
com.google.javascript.jscomp.MaybeReachingVariableUse#void#computeMayUse#?,Node,Node,ReachingUses,boolean#221	-0.006786427145708583	0.0	-0.0033932135728542913		_
com.google.javascript.jscomp.MaybeReachingVariableUse#void#computeMayUse#?,Node,Node,ReachingUses,boolean#225	-0.006786427145708583	0.0	-0.0033932135728542913		_
com.google.javascript.jscomp.MaybeReachingVariableUse#void#computeMayUse#?,Node,Node,ReachingUses,boolean#216	-0.006786427145708583	0.0	-0.0033932135728542913		_
com.google.javascript.jscomp.MaybeReachingVariableUse#void#computeMayUse#?,Node,Node,ReachingUses,boolean#215	-0.006786427145708583	0.0	-0.0033932135728542913		_
com.google.javascript.jscomp.parsing.TypeSafeDispatcher#T#process#?,AstNode#197	-0.006786427145708583	0.0	-0.0033932135728542913		_
com.google.javascript.jscomp.InlineFunctions#void#process#?,Node,Node#140	-0.006786427145708583	0.0	-0.0033932135728542913		_
com.google.javascript.rhino.jstype.PrototypeObjectType#boolean#isSubtype#?,JSType#467	-0.006786427145708583	0.0	-0.0033932135728542913		_
com.google.javascript.jscomp.CodeGenerator#void#add#?,Node,Context#351	-0.006786427145708583	0.0	-0.0033932135728542913		_
com.google.javascript.jscomp.CodeGenerator#void#add#?,Node,Context#352	-0.006786427145708583	0.0	-0.0033932135728542913		_
com.google.javascript.jscomp.CodeGenerator#void#add#?,Node,Context#350	-0.006786427145708583	0.0	-0.0033932135728542913		_
com.google.javascript.jscomp.CodeGenerator#void#add#?,Node,Context#339	-0.006786427145708583	0.0	-0.0033932135728542913		_
com.google.javascript.jscomp.CodeGenerator#void#add#?,Node,Context#334	-0.006786427145708583	0.0	-0.0033932135728542913		_
com.google.javascript.jscomp.CodeGenerator#void#add#?,Node,Context#331	-0.006786427145708583	0.0	-0.0033932135728542913		_
com.google.javascript.jscomp.CodeGenerator#void#add#?,Node,Context#330	-0.006786427145708583	0.0	-0.0033932135728542913		_
com.google.javascript.jscomp.CodeGenerator#void#add#?,Node,Context#329	-0.006786427145708583	0.0	-0.0033932135728542913		_
com.google.javascript.jscomp.CodeGenerator#void#add#?,Node,Context#328	-0.006786427145708583	0.0	-0.0033932135728542913		_
com.google.javascript.jscomp.CodeGenerator#void#add#?,Node,Context#312	-0.006786427145708583	0.0	-0.0033932135728542913		_
com.google.javascript.jscomp.CodeGenerator#void#add#?,Node,Context#311	-0.006786427145708583	0.0	-0.0033932135728542913		_
com.google.javascript.jscomp.CodeGenerator#void#add#?,Node,Context#317	-0.006786427145708583	0.0	-0.0033932135728542913		_
com.google.javascript.jscomp.CodeGenerator#void#add#?,Node,Context#313	-0.006786427145708583	0.0	-0.0033932135728542913		_
com.google.javascript.jscomp.CodeGenerator#void#add#?,Node,Context#316	-0.006786427145708583	0.0	-0.0033932135728542913		_
com.google.javascript.jscomp.ControlFlowAnalysis#Node#computeFollowNode#?,Node,Node,ControlFlowAnalysis#750	-0.006786427145708583	0.0	-0.0033932135728542913		_
com.google.javascript.jscomp.CodeGenerator#void#add#?,Node,Context#661	-0.006786427145708583	0.0	-0.0033932135728542913		_
com.google.javascript.jscomp.InlineObjectLiterals$InliningBehavior#void#afterExitScope#?,NodeTraversal,ReferenceMap#92	-0.006919494344644045	0.0	-0.0034597471723220225		_
com.google.javascript.jscomp.InlineObjectLiterals$InliningBehavior#void#afterExitScope#?,NodeTraversal,ReferenceMap#94	-0.006919494344644045	0.0	-0.0034597471723220225		_
com.google.javascript.jscomp.MakeDeclaredNamesUnique$ContextualRenameInverter#void#exitScope#?,NodeTraversal#319	-0.006919494344644045	0.0	-0.0034597471723220225		_
com.google.javascript.jscomp.MakeDeclaredNamesUnique$ContextualRenameInverter#void#exitScope#?,NodeTraversal#320	-0.006919494344644045	0.0	-0.0034597471723220225		_
com.google.javascript.jscomp.MakeDeclaredNamesUnique$ContextualRenameInverter#void#exitScope#?,NodeTraversal#321	-0.006919494344644045	0.0	-0.0034597471723220225		_
com.google.javascript.jscomp.DeadAssignmentsElimination#void#enterScope#?,NodeTraversal#104	-0.006919494344644045	0.0	-0.0034597471723220225		_
com.google.javascript.jscomp.DeadAssignmentsElimination#void#enterScope#?,NodeTraversal#103	-0.006919494344644045	0.0	-0.0034597471723220225		_
com.google.javascript.jscomp.DeadAssignmentsElimination#void#enterScope#?,NodeTraversal#102	-0.006919494344644045	0.0	-0.0034597471723220225		_
com.google.javascript.jscomp.DeadAssignmentsElimination#void#enterScope#?,NodeTraversal#101	-0.006919494344644045	0.0	-0.0034597471723220225		_
com.google.javascript.jscomp.ControlFlowAnalysis#void#visit#?,NodeTraversal,Node,Node#302	-0.006919494344644045	0.0	-0.0034597471723220225		_
com.google.javascript.jscomp.ControlFlowAnalysis#void#visit#?,NodeTraversal,Node,Node#301	-0.006919494344644045	0.0	-0.0034597471723220225		_
com.google.javascript.jscomp.ShadowVariables$DoShadowVariables#void#enterScope#?,NodeTraversal#184	-0.0070525615435795075	0.0	-0.0035262807717897538		_
com.google.javascript.jscomp.ShadowVariables$DoShadowVariables#void#enterScope#?,NodeTraversal#185	-0.0070525615435795075	0.0	-0.0035262807717897538		_
com.google.javascript.jscomp.CodeGenerator#void#add#?,Node,Context#142	-0.0070525615435795075	0.0	-0.0035262807717897538		_
com.google.javascript.jscomp.CodeGenerator#void#add#?,Node,Context#153	-0.0070525615435795075	0.0	-0.0035262807717897538		_
com.google.javascript.jscomp.CodeGenerator#void#add#?,Node,Context#154	-0.0070525615435795075	0.0	-0.0035262807717897538		_
com.google.javascript.jscomp.CodeGenerator#void#add#?,Node,Context#155	-0.0070525615435795075	0.0	-0.0035262807717897538		_
com.google.javascript.jscomp.CodeGenerator#void#add#?,Node,Context#156	-0.0070525615435795075	0.0	-0.0035262807717897538		_
com.google.javascript.jscomp.CodeGenerator#void#add#?,Node,Context#157	-0.0070525615435795075	0.0	-0.0035262807717897538		_
com.google.javascript.jscomp.CodeGenerator#void#add#?,Node,Context#158	-0.0070525615435795075	0.0	-0.0035262807717897538		_
com.google.javascript.jscomp.DataFlowAnalysis#void#joinInputs#?,DiGraphNode<N,Branch>#321	-0.0070525615435795075	0.0	-0.0035262807717897538		_
com.google.javascript.jscomp.DataFlowAnalysis#void#joinInputs#?,DiGraphNode<N,Branch>#319	-0.0070525615435795075	0.0	-0.0035262807717897538		_
com.google.javascript.jscomp.DataFlowAnalysis#void#joinInputs#?,DiGraphNode<N,Branch>#317	-0.0070525615435795075	0.0	-0.0035262807717897538		_
com.google.javascript.jscomp.DataFlowAnalysis#void#joinInputs#?,DiGraphNode<N,Branch>#318	-0.0070525615435795075	0.0	-0.0035262807717897538		_
com.google.javascript.jscomp.DataFlowAnalysis#void#joinInputs#?,DiGraphNode<N,Branch>#316	-0.0070525615435795075	0.0	-0.0035262807717897538		_
com.google.javascript.jscomp.Compiler#void#initBasedOnOptions#?#383	-0.00718562874251497	0.0	-0.003592814371257485		_
com.google.javascript.jscomp.Compiler#void#initBasedOnOptions#?#384	-0.00718562874251497	0.0	-0.003592814371257485		_
com.google.javascript.jscomp.CodePrinter$MappedCodePrinter#void#startSourceMapping#?,Node#99	-0.00718562874251497	0.0	-0.003592814371257485		_
com.google.javascript.jscomp.CodePrinter$MappedCodePrinter#void#startSourceMapping#?,Node#97	-0.00718562874251497	0.0	-0.003592814371257485		_
com.google.javascript.jscomp.CodePrinter$MappedCodePrinter#void#startSourceMapping#?,Node#98	-0.00718562874251497	0.0	-0.003592814371257485		_
com.google.javascript.jscomp.Compiler#Node#parseInputs#?#1343	-0.00718562874251497	0.0	-0.003592814371257485		_
com.google.javascript.jscomp.Compiler#Node#parseInputs#?#1346	-0.00718562874251497	0.0	-0.003592814371257485		_
com.google.javascript.jscomp.DataFlowAnalysis#void#joinInputs#?,DiGraphNode<N,Branch>#315	-0.00718562874251497	0.0	-0.003592814371257485		_
com.google.javascript.jscomp.CodePrinter$MappedCodePrinter#void#startSourceMapping#?,Node#104	-0.00718562874251497	0.0	-0.003592814371257485		_
com.google.javascript.jscomp.CodePrinter$MappedCodePrinter#void#startSourceMapping#?,Node#103	-0.00718562874251497	0.0	-0.003592814371257485		_
com.google.javascript.jscomp.CodePrinter$MappedCodePrinter#void#startSourceMapping#?,Node#102	-0.00718562874251497	0.0	-0.003592814371257485		_
com.google.javascript.jscomp.CodePrinter$MappedCodePrinter#void#startSourceMapping#?,Node#101	-0.00718562874251497	0.0	-0.003592814371257485		_
com.google.javascript.jscomp.CodePrinter$MappedCodePrinter#void#startSourceMapping#?,Node#100	-0.00718562874251497	0.0	-0.003592814371257485		_
com.google.javascript.jscomp.CodeGenerator#void#add#?,Node,Context#282	-0.00718562874251497	0.0	-0.003592814371257485		_
com.google.javascript.jscomp.CodeGenerator#void#add#?,Node,Context#283	-0.00718562874251497	0.0	-0.003592814371257485		_
com.google.javascript.jscomp.CodePrinter#String#toSource#?,Node,Format,boolean,boolean,int,SourceMap,SourceMap.DetailLevel,Charset,boolean#716	-0.00718562874251497	0.0	-0.003592814371257485		_
com.google.javascript.jscomp.ControlFlowAnalysis#void#process#?,Node,Node#184	-0.00718562874251497	0.0	-0.003592814371257485		_
com.google.javascript.jscomp.CodePrinter$MappedCodePrinter#void#endSourceMapping#?,Node#115	-0.00718562874251497	0.0	-0.003592814371257485		_
com.google.javascript.jscomp.CodePrinter$MappedCodePrinter#void#endSourceMapping#?,Node#116	-0.00718562874251497	0.0	-0.003592814371257485		_
com.google.javascript.jscomp.CodePrinter$MappedCodePrinter#void#endSourceMapping#?,Node#118	-0.00718562874251497	0.0	-0.003592814371257485		_
com.google.javascript.jscomp.CodePrinter$MappedCodePrinter#void#endSourceMapping#?,Node#117	-0.00718562874251497	0.0	-0.003592814371257485		_
com.google.javascript.jscomp.CodePrinter$MappedCodePrinter#void#endSourceMapping#?,Node#119	-0.00718562874251497	0.0	-0.003592814371257485		_
com.google.javascript.jscomp.ProcessClosurePrimitives#void#registerAnyProvidedPrefixes#?,String,Node,JSModule#782	-0.007318695941450432	0.0	-0.003659347970725216		_
com.google.javascript.jscomp.ProcessClosurePrimitives#void#registerAnyProvidedPrefixes#?,String,Node,JSModule#783	-0.007318695941450432	0.0	-0.003659347970725216		_
com.google.javascript.jscomp.ProcessClosurePrimitives#void#registerAnyProvidedPrefixes#?,String,Node,JSModule#784	-0.007318695941450432	0.0	-0.003659347970725216		_
com.google.javascript.jscomp.ProcessClosurePrimitives#void#registerAnyProvidedPrefixes#?,String,Node,JSModule#785	-0.007318695941450432	0.0	-0.003659347970725216		_
com.google.javascript.jscomp.parsing.IRFactory$TransformDispatcher#Node#processObjectLiteral#?,ObjectLiteral#829	-0.007318695941450432	0.0	-0.003659347970725216		_
com.google.javascript.jscomp.parsing.IRFactory$TransformDispatcher#Node#processObjectLiteral#?,ObjectLiteral#828	-0.007318695941450432	0.0	-0.003659347970725216		_
com.google.javascript.jscomp.parsing.IRFactory$TransformDispatcher#Node#processObjectLiteral#?,ObjectLiteral#827	-0.007318695941450432	0.0	-0.003659347970725216		_
com.google.javascript.jscomp.DiagnosticGroup#?#DiagnosticGroup#?,DiagnosticType#62	-0.007318695941450432	0.0	-0.003659347970725216		_
com.google.javascript.jscomp.DiagnosticGroup#?#DiagnosticGroup#?,DiagnosticType#61	-0.007318695941450432	0.0	-0.003659347970725216		_
com.google.javascript.jscomp.DiagnosticGroup#DiagnosticGroup#forType#?,DiagnosticType#72	-0.007318695941450432	0.0	-0.003659347970725216		_
com.google.javascript.jscomp.parsing.IRFactory#int#transformTokenType#?,int#1193	-0.007451763140385895	0.0	-0.0037258815701929474		_
com.google.javascript.jscomp.NodeUtil#Node#getConditionExpression#?,Node#1682	-0.007451763140385895	0.0	-0.0037258815701929474		_
com.google.javascript.jscomp.MinimizeExitPoints#void#visit#?,NodeTraversal,Node,Node#80	-0.007451763140385895	0.0	-0.0037258815701929474		_
com.google.javascript.jscomp.MinimizeExitPoints#void#visit#?,NodeTraversal,Node,Node#82	-0.007451763140385895	0.0	-0.0037258815701929474		_
com.google.javascript.jscomp.CodeGenerator#void#add#?,Node,Context#677	-0.007584830339321357	0.0	-0.0037924151696606787		_
com.google.javascript.jscomp.CodeGenerator#void#add#?,Node,Context#676	-0.007584830339321357	0.0	-0.0037924151696606787		_
com.google.javascript.jscomp.AstValidator#void#validateExpression#?,Node#257	-0.00771789753825682	0.0	-0.00385894876912841		_
com.google.javascript.jscomp.AstValidator#void#validateExpression#?,Node#256	-0.00771789753825682	0.0	-0.00385894876912841		_
com.google.javascript.jscomp.PeepholeRemoveDeadCode#Node#trySimplifyUnusedResult#?,Node,boolean#263	-0.00771789753825682	0.0	-0.00385894876912841		_
com.google.javascript.jscomp.PeepholeRemoveDeadCode#Node#trySimplifyUnusedResult#?,Node,boolean#262	-0.00771789753825682	0.0	-0.00385894876912841		_
com.google.javascript.jscomp.CodeGenerator#void#add#?,Node,Context#438	-0.00771789753825682	0.0	-0.00385894876912841		_
com.google.javascript.jscomp.CodeGenerator#void#add#?,Node,Context#434	-0.00771789753825682	0.0	-0.00385894876912841		_
com.google.javascript.jscomp.CodeGenerator#void#add#?,Node,Context#435	-0.00771789753825682	0.0	-0.00385894876912841		_
com.google.javascript.jscomp.CodeGenerator#void#add#?,Node,Context#436	-0.00771789753825682	0.0	-0.00385894876912841		_
com.google.javascript.jscomp.CodeGenerator#void#add#?,Node,Context#433	-0.00771789753825682	0.0	-0.00385894876912841		_
com.google.javascript.jscomp.CodeGenerator#void#add#?,Node,Context#432	-0.00771789753825682	0.0	-0.00385894876912841		_
com.google.javascript.jscomp.NodeUtil#String#opToStr#?,int#2140	-0.00771789753825682	0.0	-0.00385894876912841		_
com.google.javascript.jscomp.parsing.JsDocInfoParser#Node#parseTypeExpression#?,JsDocToken#1696	-0.007850964737192281	0.0	-0.003925482368596141		_
com.google.javascript.jscomp.parsing.JsDocInfoParser#Node#parseTypeExpression#?,JsDocToken#1697	-0.007850964737192281	0.0	-0.003925482368596141		_
com.google.javascript.jscomp.CodeGenerator#void#add#?,Node,Context#285	-0.007850964737192281	0.0	-0.003925482368596141		_
com.google.javascript.jscomp.CodeGenerator#void#add#?,Node,Context#279	-0.007850964737192281	0.0	-0.003925482368596141		_
com.google.javascript.jscomp.CodeGenerator#void#add#?,Node,Context#276	-0.007850964737192281	0.0	-0.003925482368596141		_
com.google.javascript.jscomp.CodeGenerator#void#add#?,Node,Context#271	-0.007850964737192281	0.0	-0.003925482368596141		_
com.google.javascript.jscomp.ControlFlowAnalysis#Node#computeFollowNode#?,Node,Node,ControlFlowAnalysis#740	-0.007850964737192281	0.0	-0.003925482368596141		_
com.google.javascript.jscomp.NodeUtil#int#precedence#?,int#1187	-0.007984031936127744	0.0	-0.003992015968063872		_
com.google.javascript.jscomp.CodeGenerator#void#add#?,Node,Context#593	-0.007984031936127744	0.0	-0.003992015968063872		_
com.google.javascript.jscomp.CodeGenerator#void#add#?,Node,Context#591	-0.007984031936127744	0.0	-0.003992015968063872		_
com.google.javascript.jscomp.CodeGenerator#void#add#?,Node,Context#592	-0.007984031936127744	0.0	-0.003992015968063872		_
com.google.javascript.jscomp.RemoveUnusedVars#void#removeUnreferencedVars#?#818	-0.007984031936127744	0.0	-0.003992015968063872		_
com.google.javascript.jscomp.CodeGenerator#void#add#?,Node,Context#601	-0.007984031936127744	0.0	-0.003992015968063872		_
com.google.javascript.jscomp.CodeGenerator#void#add#?,Node,Context#600	-0.007984031936127744	0.0	-0.003992015968063872		_
com.google.javascript.jscomp.NodeUtil#boolean#checkForStateChangeHelper#?,Node,boolean,AbstractCompiler#907	-0.007984031936127744	0.0	-0.003992015968063872		_
com.google.javascript.jscomp.NodeUtil#boolean#checkForStateChangeHelper#?,Node,boolean,AbstractCompiler#906	-0.007984031936127744	0.0	-0.003992015968063872		_
com.google.javascript.jscomp.OptimizeArgumentsArray#void#enterScope#?,NodeTraversal#106	-0.008117099135063206	0.0	-0.004058549567531603		_
com.google.javascript.jscomp.OptimizeArgumentsArray#void#enterScope#?,NodeTraversal#109	-0.008117099135063206	0.0	-0.004058549567531603		_
com.google.javascript.jscomp.AstValidator#void#validateObjectLiteralKeyName#?,Node#734	-0.008117099135063206	0.0	-0.004058549567531603		_
com.google.javascript.jscomp.AstValidator#void#validateStatement#?,Node#139	-0.008117099135063206	0.0	-0.004058549567531603		_
com.google.javascript.jscomp.AstValidator#void#validateStatement#?,Node#138	-0.008117099135063206	0.0	-0.004058549567531603		_
com.google.javascript.jscomp.RenameVars#void#process#?,Node,Node#362	-0.008117099135063206	0.0	-0.004058549567531603		_
com.google.javascript.jscomp.RenameVars#void#process#?,Node,Node#361	-0.008117099135063206	0.0	-0.004058549567531603		_
com.google.javascript.jscomp.InlineFunctions#void#process#?,Node,Node#124	-0.008117099135063206	0.0	-0.004058549567531603		_
com.google.javascript.jscomp.OptimizeArgumentsArray#void#exitScope#?,NodeTraversal#134	-0.008117099135063206	0.0	-0.004058549567531603		_
com.google.javascript.jscomp.OptimizeArgumentsArray#void#exitScope#?,NodeTraversal#137	-0.008117099135063206	0.0	-0.004058549567531603		_
com.google.javascript.jscomp.OptimizeArgumentsArray#void#exitScope#?,NodeTraversal#125	-0.008117099135063206	0.0	-0.004058549567531603		_
com.google.javascript.jscomp.OptimizeArgumentsArray#void#visit#?,NodeTraversal,Node,Node#165	-0.008117099135063206	0.0	-0.004058549567531603		_
com.google.javascript.jscomp.RemoveUnusedVars#void#traverseNode#?,Node,Node,Scope#262	-0.008117099135063206	0.0	-0.004058549567531603		_
com.google.javascript.jscomp.RemoveUnusedVars#void#traverseNode#?,Node,Node,Scope#261	-0.008117099135063206	0.0	-0.004058549567531603		_
com.google.javascript.jscomp.ControlFlowAnalysis#Node#computeFollowNode#?,Node,Node,ControlFlowAnalysis#747	-0.008117099135063206	0.0	-0.004058549567531603		_
com.google.javascript.jscomp.VarCheck#void#visit#?,NodeTraversal,Node,Node#161	-0.008117099135063206	0.0	-0.004058549567531603		_
com.google.javascript.jscomp.VarCheck#void#visit#?,NodeTraversal,Node,Node#162	-0.008117099135063206	0.0	-0.004058549567531603		_
com.google.javascript.jscomp.VarCheck#void#visit#?,NodeTraversal,Node,Node#166	-0.008117099135063206	0.0	-0.004058549567531603		_
com.google.javascript.jscomp.MaybeReachingVariableUse#void#computeMayUse#?,Node,Node,ReachingUses,boolean#207	-0.008250166333998669	0.0	-0.004125083166999334		_
com.google.javascript.jscomp.MaybeReachingVariableUse#void#computeMayUse#?,Node,Node,ReachingUses,boolean#206	-0.008250166333998669	0.0	-0.004125083166999334		_
com.google.javascript.jscomp.MaybeReachingVariableUse#void#computeMayUse#?,Node,Node,ReachingUses,boolean#208	-0.008250166333998669	0.0	-0.004125083166999334		_
com.google.javascript.jscomp.ControlFlowAnalysis#Node#computeFallThrough#?,Node#801	-0.008250166333998669	0.0	-0.004125083166999334		_
com.google.javascript.jscomp.PeepholeRemoveDeadCode#Node#trySimplifyUnusedResult#?,Node,boolean#254	-0.008250166333998669	0.0	-0.004125083166999334		_
com.google.javascript.jscomp.PeepholeRemoveDeadCode#Node#trySimplifyUnusedResult#?,Node,boolean#238	-0.008250166333998669	0.0	-0.004125083166999334		_
com.google.javascript.jscomp.PeepholeRemoveDeadCode#Node#trySimplifyUnusedResult#?,Node,boolean#260	-0.008250166333998669	0.0	-0.004125083166999334		_
com.google.javascript.jscomp.PeepholeRemoveDeadCode#Node#trySimplifyUnusedResult#?,Node,boolean#261	-0.008250166333998669	0.0	-0.004125083166999334		_
com.google.javascript.jscomp.PeepholeRemoveDeadCode#Node#trySimplifyUnusedResult#?,Node,boolean#275	-0.008250166333998669	0.0	-0.004125083166999334		_
com.google.javascript.jscomp.ControlFlowAnalysis#boolean#shouldTraverse#?,NodeTraversal,Node,Node#254	-0.008250166333998669	0.0	-0.004125083166999334		_
com.google.javascript.jscomp.ControlFlowAnalysis#void#visit#?,NodeTraversal,Node,Node#307	-0.008250166333998669	0.0	-0.004125083166999334		_
com.google.javascript.jscomp.ControlFlowAnalysis#void#visit#?,NodeTraversal,Node,Node#308	-0.008250166333998669	0.0	-0.004125083166999334		_
com.google.javascript.jscomp.VarCheck#void#visit#?,NodeTraversal,Node,Node#149	-0.008250166333998669	0.0	-0.004125083166999334		_
com.google.javascript.jscomp.VarCheck#void#visit#?,NodeTraversal,Node,Node#158	-0.008250166333998669	0.0	-0.004125083166999334		_
com.google.javascript.jscomp.VarCheck#void#visit#?,NodeTraversal,Node,Node#155	-0.008250166333998669	0.0	-0.004125083166999334		_
com.google.javascript.jscomp.VarCheck#void#visit#?,NodeTraversal,Node,Node#154	-0.008250166333998669	0.0	-0.004125083166999334		_
com.google.javascript.jscomp.NodeUtil#boolean#nodeTypeMayHaveSideEffects#?,Node,AbstractCompiler#1088	-0.008250166333998669	0.0	-0.004125083166999334		_
com.google.javascript.jscomp.MustBeReachingVariableDef#void#computeMustDef#?,Node,Node,MustDef,boolean#284	-0.008250166333998669	0.0	-0.004125083166999334		_
com.google.javascript.jscomp.MustBeReachingVariableDef#void#computeMustDef#?,Node,Node,MustDef,boolean#286	-0.008250166333998669	0.0	-0.004125083166999334		_
com.google.javascript.jscomp.MustBeReachingVariableDef#void#computeMustDef#?,Node,Node,MustDef,boolean#283	-0.008250166333998669	0.0	-0.004125083166999334		_
com.google.javascript.jscomp.MustBeReachingVariableDef#void#computeMustDef#?,Node,Node,MustDef,boolean#282	-0.008250166333998669	0.0	-0.004125083166999334		_
com.google.javascript.jscomp.FlowSensitiveInlineVariables#void#enterScope#?,NodeTraversal#146	-0.008250166333998669	0.0	-0.004125083166999334		_
com.google.javascript.jscomp.FlowSensitiveInlineVariables#void#enterScope#?,NodeTraversal#145	-0.008250166333998669	0.0	-0.004125083166999334		_
com.google.javascript.jscomp.CodeGenerator#void#add#?,Node,Context#133	-0.008383233532934131	0.0	-0.004191616766467066		_
com.google.javascript.jscomp.CodeGenerator#void#add#?,Node,Context#135	-0.008383233532934131	0.0	-0.004191616766467066		_
com.google.javascript.jscomp.CodeGenerator#void#add#?,Node,Context#136	-0.008383233532934131	0.0	-0.004191616766467066		_
com.google.javascript.jscomp.CodeGenerator#void#add#?,Node,Context#131	-0.008383233532934131	0.0	-0.004191616766467066		_
com.google.javascript.jscomp.CodeGenerator#void#add#?,Node,Context#140	-0.008383233532934131	0.0	-0.004191616766467066		_
com.google.javascript.jscomp.CodeGenerator#void#add#?,Node,Context#141	-0.008383233532934131	0.0	-0.004191616766467066		_
com.google.javascript.jscomp.CodeGenerator#void#add#?,Node,Context#145	-0.008383233532934131	0.0	-0.004191616766467066		_
com.google.javascript.jscomp.CodeGenerator#void#add#?,Node,Context#149	-0.008383233532934131	0.0	-0.004191616766467066		_
com.google.javascript.jscomp.parsing.TypeSafeDispatcher#T#process#?,AstNode#189	-0.008383233532934131	0.0	-0.004191616766467066		_
com.google.javascript.jscomp.PeepholeReplaceKnownMethods#Node#optimizeSubtree#?,Node#49	-0.008383233532934131	0.0	-0.004191616766467066		_
com.google.javascript.jscomp.deps.JsFileLineParser#void#doParse#?,String,Reader#163	-0.008516300731869594	0.0	-0.004258150365934797		_
com.google.javascript.jscomp.CoalesceVariableNames#void#enterScope#?,NodeTraversal#131	-0.008516300731869594	0.0	-0.004258150365934797		_
com.google.javascript.jscomp.CoalesceVariableNames#void#enterScope#?,NodeTraversal#136	-0.008516300731869594	0.0	-0.004258150365934797		_
com.google.javascript.jscomp.CoalesceVariableNames#void#enterScope#?,NodeTraversal#135	-0.008516300731869594	0.0	-0.004258150365934797		_
com.google.javascript.jscomp.CoalesceVariableNames#void#enterScope#?,NodeTraversal#122	-0.008516300731869594	0.0	-0.004258150365934797		_
com.google.javascript.jscomp.CoalesceVariableNames#void#enterScope#?,NodeTraversal#125	-0.008516300731869594	0.0	-0.004258150365934797		_
com.google.javascript.jscomp.CoalesceVariableNames#void#enterScope#?,NodeTraversal#127	-0.008516300731869594	0.0	-0.004258150365934797		_
com.google.javascript.jscomp.CoalesceVariableNames#void#enterScope#?,NodeTraversal#116	-0.008516300731869594	0.0	-0.004258150365934797		_
com.google.javascript.jscomp.CoalesceVariableNames#void#enterScope#?,NodeTraversal#115	-0.008516300731869594	0.0	-0.004258150365934797		_
com.google.javascript.jscomp.CoalesceVariableNames#boolean#shouldOptimizeScope#?,Scope#105	-0.008516300731869594	0.0	-0.004258150365934797		_
com.google.javascript.jscomp.CoalesceVariableNames#void#exitScope#?,NodeTraversal#144	-0.008516300731869594	0.0	-0.004258150365934797		_
com.google.javascript.jscomp.CodeGenerator#void#add#?,Node,Context#627	-0.008516300731869594	0.0	-0.004258150365934797		_
com.google.javascript.jscomp.CodeGenerator#void#add#?,Node,Context#625	-0.008516300731869594	0.0	-0.004258150365934797		_
com.google.javascript.jscomp.CodeGenerator#void#add#?,Node,Context#626	-0.008516300731869594	0.0	-0.004258150365934797		_
com.google.javascript.jscomp.MustBeReachingVariableDef#void#computeMustDef#?,Node,Node,MustDef,boolean#273	-0.008516300731869594	0.0	-0.004258150365934797		_
com.google.javascript.jscomp.MustBeReachingVariableDef#void#computeMustDef#?,Node,Node,MustDef,boolean#272	-0.008516300731869594	0.0	-0.004258150365934797		_
com.google.javascript.jscomp.parsing.TypeSafeDispatcher#T#process#?,AstNode#264	-0.008649367930805056	0.0	-0.004324683965402528		_
com.google.javascript.jscomp.RenameVars#void#assignNames#?,Set<Assignment>#471	-0.008649367930805056	0.0	-0.004324683965402528		_
com.google.javascript.jscomp.RenameVars#void#assignNames#?,Set<Assignment>#472	-0.008649367930805056	0.0	-0.004324683965402528		_
com.google.javascript.jscomp.RenameVars#void#assignNames#?,Set<Assignment>#473	-0.008649367930805056	0.0	-0.004324683965402528		_
com.google.javascript.jscomp.RenameVars#void#assignNames#?,Set<Assignment>#493	-0.008649367930805056	0.0	-0.004324683965402528		_
com.google.javascript.jscomp.RenameVars#void#assignNames#?,Set<Assignment>#494	-0.008649367930805056	0.0	-0.004324683965402528		_
com.google.javascript.jscomp.RenameVars#void#assignNames#?,Set<Assignment>#499	-0.008649367930805056	0.0	-0.004324683965402528		_
com.google.javascript.jscomp.CoalesceVariableNames#boolean#shouldOptimizeScope#?,Scope#100	-0.008649367930805056	0.0	-0.004324683965402528		_
com.google.javascript.jscomp.RenameVars#void#assignNames#?,Set<Assignment>#508	-0.008649367930805056	0.0	-0.004324683965402528		_
com.google.javascript.jscomp.RenameVars#void#assignNames#?,Set<Assignment>#507	-0.008649367930805056	0.0	-0.004324683965402528		_
com.google.javascript.jscomp.RenameVars#void#assignNames#?,Set<Assignment>#506	-0.008649367930805056	0.0	-0.004324683965402528		_
com.google.javascript.jscomp.RenameVars#void#assignNames#?,Set<Assignment>#500	-0.008649367930805056	0.0	-0.004324683965402528		_
com.google.javascript.jscomp.RenameVars#void#assignNames#?,Set<Assignment>#502	-0.008649367930805056	0.0	-0.004324683965402528		_
com.google.javascript.jscomp.parsing.IRFactory#int#transformTokenType#?,int#1258	-0.008782435129740519	0.0	-0.004391217564870259		_
com.google.javascript.jscomp.RenameVars#void#process#?,Node,Node#357	-0.008782435129740519	0.0	-0.004391217564870259		_
com.google.javascript.jscomp.RenameVars#void#process#?,Node,Node#358	-0.008782435129740519	0.0	-0.004391217564870259		_
com.google.javascript.jscomp.RenameVars#void#process#?,Node,Node#360	-0.008782435129740519	0.0	-0.004391217564870259		_
com.google.javascript.jscomp.Normalize$NormalizeStatements#void#extractForInitializer#?,Node,Node,Node#586	-0.008782435129740519	0.0	-0.004391217564870259		_
com.google.javascript.jscomp.RenameVars$ProcessVars#void#visit#?,NodeTraversal,Node,Node#279	-0.008782435129740519	0.0	-0.004391217564870259		_
com.google.javascript.jscomp.RenameVars$ProcessVars#void#visit#?,NodeTraversal,Node,Node#280	-0.008782435129740519	0.0	-0.004391217564870259		_
com.google.javascript.jscomp.ControlFlowAnalysis#Node#computeFallThrough#?,Node#806	-0.008782435129740519	0.0	-0.004391217564870259		_
com.google.javascript.jscomp.CodeGenerator#void#add#?,Node,Context#412	-0.008782435129740519	0.0	-0.004391217564870259		_
com.google.javascript.jscomp.CodeGenerator#void#add#?,Node,Context#413	-0.008782435129740519	0.0	-0.004391217564870259		_
com.google.javascript.jscomp.CodeGenerator#void#add#?,Node,Context#414	-0.008782435129740519	0.0	-0.004391217564870259		_
com.google.javascript.jscomp.CodeGenerator#void#add#?,Node,Context#415	-0.008782435129740519	0.0	-0.004391217564870259		_
com.google.javascript.jscomp.CodeGenerator#void#add#?,Node,Context#416	-0.008782435129740519	0.0	-0.004391217564870259		_
com.google.javascript.jscomp.CodeGenerator#void#add#?,Node,Context#411	-0.008782435129740519	0.0	-0.004391217564870259		_
com.google.javascript.jscomp.CodeGenerator#void#add#?,Node,Context#410	-0.008782435129740519	0.0	-0.004391217564870259		_
com.google.javascript.jscomp.ControlFlowAnalysis#void#visit#?,NodeTraversal,Node,Node#350	-0.008782435129740519	0.0	-0.004391217564870259		_
com.google.javascript.jscomp.parsing.JsDocInfoParser#boolean#parse#?#207	-0.008915502328675981	0.0	-0.0044577511643379905		_
com.google.javascript.jscomp.CodeGenerator#void#add#?,Node,Context#175	-0.008915502328675981	0.0	-0.0044577511643379905		_
com.google.javascript.jscomp.RemoveUnusedVars#void#traverseNode#?,Node,Node,Scope#200	-0.008915502328675981	0.0	-0.0044577511643379905		_
com.google.javascript.jscomp.DefaultPassConfig#List<PassFactory>#getChecks#?#290	-0.008915502328675981	0.0	-0.0044577511643379905		_
com.google.javascript.jscomp.DefaultPassConfig#List<PassFactory>#getChecks#?#294	-0.008915502328675981	0.0	-0.0044577511643379905		_
com.google.javascript.jscomp.NodeUtil#boolean#tryMergeBlock#?,Node#1830	-0.009048569527611443	0.0	-0.004524284763805722		_
com.google.javascript.jscomp.NodeUtil#boolean#tryMergeBlock#?,Node#1829	-0.009048569527611443	0.0	-0.004524284763805722		_
com.google.javascript.jscomp.NodeUtil#boolean#tryMergeBlock#?,Node#1828	-0.009048569527611443	0.0	-0.004524284763805722		_
com.google.javascript.jscomp.NodeUtil#boolean#tryMergeBlock#?,Node#1827	-0.009048569527611443	0.0	-0.004524284763805722		_
com.google.javascript.jscomp.DefaultPassConfig#List<PassFactory>#getChecks#?#263	-0.009048569527611443	0.0	-0.004524284763805722		_
com.google.javascript.jscomp.NodeUtil#boolean#evaluatesToLocalValue#?,Node,Predicate<Node>#2929	-0.009181636726546906	0.0	-0.004590818363273453		_
com.google.javascript.jscomp.NodeUtil#String#opToStr#?,int#2134	-0.009181636726546906	0.0	-0.004590818363273453		_
com.google.javascript.jscomp.RemoveUnusedVars#boolean#markReferencedVar#?,Var#773	-0.009181636726546906	0.0	-0.004590818363273453		_
com.google.javascript.jscomp.RemoveUnusedVars#boolean#markReferencedVar#?,Var#772	-0.009181636726546906	0.0	-0.004590818363273453		_
com.google.javascript.jscomp.SyntacticScopeCreator#void#scanRoot#?,Node,Scope#101	-0.009314703925482368	0.0	-0.004657351962741184		_
com.google.javascript.jscomp.RemoveUnusedVars#void#traverseNode#?,Node,Node,Scope#206	-0.009314703925482368	0.0	-0.004657351962741184		_
com.google.javascript.jscomp.NodeUtil#boolean#tryMergeBlock#?,Node#1833	-0.009314703925482368	0.0	-0.004657351962741184		_
com.google.javascript.jscomp.NodeUtil#boolean#tryMergeBlock#?,Node#1832	-0.009314703925482368	0.0	-0.004657351962741184		_
com.google.javascript.jscomp.NodeUtil#boolean#tryMergeBlock#?,Node#1826	-0.009314703925482368	0.0	-0.004657351962741184		_
com.google.javascript.jscomp.CodeGenerator#void#add#?,Node,Context#222	-0.009580838323353293	0.0	-0.004790419161676647		_
com.google.javascript.jscomp.CodeGenerator#void#add#?,Node,Context#223	-0.009580838323353293	0.0	-0.004790419161676647		_
com.google.javascript.jscomp.CodeGenerator#void#add#?,Node,Context#224	-0.009580838323353293	0.0	-0.004790419161676647		_
com.google.javascript.jscomp.parsing.IRFactory#int#transformTokenType#?,int#1231	-0.009713905522288756	0.0	-0.004856952761144378		_
com.google.javascript.jscomp.MustBeReachingVariableDef#void#computeMustDef#?,Node,Node,MustDef,boolean#281	-0.009713905522288756	0.0	-0.004856952761144378		_
com.google.javascript.jscomp.ProcessClosurePrimitives$ProvidedName#void#replace#?#948	-0.009846972721224218	0.0	-0.004923486360612109		_
com.google.javascript.jscomp.ProcessClosurePrimitives$ProvidedName#void#replace#?#951	-0.009846972721224218	0.0	-0.004923486360612109		_
com.google.javascript.jscomp.ProcessClosurePrimitives$ProvidedName#void#replace#?#927	-0.009846972721224218	0.0	-0.004923486360612109		_
com.google.javascript.jscomp.ProcessClosurePrimitives$ProvidedName#void#replace#?#928	-0.009846972721224218	0.0	-0.004923486360612109		_
com.google.javascript.jscomp.ProcessClosurePrimitives$ProvidedName#void#replace#?#929	-0.009846972721224218	0.0	-0.004923486360612109		_
com.google.javascript.jscomp.deps.JsFileLineParser#void#doParse#?,String,Reader#157	-0.009846972721224218	0.0	-0.004923486360612109		_
com.google.javascript.jscomp.deps.JsFileLineParser#void#doParse#?,String,Reader#155	-0.009846972721224218	0.0	-0.004923486360612109		_
com.google.javascript.jscomp.NodeUtil#JSDocInfo#getBestJSDocInfo#?,Node#3027	-0.009846972721224218	0.0	-0.004923486360612109		_
com.google.javascript.jscomp.AstValidator#void#validateStatement#?,Node#135	-0.00998003992015968	0.0	-0.00499001996007984		_
com.google.javascript.jscomp.AstValidator#void#validateStatement#?,Node#136	-0.00998003992015968	0.0	-0.00499001996007984		_
com.google.javascript.jscomp.Normalize$PropagateConstantAnnotationsOverVars#void#visit#?,NodeTraversal,Node,Node#256	-0.00998003992015968	0.0	-0.00499001996007984		_
com.google.javascript.jscomp.Normalize$PropagateConstantAnnotationsOverVars#void#visit#?,NodeTraversal,Node,Node#263	-0.00998003992015968	0.0	-0.00499001996007984		_
com.google.javascript.jscomp.MakeDeclaredNamesUnique$ContextualRenameInverter#void#visit#?,NodeTraversal,Node,Node#398	-0.00998003992015968	0.0	-0.00499001996007984		_
com.google.javascript.jscomp.RenameVars#void#assignNames#?,Set<Assignment>#466	-0.00998003992015968	0.0	-0.00499001996007984		_
com.google.javascript.jscomp.RenameVars#void#assignNames#?,Set<Assignment>#467	-0.00998003992015968	0.0	-0.00499001996007984		_
com.google.javascript.jscomp.MakeDeclaredNamesUnique$ContextualRenameInverter#void#visit#?,NodeTraversal,Node,Node#403	-0.00998003992015968	0.0	-0.00499001996007984		_
com.google.javascript.jscomp.MakeDeclaredNamesUnique$ContextualRenameInverter#void#visit#?,NodeTraversal,Node,Node#401	-0.00998003992015968	0.0	-0.00499001996007984		_
com.google.javascript.jscomp.NodeUtil#boolean#functionCallHasSideEffects#?,Node,AbstractCompiler#997	-0.010113107119095143	0.0	-0.0050565535595475716		_
com.google.javascript.jscomp.RenameVars#void#process#?,Node,Node#374	-0.010113107119095143	0.0	-0.0050565535595475716		_
com.google.javascript.jscomp.RenameVars#void#process#?,Node,Node#372	-0.010113107119095143	0.0	-0.0050565535595475716		_
com.google.javascript.jscomp.RenameVars#void#process#?,Node,Node#371	-0.010113107119095143	0.0	-0.0050565535595475716		_
com.google.javascript.jscomp.RenameVars#void#process#?,Node,Node#370	-0.010113107119095143	0.0	-0.0050565535595475716		_
com.google.javascript.jscomp.RenameVars#void#process#?,Node,Node#369	-0.010113107119095143	0.0	-0.0050565535595475716		_
com.google.javascript.jscomp.RenameVars#void#process#?,Node,Node#368	-0.010113107119095143	0.0	-0.0050565535595475716		_
com.google.javascript.jscomp.RenameVars$ProcessVars#void#visit#?,NodeTraversal,Node,Node#273	-0.010113107119095143	0.0	-0.0050565535595475716		_
com.google.javascript.jscomp.RenameVars$ProcessVars#void#visit#?,NodeTraversal,Node,Node#275	-0.010113107119095143	0.0	-0.0050565535595475716		_
com.google.javascript.jscomp.RenameVars$ProcessVars#void#visit#?,NodeTraversal,Node,Node#274	-0.010113107119095143	0.0	-0.0050565535595475716		_
com.google.javascript.jscomp.RenameVars$ProcessVars#void#visit#?,NodeTraversal,Node,Node#276	-0.010113107119095143	0.0	-0.0050565535595475716		_
com.google.javascript.jscomp.PeepholeOptimizationsPass#void#visit#?,Node#187	-0.010113107119095143	0.0	-0.0050565535595475716		_
com.google.javascript.jscomp.AstValidator#void#validateStatement#?,Node#111	-0.010246174318030606	0.0	-0.005123087159015303		_
com.google.javascript.jscomp.AstValidator#void#validateStatement#?,Node#112	-0.010246174318030606	0.0	-0.005123087159015303		_
com.google.javascript.jscomp.parsing.TypeSafeDispatcher#T#process#?,AstNode#254	-0.010246174318030606	0.0	-0.005123087159015303		_
com.google.javascript.jscomp.CombinedCompilerPass$CallbackWrapper#void#visitOrMaybeActivate#?,NodeTraversal,Node,Node#124	-0.010246174318030606	0.0	-0.005123087159015303		_
com.google.javascript.jscomp.CombinedCompilerPass$CallbackWrapper#void#visitOrMaybeActivate#?,NodeTraversal,Node,Node#125	-0.010246174318030606	0.0	-0.005123087159015303		_
com.google.javascript.jscomp.CombinedCompilerPass$CallbackWrapper#void#shouldTraverseIfActive#?,NodeTraversal,Node,Node#131	-0.010246174318030606	0.0	-0.005123087159015303		_
com.google.javascript.jscomp.NodeUtil#TernaryValue#getPureBooleanValue#?,Node#130	-0.010246174318030606	0.0	-0.005123087159015303		_
com.google.javascript.jscomp.ControlFlowGraph#boolean#isEnteringNewCfgNode#?,Node#166	-0.010246174318030606	0.0	-0.005123087159015303		_
com.google.javascript.jscomp.parsing.IRFactory#int#transformTokenType#?,int#1199	-0.010379241516966068	0.0	-0.005189620758483034		_
com.google.javascript.jscomp.ControlFlowAnalysis#void#handleIf#?,Node#366	-0.010379241516966068	0.0	-0.005189620758483034		_
com.google.javascript.jscomp.RenameVars$ProcessVars#void#visit#?,NodeTraversal,Node,Node#277	-0.010379241516966068	0.0	-0.005189620758483034		_
com.google.javascript.jscomp.RenameVars#?#RenameVars#?,AbstractCompiler,String,boolean,boolean,boolean,boolean,VariableMap,char[],Set<String>#156	-0.010379241516966068	0.0	-0.005189620758483034		_
com.google.javascript.rhino.jstype.PrototypeObjectType#boolean#defineProperty#?,String,JSType,boolean,Node#237	-0.010379241516966068	0.0	-0.005189620758483034		_
com.google.javascript.jscomp.RemoveUnusedVars#void#removeUnreferencedVars#?#788	-0.010379241516966068	0.0	-0.005189620758483034		_
com.google.javascript.jscomp.RemoveUnusedVars#void#removeUnreferencedVars#?#787	-0.010379241516966068	0.0	-0.005189620758483034		_
com.google.javascript.jscomp.RemoveUnusedVars#void#removeUnreferencedVars#?#807	-0.010379241516966068	0.0	-0.005189620758483034		_
com.google.javascript.jscomp.RemoveUnusedVars#void#removeUnreferencedVars#?#805	-0.010379241516966068	0.0	-0.005189620758483034		_
com.google.javascript.jscomp.RemoveUnusedVars#void#removeUnreferencedVars#?#804	-0.010379241516966068	0.0	-0.005189620758483034		_
com.google.javascript.jscomp.RemoveUnusedVars#void#removeUnreferencedVars#?#814	-0.010379241516966068	0.0	-0.005189620758483034		_
com.google.javascript.jscomp.RemoveUnusedVars#void#removeUnreferencedVars#?#800	-0.010379241516966068	0.0	-0.005189620758483034		_
com.google.javascript.jscomp.RemoveUnusedVars#void#removeUnreferencedVars#?#802	-0.010379241516966068	0.0	-0.005189620758483034		_
com.google.javascript.jscomp.RemoveUnusedVars#void#removeUnreferencedVars#?#803	-0.010379241516966068	0.0	-0.005189620758483034		_
com.google.javascript.jscomp.parsing.TypeSafeDispatcher#T#process#?,AstNode#262	-0.01051230871590153	0.0	-0.005256154357950765		_
com.google.javascript.jscomp.MaybeReachingVariableUse#void#computeMayUse#?,Node,Node,ReachingUses,boolean#203	-0.01051230871590153	0.0	-0.005256154357950765		_
com.google.javascript.jscomp.MaybeReachingVariableUse#void#computeMayUse#?,Node,Node,ReachingUses,boolean#202	-0.01051230871590153	0.0	-0.005256154357950765		_
com.google.javascript.jscomp.MaybeReachingVariableUse#void#computeMayUse#?,Node,Node,ReachingUses,boolean#205	-0.01051230871590153	0.0	-0.005256154357950765		_
com.google.javascript.jscomp.MaybeReachingVariableUse#void#computeMayUse#?,Node,Node,ReachingUses,boolean#211	-0.01051230871590153	0.0	-0.005256154357950765		_
com.google.javascript.jscomp.NodeUtil#boolean#canBeSideEffected#?,Node,Set<String>#1122	-0.010645375914836993	0.0	-0.0053226879574184965		_
com.google.javascript.jscomp.NodeUtil#JSDocInfo#getBestJSDocInfo#?,Node#3018	-0.010645375914836993	0.0	-0.0053226879574184965		_
com.google.javascript.jscomp.AstValidator#void#validateStatement#?,Node#97	-0.010645375914836993	0.0	-0.0053226879574184965		_
com.google.javascript.jscomp.AstValidator#void#validateStatement#?,Node#96	-0.010645375914836993	0.0	-0.0053226879574184965		_
com.google.javascript.jscomp.GlobalNamespace$BuildGlobalNamespace#boolean#maybeHandlePrototypePrefix#?,NodeTraversal,Node,Node,String#798	-0.010778443113772455	0.0	-0.005389221556886228		_
com.google.javascript.jscomp.GlobalNamespace$BuildGlobalNamespace#boolean#maybeHandlePrototypePrefix#?,NodeTraversal,Node,Node,String#797	-0.010778443113772455	0.0	-0.005389221556886228		_
com.google.javascript.jscomp.GlobalNamespace$BuildGlobalNamespace#boolean#maybeHandlePrototypePrefix#?,NodeTraversal,Node,Node,String#799	-0.010778443113772455	0.0	-0.005389221556886228		_
com.google.javascript.jscomp.GlobalNamespace$BuildGlobalNamespace#boolean#maybeHandlePrototypePrefix#?,NodeTraversal,Node,Node,String#817	-0.010778443113772455	0.0	-0.005389221556886228		_
com.google.javascript.jscomp.GlobalNamespace$BuildGlobalNamespace#boolean#maybeHandlePrototypePrefix#?,NodeTraversal,Node,Node,String#814	-0.010778443113772455	0.0	-0.005389221556886228		_
com.google.javascript.jscomp.GlobalNamespace$BuildGlobalNamespace#boolean#maybeHandlePrototypePrefix#?,NodeTraversal,Node,Node,String#812	-0.010778443113772455	0.0	-0.005389221556886228		_
com.google.javascript.jscomp.GlobalNamespace$BuildGlobalNamespace#boolean#maybeHandlePrototypePrefix#?,NodeTraversal,Node,Node,String#813	-0.010778443113772455	0.0	-0.005389221556886228		_
com.google.javascript.jscomp.GlobalNamespace$BuildGlobalNamespace#boolean#maybeHandlePrototypePrefix#?,NodeTraversal,Node,Node,String#806	-0.010778443113772455	0.0	-0.005389221556886228		_
com.google.javascript.jscomp.GlobalNamespace$BuildGlobalNamespace#boolean#maybeHandlePrototypePrefix#?,NodeTraversal,Node,Node,String#818	-0.010778443113772455	0.0	-0.005389221556886228		_
com.google.javascript.jscomp.RemoveUnusedVars#void#traverseNode#?,Node,Node,Scope#283	-0.010911510312707918	0.0	-0.005455755156353959		_
com.google.javascript.jscomp.CodeGenerator#void#add#?,Node,Context#189	-0.010911510312707918	0.0	-0.005455755156353959		_
com.google.javascript.jscomp.CodeGenerator#void#add#?,Node,Context#188	-0.010911510312707918	0.0	-0.005455755156353959		_
com.google.javascript.jscomp.CodeGenerator#void#add#?,Node,Context#190	-0.010911510312707918	0.0	-0.005455755156353959		_
com.google.javascript.jscomp.CodeGenerator#void#add#?,Node,Context#718	-0.010911510312707918	0.0	-0.005455755156353959		_
com.google.javascript.jscomp.CodeGenerator#void#add#?,Node,Context#717	-0.010911510312707918	0.0	-0.005455755156353959		_
com.google.javascript.jscomp.CodeGenerator#void#add#?,Node,Context#722	-0.010911510312707918	0.0	-0.005455755156353959		_
com.google.javascript.jscomp.CodeGenerator#void#add#?,Node,Context#723	-0.010911510312707918	0.0	-0.005455755156353959		_
com.google.javascript.jscomp.CodeGenerator#void#add#?,Node,Context#721	-0.010911510312707918	0.0	-0.005455755156353959		_
com.google.javascript.jscomp.CodeGenerator#void#add#?,Node,Context#725	-0.010911510312707918	0.0	-0.005455755156353959		_
com.google.javascript.jscomp.NodeUtil#int#precedence#?,int#1193	-0.01104457751164338	0.0	-0.00552228875582169		_
com.google.javascript.jscomp.NodeUtil#TernaryValue#getPureBooleanValue#?,Node#155	-0.01104457751164338	0.0	-0.00552228875582169		_
com.google.javascript.jscomp.parsing.JsDocInfoParser#Node#parseTypeExpression#?,JsDocToken#1714	-0.011177644710578843	0.0	-0.005588822355289421		_
com.google.javascript.jscomp.parsing.JsDocInfoParser#Node#parseTypeExpression#?,JsDocToken#1715	-0.011177644710578843	0.0	-0.005588822355289421		_
com.google.javascript.jscomp.NodeUtil#boolean#evaluatesToLocalValue#?,Node,Predicate<Node>#2927	-0.011177644710578843	0.0	-0.005588822355289421		_
com.google.javascript.jscomp.parsing.IRFactory$TransformDispatcher#Node#transformAsString#?,AstNode#418	-0.011177644710578843	0.0	-0.005588822355289421		_
com.google.javascript.jscomp.parsing.IRFactory$TransformDispatcher#Node#transformAsString#?,AstNode#417	-0.011177644710578843	0.0	-0.005588822355289421		_
com.google.javascript.jscomp.parsing.TypeSafeDispatcher#T#process#?,AstNode#222	-0.011177644710578843	0.0	-0.005588822355289421		_
com.google.javascript.jscomp.Compiler#void#initOptions#?,CompilerOptions#273	-0.011177644710578843	0.0	-0.005588822355289421		_
com.google.javascript.jscomp.ControlFlowAnalysis#void#handleStmtList#?,Node#515	-0.011310711909514305	0.0	-0.005655355954757153		_
com.google.javascript.jscomp.RemoveUnusedVars#void#interpretAssigns#?#745	-0.011310711909514305	0.0	-0.005655355954757153		_
com.google.javascript.jscomp.RemoveUnusedVars#void#interpretAssigns#?#732	-0.011310711909514305	0.0	-0.005655355954757153		_
com.google.javascript.jscomp.RemoveUnusedVars#void#interpretAssigns#?#721	-0.011310711909514305	0.0	-0.005655355954757153		_
com.google.javascript.jscomp.RemoveUnusedVars#void#interpretAssigns#?#719	-0.011310711909514305	0.0	-0.005655355954757153		_
com.google.javascript.jscomp.RemoveUnusedVars#void#interpretAssigns#?#718	-0.011310711909514305	0.0	-0.005655355954757153		_
com.google.javascript.jscomp.RemoveUnusedVars#void#interpretAssigns#?#713	-0.011310711909514305	0.0	-0.005655355954757153		_
com.google.javascript.jscomp.RemoveUnusedVars#void#interpretAssigns#?#714	-0.011310711909514305	0.0	-0.005655355954757153		_
com.google.javascript.jscomp.RemoveUnusedVars#void#interpretAssigns#?#712	-0.011310711909514305	0.0	-0.005655355954757153		_
com.google.javascript.jscomp.MustBeReachingVariableDef#void#computeMustDef#?,Node,Node,MustDef,boolean#277	-0.011310711909514305	0.0	-0.005655355954757153		_
com.google.javascript.jscomp.MustBeReachingVariableDef#void#computeMustDef#?,Node,Node,MustDef,boolean#271	-0.011310711909514305	0.0	-0.005655355954757153		_
com.google.javascript.jscomp.MustBeReachingVariableDef#void#computeMustDef#?,Node,Node,MustDef,boolean#270	-0.011310711909514305	0.0	-0.005655355954757153		_
com.google.javascript.rhino.Token#String#name#?,int#205	-0.011443779108449768	0.0	-0.005721889554224884		_
com.google.javascript.jscomp.RemoveUnusedVars#boolean#isRemovableVar#?,Var#306	-0.011443779108449768	0.0	-0.005721889554224884		_
com.google.javascript.jscomp.CheckSideEffects$StripProtection#void#visit#?,NodeTraversal,Node,Node#223	-0.011443779108449768	0.0	-0.005721889554224884		_
com.google.javascript.jscomp.CheckSideEffects$StripProtection#void#visit#?,NodeTraversal,Node,Node#220	-0.011443779108449768	0.0	-0.005721889554224884		_
com.google.javascript.jscomp.DeadAssignmentsElimination#void#enterScope#?,NodeTraversal#89	-0.01157684630738523	0.0	-0.005788423153692615		_
com.google.javascript.jscomp.DeadAssignmentsElimination#void#enterScope#?,NodeTraversal#88	-0.01157684630738523	0.0	-0.005788423153692615		_
com.google.javascript.jscomp.DeadAssignmentsElimination#void#enterScope#?,NodeTraversal#95	-0.01157684630738523	0.0	-0.005788423153692615		_
com.google.javascript.jscomp.DeadAssignmentsElimination#void#enterScope#?,NodeTraversal#80	-0.01157684630738523	0.0	-0.005788423153692615		_
com.google.javascript.jscomp.RemoveUnusedVars#void#traverseNode#?,Node,Node,Scope#282	-0.01157684630738523	0.0	-0.005788423153692615		_
com.google.javascript.jscomp.RenameVars#void#process#?,Node,Node#378	-0.01157684630738523	0.0	-0.005788423153692615		_
com.google.javascript.jscomp.parsing.JsDocInfoParser#Node#parseTypeName#?,JsDocToken#1794	-0.011842980705256155	0.0	-0.0059214903526280775		_
com.google.javascript.jscomp.RenameVars#void#assignNames#?,Set<Assignment>#459	-0.011842980705256155	0.0	-0.0059214903526280775		_
com.google.javascript.jscomp.RenameVars#void#assignNames#?,Set<Assignment>#463	-0.011842980705256155	0.0	-0.0059214903526280775		_
com.google.javascript.jscomp.RenameVars#void#assignNames#?,Set<Assignment>#464	-0.011842980705256155	0.0	-0.0059214903526280775		_
com.google.javascript.jscomp.RenameVars#void#assignNames#?,Set<Assignment>#475	-0.011842980705256155	0.0	-0.0059214903526280775		_
com.google.javascript.jscomp.RenameVars#void#assignNames#?,Set<Assignment>#455	-0.011976047904191617	0.0	-0.005988023952095809		_
com.google.javascript.jscomp.RenameVars#void#assignNames#?,Set<Assignment>#454	-0.011976047904191617	0.0	-0.005988023952095809		_
com.google.javascript.jscomp.NodeUtil#TernaryValue#getPureBooleanValue#?,Node#152	-0.011976047904191617	0.0	-0.005988023952095809		_
com.google.javascript.jscomp.FlowSensitiveInlineVariables$GatherCandiates#void#visit#?,NodeTraversal,Node,Node#182	-0.012242182302062542	0.0	-0.006121091151031271		_
com.google.javascript.jscomp.MaybeReachingVariableUse#void#computeMayUse#?,Node,Node,ReachingUses,boolean#162	-0.012242182302062542	0.0	-0.006121091151031271		_
com.google.javascript.jscomp.MaybeReachingVariableUse#void#computeMayUse#?,Node,Node,ReachingUses,boolean#161	-0.012242182302062542	0.0	-0.006121091151031271		_
com.google.javascript.jscomp.parsing.IRFactory#int#transformTokenType#?,int#1242	-0.012375249500998005	0.0	-0.006187624750499002		_
com.google.javascript.jscomp.parsing.JsDocInfoParser#Node#parseTypeName#?,JsDocToken#1784	-0.012375249500998005	0.0	-0.006187624750499002		_
com.google.javascript.jscomp.parsing.JsDocInfoParser#Node#parseTypeName#?,JsDocToken#1783	-0.012375249500998005	0.0	-0.006187624750499002		_
com.google.javascript.jscomp.parsing.JsDocInfoParser#Node#parseTypeName#?,JsDocToken#1787	-0.012375249500998005	0.0	-0.006187624750499002		_
com.google.javascript.jscomp.parsing.JsDocInfoParser#Node#parseTypeName#?,JsDocToken#1786	-0.012375249500998005	0.0	-0.006187624750499002		_
com.google.javascript.jscomp.parsing.JsDocInfoParser#Node#parseTypeName#?,JsDocToken#1785	-0.012375249500998005	0.0	-0.006187624750499002		_
com.google.javascript.jscomp.parsing.JsDocInfoParser#Node#parseTypeName#?,JsDocToken#1789	-0.012375249500998005	0.0	-0.006187624750499002		_
com.google.javascript.jscomp.parsing.JsDocInfoParser#Node#parseTypeName#?,JsDocToken#1790	-0.012375249500998005	0.0	-0.006187624750499002		_
com.google.javascript.jscomp.parsing.TypeSafeDispatcher#T#process#?,AstNode#191	-0.012375249500998005	0.0	-0.006187624750499002		_
com.google.javascript.jscomp.RemoveUnusedVars#void#traverseAndRemoveUnusedReferences#?,Node#179	-0.012508316699933466	0.0	-0.006254158349966733		_
com.google.javascript.jscomp.RemoveUnusedVars#void#traverseAndRemoveUnusedReferences#?,Node#178	-0.012508316699933466	0.0	-0.006254158349966733		_
com.google.javascript.jscomp.parsing.JsDocTokenStream#JsDocToken#getJsDocToken#?#102	-0.012508316699933466	0.0	-0.006254158349966733		_
com.google.javascript.jscomp.RemoveUnusedVars#void#traverseNode#?,Node,Node,Scope#250	-0.012508316699933466	0.0	-0.006254158349966733		_
com.google.javascript.jscomp.BasicErrorManager#void#generateReport#?#58	-0.012641383898868928	0.0	-0.006320691949434464		_
com.google.javascript.jscomp.BasicErrorManager#void#generateReport#?#57	-0.012641383898868928	0.0	-0.006320691949434464		_
com.google.javascript.jscomp.Normalize$NormalizeStatements#void#extractForInitializer#?,Node,Node,Node#572	-0.01277445109780439	0.0	-0.006387225548902195		_
com.google.javascript.jscomp.Normalize$NormalizeStatements#void#extractForInitializer#?,Node,Node,Node#604	-0.01277445109780439	0.0	-0.006387225548902195		_
com.google.javascript.jscomp.parsing.JsDocTokenStream#JsDocToken#getJsDocToken#?#175	-0.01277445109780439	0.0	-0.006387225548902195		_
com.google.javascript.jscomp.parsing.JsDocTokenStream#JsDocToken#getJsDocToken#?#174	-0.01277445109780439	0.0	-0.006387225548902195		_
com.google.javascript.jscomp.parsing.JsDocTokenStream#JsDocToken#getJsDocToken#?#173	-0.01277445109780439	0.0	-0.006387225548902195		_
com.google.javascript.jscomp.parsing.JsDocTokenStream#JsDocToken#getJsDocToken#?#176	-0.01277445109780439	0.0	-0.006387225548902195		_
com.google.javascript.jscomp.parsing.JsDocTokenStream#JsDocToken#getJsDocToken#?#177	-0.01277445109780439	0.0	-0.006387225548902195		_
com.google.javascript.jscomp.NodeUtil#TernaryValue#getPureBooleanValue#?,Node#147	-0.01277445109780439	0.0	-0.006387225548902195		_
com.google.javascript.jscomp.NodeUtil#TernaryValue#getPureBooleanValue#?,Node#146	-0.01277445109780439	0.0	-0.006387225548902195		_
com.google.javascript.jscomp.RemoveUnusedVars#void#traverseNode#?,Node,Node,Scope#208	-0.012907518296739853	0.0	-0.0064537591483699265		_
com.google.javascript.jscomp.RemoveUnusedVars#void#traverseNode#?,Node,Node,Scope#203	-0.012907518296739853	0.0	-0.0064537591483699265		_
com.google.javascript.jscomp.RemoveUnusedVars#void#traverseNode#?,Node,Node,Scope#199	-0.012907518296739853	0.0	-0.0064537591483699265		_
com.google.javascript.jscomp.parsing.JsDocTokenStream#JsDocToken#getJsDocToken#?#141	-0.013040585495675315	0.0	-0.006520292747837658		_
com.google.javascript.jscomp.CodeGenerator#void#add#?,Node,Context#536	-0.013040585495675315	0.0	-0.006520292747837658		_
com.google.javascript.jscomp.CodeGenerator#void#add#?,Node,Context#538	-0.013040585495675315	0.0	-0.006520292747837658		_
com.google.javascript.jscomp.CodeGenerator#void#add#?,Node,Context#539	-0.013040585495675315	0.0	-0.006520292747837658		_
com.google.javascript.rhino.JSDocInfoBuilder#void#markName#?,String,StaticSourceFile,int,int#217	-0.013040585495675315	0.0	-0.006520292747837658		_
com.google.javascript.rhino.JSDocInfoBuilder#void#markName#?,String,StaticSourceFile,int,int#215	-0.013040585495675315	0.0	-0.006520292747837658		_
com.google.javascript.rhino.JSDocInfoBuilder#void#markName#?,String,StaticSourceFile,int,int#218	-0.013040585495675315	0.0	-0.006520292747837658		_
com.google.javascript.rhino.JSDocInfoBuilder#void#markName#?,String,StaticSourceFile,int,int#230	-0.013040585495675315	0.0	-0.006520292747837658		_
com.google.javascript.rhino.JSDocInfoBuilder#void#markName#?,String,StaticSourceFile,int,int#222	-0.013040585495675315	0.0	-0.006520292747837658		_
com.google.javascript.rhino.JSDocInfoBuilder#void#markName#?,String,StaticSourceFile,int,int#224	-0.013040585495675315	0.0	-0.006520292747837658		_
com.google.javascript.rhino.JSDocInfoBuilder#void#markName#?,String,StaticSourceFile,int,int#225	-0.013040585495675315	0.0	-0.006520292747837658		_
com.google.javascript.rhino.JSDocInfoBuilder#void#markName#?,String,StaticSourceFile,int,int#226	-0.013040585495675315	0.0	-0.006520292747837658		_
com.google.javascript.rhino.JSDocInfoBuilder#void#markName#?,String,StaticSourceFile,int,int#227	-0.013040585495675315	0.0	-0.006520292747837658		_
com.google.javascript.rhino.JSDocInfoBuilder#void#markName#?,String,StaticSourceFile,int,int#228	-0.013040585495675315	0.0	-0.006520292747837658		_
com.google.javascript.rhino.JSDocInfoBuilder#void#markName#?,String,StaticSourceFile,int,int#220	-0.013040585495675315	0.0	-0.006520292747837658		_
com.google.javascript.rhino.jstype.FunctionType#boolean#setPrototype#?,ObjectType,Node#394	-0.013040585495675315	0.0	-0.006520292747837658		_
com.google.javascript.rhino.jstype.FunctionType#boolean#setPrototype#?,ObjectType,Node#413	-0.013040585495675315	0.0	-0.006520292747837658		_
com.google.javascript.jscomp.parsing.TypeSafeDispatcher#T#process#?,AstNode#184	-0.013173652694610778	0.0	-0.006586826347305389		_
com.google.javascript.jscomp.CodeGenerator#void#add#?,Node,Context#400	-0.013173652694610778	0.0	-0.006586826347305389		_
com.google.javascript.jscomp.RenameVars$ProcessVars#void#visit#?,NodeTraversal,Node,Node#267	-0.01330671989354624	0.0	-0.00665335994677312		_
com.google.javascript.jscomp.RenameVars$ProcessVars#void#visit#?,NodeTraversal,Node,Node#271	-0.01330671989354624	0.0	-0.00665335994677312		_
com.google.javascript.jscomp.MaybeReachingVariableUse#void#computeMayUse#?,Node,Node,ReachingUses,boolean#233	-0.013439787092481703	0.0	-0.006719893546240851		_
com.google.javascript.jscomp.MaybeReachingVariableUse#void#computeMayUse#?,Node,Node,ReachingUses,boolean#232	-0.013439787092481703	0.0	-0.006719893546240851		_
com.google.javascript.jscomp.CodeGenerator#void#add#?,Node,Context#657	-0.013439787092481703	0.0	-0.006719893546240851		_
com.google.javascript.jscomp.MaybeReachingVariableUse#void#computeMayUse#?,Node,Node,ReachingUses,boolean#214	-0.013572854291417165	0.0	-0.006786427145708583		_
com.google.javascript.jscomp.CodeGenerator#void#add#?,Node,Context#552	-0.013572854291417165	0.0	-0.006786427145708583		_
com.google.javascript.jscomp.CodeGenerator#void#add#?,Node,Context#554	-0.013572854291417165	0.0	-0.006786427145708583		_
com.google.javascript.jscomp.CodeGenerator#void#add#?,Node,Context#553	-0.013572854291417165	0.0	-0.006786427145708583		_
com.google.javascript.jscomp.DefaultPassConfig#List<PassFactory>#getChecks#?#275	-0.013572854291417165	0.0	-0.006786427145708583		_
com.google.javascript.jscomp.parsing.IRFactory$TransformDispatcher#Node#transformAsString#?,AstNode#413	-0.013705921490352628	0.0	-0.006852960745176314		_
com.google.javascript.jscomp.NodeUtil#String#opToStr#?,int#2165	-0.013705921490352628	0.0	-0.006852960745176314		_
com.google.javascript.jscomp.RemoveUnusedVars#void#traverseNode#?,Node,Node,Scope#234	-0.013705921490352628	0.0	-0.006852960745176314		_
com.google.javascript.jscomp.RemoveUnusedVars#void#traverseNode#?,Node,Node,Scope#236	-0.013705921490352628	0.0	-0.006852960745176314		_
com.google.javascript.jscomp.ProcessDefines$CollectDefines#void#visit#?,NodeTraversal,Node,Node#366	-0.013705921490352628	0.0	-0.006852960745176314		_
com.google.javascript.jscomp.RemoveUnusedVars#void#traverseAndRemoveUnusedReferences#?,Node#173	-0.01383898868928809	0.0	-0.006919494344644045		_
com.google.javascript.jscomp.DefaultPassConfig#List<PassFactory>#getChecks#?#273	-0.01383898868928809	0.0	-0.006919494344644045		_
com.google.javascript.jscomp.DefaultPassConfig#List<PassFactory>#getChecks#?#272	-0.01383898868928809	0.0	-0.006919494344644045		_
com.google.javascript.jscomp.DefaultPassConfig#List<PassFactory>#getChecks#?#274	-0.01383898868928809	0.0	-0.006919494344644045		_
com.google.javascript.jscomp.SyntacticScopeCreator#boolean#hasDuplicateDeclarationSuppression#?,Node,Scope.Var#267	-0.013972055888223553	0.0	-0.006986027944111776		_
com.google.javascript.jscomp.SyntacticScopeCreator#boolean#hasDuplicateDeclarationSuppression#?,Node,Scope.Var#269	-0.013972055888223553	0.0	-0.006986027944111776		_
com.google.javascript.jscomp.SyntacticScopeCreator#boolean#hasDuplicateDeclarationSuppression#?,Node,Scope.Var#268	-0.013972055888223553	0.0	-0.006986027944111776		_
com.google.javascript.jscomp.SyntacticScopeCreator#boolean#hasDuplicateDeclarationSuppression#?,Node,Scope.Var#271	-0.013972055888223553	0.0	-0.006986027944111776		_
com.google.javascript.jscomp.CodeGenerator#void#add#?,Node,Context#403	-0.014105123087159015	0.0	-0.0070525615435795075		_
com.google.javascript.jscomp.CodeGenerator#void#add#?,Node,Context#404	-0.014105123087159015	0.0	-0.0070525615435795075		_
com.google.javascript.jscomp.CodeGenerator#void#add#?,Node,Context#402	-0.014105123087159015	0.0	-0.0070525615435795075		_
com.google.javascript.jscomp.CodeGenerator#void#add#?,Node,Context#407	-0.014105123087159015	0.0	-0.0070525615435795075		_
com.google.javascript.jscomp.CodeGenerator#void#add#?,Node,Context#405	-0.014105123087159015	0.0	-0.0070525615435795075		_
com.google.javascript.jscomp.CodeGenerator#void#add#?,Node,Context#406	-0.014105123087159015	0.0	-0.0070525615435795075		_
com.google.javascript.jscomp.CodeGenerator#void#add#?,Node,Context#396	-0.014105123087159015	0.0	-0.0070525615435795075		_
com.google.javascript.jscomp.CodeGenerator#void#add#?,Node,Context#397	-0.014105123087159015	0.0	-0.0070525615435795075		_
com.google.javascript.jscomp.NodeUtil#int#precedence#?,int#1178	-0.014238190286094477	0.0	-0.007119095143047239		_
com.google.javascript.jscomp.CodeGenerator#void#add#?,Node,Context#262	-0.014238190286094477	0.0	-0.007119095143047239		_
com.google.javascript.jscomp.CodeGenerator#void#add#?,Node,Context#261	-0.014238190286094477	0.0	-0.007119095143047239		_
com.google.javascript.jscomp.CodeGenerator#void#add#?,Node,Context#264	-0.014238190286094477	0.0	-0.007119095143047239		_
com.google.javascript.jscomp.CodeGenerator#void#add#?,Node,Context#263	-0.014238190286094477	0.0	-0.007119095143047239		_
com.google.javascript.jscomp.CodeGenerator#void#add#?,Node,Context#266	-0.014238190286094477	0.0	-0.007119095143047239		_
com.google.javascript.jscomp.CodeGenerator#void#add#?,Node,Context#265	-0.014238190286094477	0.0	-0.007119095143047239		_
com.google.javascript.jscomp.CodeGenerator#void#add#?,Node,Context#267	-0.014238190286094477	0.0	-0.007119095143047239		_
com.google.javascript.jscomp.CodeGenerator#void#add#?,Node,Context#260	-0.014238190286094477	0.0	-0.007119095143047239		_
com.google.javascript.jscomp.AstValidator#void#validateIf#?,Node#469	-0.014238190286094477	0.0	-0.007119095143047239		_
com.google.javascript.jscomp.ScopedAliases$Traversal#boolean#shouldTraverse#?,NodeTraversal,Node,Node#243	-0.014504324683965402	0.0	-0.007252162341982701		_
com.google.javascript.rhino.jstype.UnionTypeBuilder#UnionTypeBuilder#addAlternate#?,JSType#154	-0.014637391882900865	0.0	-0.007318695941450432		_
com.google.javascript.rhino.jstype.UnionTypeBuilder#UnionTypeBuilder#addAlternate#?,JSType#156	-0.014637391882900865	0.0	-0.007318695941450432		_
com.google.javascript.rhino.jstype.UnionTypeBuilder#UnionTypeBuilder#addAlternate#?,JSType#157	-0.014637391882900865	0.0	-0.007318695941450432		_
com.google.javascript.rhino.jstype.UnionTypeBuilder#UnionTypeBuilder#addAlternate#?,JSType#152	-0.014637391882900865	0.0	-0.007318695941450432		_
com.google.javascript.rhino.jstype.UnionTypeBuilder#UnionTypeBuilder#addAlternate#?,JSType#158	-0.014637391882900865	0.0	-0.007318695941450432		_
com.google.javascript.jscomp.GlobalNamespace$BuildGlobalNamespace#String#getNameForObjLitKey#?,Node#469	-0.014637391882900865	0.0	-0.007318695941450432		_
com.google.javascript.jscomp.GlobalNamespace$BuildGlobalNamespace#String#getNameForObjLitKey#?,Node#468	-0.014637391882900865	0.0	-0.007318695941450432		_
com.google.javascript.jscomp.GlobalNamespace$BuildGlobalNamespace#String#getNameForObjLitKey#?,Node#465	-0.014637391882900865	0.0	-0.007318695941450432		_
com.google.javascript.jscomp.MustBeReachingVariableDef#void#computeMustDef#?,Node,Node,MustDef,boolean#314	-0.014770459081836327	0.0	-0.007385229540918164		_
com.google.javascript.jscomp.MustBeReachingVariableDef#void#computeMustDef#?,Node,Node,MustDef,boolean#315	-0.014770459081836327	0.0	-0.007385229540918164		_
com.google.javascript.jscomp.MustBeReachingVariableDef#void#computeMustDef#?,Node,Node,MustDef,boolean#300	-0.01490352628077179	0.0	-0.007451763140385895		_
com.google.javascript.jscomp.MustBeReachingVariableDef#void#computeMustDef#?,Node,Node,MustDef,boolean#305	-0.01490352628077179	0.0	-0.007451763140385895		_
com.google.javascript.jscomp.MustBeReachingVariableDef#void#computeMustDef#?,Node,Node,MustDef,boolean#280	-0.01490352628077179	0.0	-0.007451763140385895		_
com.google.javascript.jscomp.Normalize$NormalizeStatements#void#annotateConstantsByConvention#?,Node,Node#434	-0.015169660678642715	0.0	-0.007584830339321357		_
com.google.javascript.jscomp.Normalize$NormalizeStatements#void#annotateConstantsByConvention#?,Node,Node#441	-0.015169660678642715	0.0	-0.007584830339321357		_
com.google.javascript.jscomp.NodeUtil#String#opToStr#?,int#2128	-0.015169660678642715	0.0	-0.007584830339321357		_
com.google.javascript.jscomp.VarCheck#void#visit#?,NodeTraversal,Node,Node#178	-0.015169660678642715	0.0	-0.007584830339321357		_
com.google.javascript.jscomp.VarCheck#void#visit#?,NodeTraversal,Node,Node#177	-0.015169660678642715	0.0	-0.007584830339321357		_
com.google.javascript.jscomp.VarCheck#void#visit#?,NodeTraversal,Node,Node#179	-0.015169660678642715	0.0	-0.007584830339321357		_
com.google.javascript.jscomp.VarCheck#void#visit#?,NodeTraversal,Node,Node#180	-0.015169660678642715	0.0	-0.007584830339321357		_
com.google.javascript.jscomp.parsing.TypeSafeDispatcher#T#process#?,AstNode#266	-0.01543579507651364	0.0	-0.00771789753825682		_
com.google.javascript.jscomp.CodeGenerator#void#add#?,Node,Context#562	-0.01543579507651364	0.0	-0.00771789753825682		_
com.google.javascript.jscomp.CodeGenerator#void#add#?,Node,Context#563	-0.01543579507651364	0.0	-0.00771789753825682		_
com.google.javascript.jscomp.CodeGenerator#void#add#?,Node,Context#564	-0.01543579507651364	0.0	-0.00771789753825682		_
com.google.javascript.jscomp.RemoveUnusedVars#boolean#isRemovableVar#?,Var#305	-0.015701929474384563	0.0	-0.007850964737192281		_
com.google.javascript.jscomp.RemoveUnusedVars#boolean#isRemovableVar#?,Var#310	-0.015701929474384563	0.0	-0.007850964737192281		_
com.google.javascript.jscomp.RemoveUnusedVars#boolean#isRemovableVar#?,Var#314	-0.015701929474384563	0.0	-0.007850964737192281		_
com.google.javascript.jscomp.ControlFlowGraph$AbstractCfgNodeTraversalCallback#boolean#shouldTraverse#?,NodeTraversal,Node,Node#143	-0.015701929474384563	0.0	-0.007850964737192281		_
com.google.javascript.jscomp.parsing.IRFactory#int#transformTokenType#?,int#1163	-0.015834996673320025	0.0	-0.007917498336660013		_
com.google.javascript.jscomp.NodeUtil#int#precedence#?,int#1179	-0.015834996673320025	0.0	-0.007917498336660013		_
com.google.javascript.rhino.jstype.JSType#boolean#isSubtypeHelper#?,JSType,JSType#1038	-0.015834996673320025	0.0	-0.007917498336660013		_
com.google.javascript.jscomp.CodeGenerator#void#addNonEmptyStatement#?,Node,Context,boolean#840	-0.01610113107119095	0.0	-0.008050565535595475		_
com.google.javascript.jscomp.CodeGenerator#void#unrollBinaryOperator#?,Node,int,String,Context,Context,int,int#745	-0.016234198270126413	0.0	-0.008117099135063206		_
com.google.javascript.jscomp.CodeGenerator#void#unrollBinaryOperator#?,Node,int,String,Context,Context,int,int#746	-0.016234198270126413	0.0	-0.008117099135063206		_
com.google.javascript.jscomp.GlobalNamespace$BuildGlobalNamespace#void#handleSetFromGlobal#?,NodeTraversal,Node,Node,String,boolean,Name.Type#563	-0.016367265469061875	0.0	-0.008183632734530938		_
com.google.javascript.rhino.JSDocInfoBuilder#void#markTypeNode#?,Node,int,int,int,int,boolean#189	-0.016367265469061875	0.0	-0.008183632734530938		_
com.google.javascript.rhino.JSDocInfoBuilder#void#markTypeNode#?,Node,int,int,int,int,boolean#187	-0.016367265469061875	0.0	-0.008183632734530938		_
com.google.javascript.rhino.JSDocInfoBuilder#void#markTypeNode#?,Node,int,int,int,int,boolean#186	-0.016367265469061875	0.0	-0.008183632734530938		_
com.google.javascript.rhino.JSDocInfoBuilder#void#markTypeNode#?,Node,int,int,int,int,boolean#185	-0.016367265469061875	0.0	-0.008183632734530938		_
com.google.javascript.rhino.JSDocInfoBuilder#void#markTypeNode#?,Node,int,int,int,int,boolean#184	-0.016367265469061875	0.0	-0.008183632734530938		_
com.google.javascript.jscomp.parsing.TypeSafeDispatcher#T#process#?,AstNode#280	-0.016500332667997337	0.0	-0.008250166333998669		_
com.google.javascript.jscomp.ProcessDefines$CollectDefines#void#visit#?,NodeTraversal,Node,Node#351	-0.016500332667997337	0.0	-0.008250166333998669		_
com.google.javascript.jscomp.PeepholeSubstituteAlternateSyntax#Node#optimizeSubtree#?,Node#146	-0.016766467065868262	0.0	-0.008383233532934131		_
com.google.javascript.jscomp.GlobalNamespace$Name#void#addRef#?,Ref#966	-0.016899534264803725	0.0	-0.008449767132401862		_
com.google.javascript.jscomp.GlobalNamespace$Name#void#addRef#?,Ref#967	-0.016899534264803725	0.0	-0.008449767132401862		_
com.google.javascript.jscomp.GlobalNamespace$Name#void#addRef#?,Ref#965	-0.016899534264803725	0.0	-0.008449767132401862		_
com.google.javascript.jscomp.DefaultPassConfig#List<PassFactory>#getCodeRemovingPasses#?#720	-0.016899534264803725	0.0	-0.008449767132401862		_
com.google.javascript.jscomp.PeepholeSubstituteAlternateSyntax#Node#optimizeSubtree#?,Node#144	-0.016899534264803725	0.0	-0.008449767132401862		_
com.google.javascript.jscomp.PeepholeSubstituteAlternateSyntax#Node#optimizeSubtree#?,Node#145	-0.016899534264803725	0.0	-0.008449767132401862		_
com.google.javascript.jscomp.AstValidator#void#validateExpression#?,Node#224	-0.017032601463739187	0.0	-0.008516300731869594		_
com.google.javascript.jscomp.AstValidator#void#validateExpression#?,Node#223	-0.017032601463739187	0.0	-0.008516300731869594		_
com.google.javascript.jscomp.PeepholeSubstituteAlternateSyntax#Node#optimizeSubtree#?,Node#149	-0.017032601463739187	0.0	-0.008516300731869594		_
com.google.javascript.jscomp.PeepholeSubstituteAlternateSyntax#Node#optimizeSubtree#?,Node#142	-0.017032601463739187	0.0	-0.008516300731869594		_
com.google.javascript.jscomp.PeepholeSubstituteAlternateSyntax#Node#optimizeSubtree#?,Node#143	-0.017032601463739187	0.0	-0.008516300731869594		_
com.google.javascript.jscomp.graph.LinkedDirectedGraph#boolean#isConnectedInDirection#?,N,Predicate<E>,N#210	-0.017032601463739187	0.0	-0.008516300731869594		_
com.google.javascript.jscomp.parsing.JsDocInfoParser#Node#parseBasicTypeExpression#?,JsDocToken#1746	-0.017298735861610112	0.0	-0.008649367930805056		_
com.google.javascript.jscomp.parsing.JsDocInfoParser#Node#parseBasicTypeExpression#?,JsDocToken#1745	-0.017298735861610112	0.0	-0.008649367930805056		_
com.google.javascript.jscomp.CodeGenerator#void#add#?,Node,Context#492	-0.017298735861610112	0.0	-0.008649367930805056		_
com.google.javascript.jscomp.CodeGenerator#void#add#?,Node,Context#491	-0.017298735861610112	0.0	-0.008649367930805056		_
com.google.javascript.jscomp.ControlFlowAnalysis#boolean#shouldTraverse#?,NodeTraversal,Node,Node#268	-0.017431803060545575	0.0	-0.008715901530272787		_
com.google.javascript.rhino.jstype.JSType#boolean#isSubtypeHelper#?,JSType,JSType#1025	-0.017564870259481037	0.0	-0.008782435129740519		_
com.google.javascript.jscomp.MakeDeclaredNamesUnique$ContextualRenameInverter#void#exitScope#?,NodeTraversal#331	-0.0176979374584165	0.0	-0.00884896872920825		_
com.google.javascript.jscomp.MakeDeclaredNamesUnique$ContextualRenameInverter#void#exitScope#?,NodeTraversal#326	-0.0176979374584165	0.0	-0.00884896872920825		_
com.google.javascript.jscomp.MakeDeclaredNamesUnique$ContextualRenameInverter#void#exitScope#?,NodeTraversal#327	-0.0176979374584165	0.0	-0.00884896872920825		_
com.google.javascript.jscomp.parsing.JsDocInfoParser#Node#parseBasicTypeExpression#?,JsDocToken#1740	-0.0176979374584165	0.0	-0.00884896872920825		_
com.google.javascript.jscomp.parsing.JsDocInfoParser#Node#parseBasicTypeExpression#?,JsDocToken#1741	-0.0176979374584165	0.0	-0.00884896872920825		_
com.google.javascript.jscomp.MakeDeclaredNamesUnique$ContextualRenameInverter#void#visit#?,NodeTraversal,Node,Node#397	-0.0176979374584165	0.0	-0.00884896872920825		_
com.google.javascript.jscomp.MakeDeclaredNamesUnique$ContextualRenameInverter#void#enterScope#?,NodeTraversal#306	-0.0176979374584165	0.0	-0.00884896872920825		_
com.google.javascript.jscomp.MakeDeclaredNamesUnique$ContextualRenameInverter#void#enterScope#?,NodeTraversal#305	-0.0176979374584165	0.0	-0.00884896872920825		_
com.google.javascript.jscomp.parsing.IRFactory#int#transformTokenType#?,int#1187	-0.017831004657351962	0.0	-0.008915502328675981		_
com.google.javascript.jscomp.JSModuleGraph#?#JSModuleGraph#?,List<JSModule>#93	-0.017964071856287425	0.0	-0.008982035928143712		_
com.google.javascript.jscomp.JSModuleGraph#?#JSModuleGraph#?,List<JSModule>#94	-0.017964071856287425	0.0	-0.008982035928143712		_
com.google.javascript.jscomp.JSModuleGraph#?#JSModuleGraph#?,List<JSModule>#95	-0.017964071856287425	0.0	-0.008982035928143712		_
com.google.javascript.jscomp.JSModuleGraph#?#JSModuleGraph#?,List<JSModule>#101	-0.017964071856287425	0.0	-0.008982035928143712		_
com.google.javascript.jscomp.CodeGenerator#void#add#?,Node,Context#497	-0.01823020625415835	0.0	-0.009115103127079175		_
com.google.javascript.jscomp.CodeGenerator#void#add#?,Node,Context#490	-0.01823020625415835	0.0	-0.009115103127079175		_
com.google.javascript.jscomp.CodeGenerator#void#add#?,Node,Context#486	-0.01823020625415835	0.0	-0.009115103127079175		_
com.google.javascript.jscomp.CodeGenerator#void#add#?,Node,Context#485	-0.01823020625415835	0.0	-0.009115103127079175		_
com.google.javascript.jscomp.CodeGenerator#void#add#?,Node,Context#487	-0.01823020625415835	0.0	-0.009115103127079175		_
com.google.javascript.jscomp.InlineVariables$InliningBehavior#void#collectAliasCandidates#?,NodeTraversal,ReferenceMap#182	-0.018496340652029274	0.0	-0.009248170326014637		_
com.google.javascript.jscomp.InlineVariables$InliningBehavior#void#collectAliasCandidates#?,NodeTraversal,ReferenceMap#181	-0.018496340652029274	0.0	-0.009248170326014637		_
com.google.javascript.jscomp.InlineVariables$InliningBehavior#void#collectAliasCandidates#?,NodeTraversal,ReferenceMap#180	-0.018496340652029274	0.0	-0.009248170326014637		_
com.google.javascript.jscomp.JSModuleGraph#List<CompilerInput>#manageDependencies#?,DependencyOptions,List<CompilerInput>#333	-0.018629407850964737	0.0	-0.009314703925482368		_
com.google.javascript.rhino.Node#boolean#isEquivalentTo#?,Node,boolean,boolean#1522	-0.0187624750499002	0.0	-0.0093812375249501		_
com.google.javascript.rhino.Node#boolean#isEquivalentTo#?,Node,boolean,boolean#1520	-0.0187624750499002	0.0	-0.0093812375249501		_
com.google.javascript.rhino.Node#boolean#isEquivalentTo#?,Node,boolean,boolean#1521	-0.0187624750499002	0.0	-0.0093812375249501		_
com.google.javascript.jscomp.parsing.TypeSafeDispatcher#T#process#?,AstNode#224	-0.0187624750499002	0.0	-0.0093812375249501		_
com.google.javascript.jscomp.parsing.TypeSafeDispatcher#T#process#?,AstNode#223	-0.0187624750499002	0.0	-0.0093812375249501		_
com.google.javascript.jscomp.ScopedAliases$Traversal#boolean#shouldTraverse#?,NodeTraversal,Node,Node#242	-0.019161676646706587	0.0	-0.009580838323353293		_
com.google.javascript.jscomp.parsing.IRFactory#int#transformTokenType#?,int#1304	-0.01929474384564205	0.0	-0.009647371922821025		_
com.google.javascript.jscomp.Compiler#void#initModules#?,List<T>,List<JSModule>,CompilerOptions#359	-0.01929474384564205	0.0	-0.009647371922821025		_
com.google.javascript.jscomp.CodeGenerator#void#addNonEmptyStatement#?,Node,Context,boolean#816	-0.01996007984031936	0.0	-0.00998003992015968		_
com.google.javascript.jscomp.parsing.JsDocTokenStream#JsDocToken#getJsDocToken#?#123	-0.01996007984031936	0.0	-0.00998003992015968		_
com.google.javascript.jscomp.CodeGenerator#void#addNonEmptyStatement#?,Node,Context,boolean#812	-0.020093147039254824	0.0	-0.010046573519627412		_
com.google.javascript.jscomp.CodeGenerator#void#addNonEmptyStatement#?,Node,Context,boolean#818	-0.020093147039254824	0.0	-0.010046573519627412		_
com.google.javascript.rhino.JSDocInfo#JSTypeExpression#getParameterType#?,String#952	-0.020093147039254824	0.0	-0.010046573519627412		_
com.google.javascript.jscomp.deps.SortedDependencies#?#SortedDependencies#?,List<INPUT>#73	-0.020093147039254824	0.0	-0.010046573519627412		_
com.google.javascript.jscomp.DefaultPassConfig#List<PassFactory>#getOptimizations#?#355	-0.020226214238190286	0.0	-0.010113107119095143		_
com.google.javascript.jscomp.CodeGenerator#void#add#?,Node,Context#212	-0.02035928143712575	0.0	-0.010179640718562874		_
com.google.javascript.jscomp.CodeGenerator#void#add#?,Node,Context#213	-0.02035928143712575	0.0	-0.010179640718562874		_
com.google.javascript.jscomp.CodeGenerator#void#add#?,Node,Context#210	-0.02035928143712575	0.0	-0.010179640718562874		_
com.google.javascript.jscomp.CodeGenerator#void#add#?,Node,Context#211	-0.02035928143712575	0.0	-0.010179640718562874		_
com.google.javascript.jscomp.parsing.TypeSafeDispatcher#T#process#?,AstNode#242	-0.02049234863606121	0.0	-0.010246174318030606		_
com.google.javascript.jscomp.parsing.TypeSafeDispatcher#T#process#?,AstNode#207	-0.02049234863606121	0.0	-0.010246174318030606		_
com.google.javascript.jscomp.parsing.TypeSafeDispatcher#T#process#?,AstNode#206	-0.02049234863606121	0.0	-0.010246174318030606		_
com.google.javascript.jscomp.CodeGenerator#void#add#?,Node,Context#239	-0.020625415834996674	0.0	-0.010312707917498337		_
com.google.javascript.jscomp.CodeGenerator#void#add#?,Node,Context#238	-0.020625415834996674	0.0	-0.010312707917498337		_
com.google.javascript.jscomp.CodeGenerator#void#add#?,Node,Context#237	-0.020625415834996674	0.0	-0.010312707917498337		_
com.google.javascript.jscomp.CodeGenerator#void#add#?,Node,Context#240	-0.020625415834996674	0.0	-0.010312707917498337		_
com.google.javascript.jscomp.AstValidator#void#validateMinimumChildCount#?,Node,int#797	-0.020758483033932136	0.0	-0.010379241516966068		_
com.google.javascript.jscomp.AstValidator#void#validateStatement#?,Node#109	-0.020758483033932136	0.0	-0.010379241516966068		_
com.google.javascript.jscomp.AstValidator#void#validateStatement#?,Node#108	-0.020758483033932136	0.0	-0.010379241516966068		_
com.google.javascript.jscomp.InlineVariables#Predicate<Var>#getFilterForMode#?#92	-0.0208915502328676	0.0	-0.0104457751164338		_
com.google.javascript.jscomp.CodeGenerator#void#add#?,Node,Context#419	-0.02102461743180306	0.0	-0.01051230871590153		_
com.google.javascript.jscomp.CodeGenerator#void#add#?,Node,Context#395	-0.02102461743180306	0.0	-0.01051230871590153		_
com.google.javascript.jscomp.GlobalNamespace$BuildGlobalNamespace#void#handleGet#?,NodeTraversal,Node,Node,String#658	-0.021157684630738523	0.0	-0.010578842315369262		_
com.google.javascript.jscomp.GlobalNamespace$BuildGlobalNamespace#void#handleGet#?,NodeTraversal,Node,Node,String#661	-0.021157684630738523	0.0	-0.010578842315369262		_
com.google.javascript.jscomp.parsing.IRFactory#int#transformTokenType#?,int#1159	-0.02142381902860945	0.0	-0.010711909514304724		_
com.google.javascript.jscomp.InlineVariables$InliningBehavior#void#doInlinesForScope#?,NodeTraversal,ReferenceMap#219	-0.02155688622754491	0.0	-0.010778443113772455		_
com.google.javascript.jscomp.ControlFlowGraph#boolean#isEnteringNewCfgNode#?,Node#157	-0.02155688622754491	0.0	-0.010778443113772455		_
com.google.javascript.jscomp.ProcessClosurePrimitives#void#visit#?,NodeTraversal,Node,Node#245	-0.021689953426480373	0.0	-0.010844976713240187		_
com.google.javascript.jscomp.ProcessClosurePrimitives#void#visit#?,NodeTraversal,Node,Node#247	-0.021689953426480373	0.0	-0.010844976713240187		_
com.google.javascript.jscomp.ProcessClosurePrimitives#void#visit#?,NodeTraversal,Node,Node#246	-0.021689953426480373	0.0	-0.010844976713240187		_
com.google.javascript.rhino.JSDocInfoBuilder#JSDocInfo#build#?,Node#133	-0.021823020625415836	0.0	-0.010911510312707918		_
com.google.javascript.rhino.JSDocInfoBuilder#void#markAnnotation#?,String,int,int#155	-0.02208915502328676	0.0	-0.01104457751164338		_
com.google.javascript.rhino.JSDocInfoBuilder#void#markAnnotation#?,String,int,int#154	-0.02208915502328676	0.0	-0.01104457751164338		_
com.google.javascript.rhino.JSDocInfoBuilder#void#markAnnotation#?,String,int,int#152	-0.02208915502328676	0.0	-0.01104457751164338		_
com.google.javascript.rhino.JSDocInfoBuilder#void#markAnnotation#?,String,int,int#158	-0.02208915502328676	0.0	-0.01104457751164338		_
com.google.javascript.rhino.JSDocInfoBuilder#void#markAnnotation#?,String,int,int#157	-0.02208915502328676	0.0	-0.01104457751164338		_
com.google.javascript.rhino.JSDocInfo#Marker#addMarker#?#658	-0.02208915502328676	0.0	-0.01104457751164338		_
com.google.javascript.rhino.JSDocInfo#Marker#addMarker#?#657	-0.02208915502328676	0.0	-0.01104457751164338		_
com.google.javascript.rhino.JSDocInfo#Marker#addMarker#?#656	-0.02208915502328676	0.0	-0.01104457751164338		_
com.google.javascript.rhino.JSDocInfo#Marker#addMarker#?#653	-0.02208915502328676	0.0	-0.01104457751164338		_
com.google.javascript.rhino.JSDocInfo#Marker#addMarker#?#652	-0.02208915502328676	0.0	-0.01104457751164338		_
com.google.javascript.jscomp.InlineVariables$InliningBehavior#void#doInlinesForScope#?,NodeTraversal,ReferenceMap#214	-0.02208915502328676	0.0	-0.01104457751164338		_
com.google.javascript.jscomp.NodeUtil#boolean#evaluatesToLocalValue#?,Node,Predicate<Node>#2952	-0.022488356620093148	0.0	-0.011244178310046574		_
com.google.javascript.jscomp.NodeUtil#boolean#evaluatesToLocalValue#?,Node,Predicate<Node>#2949	-0.022488356620093148	0.0	-0.011244178310046574		_
com.google.javascript.rhino.jstype.UnionTypeBuilder#UnionTypeBuilder#addAlternate#?,JSType#176	-0.02262142381902861	0.0	-0.011310711909514305		_
com.google.javascript.jscomp.InlineVariables$InliningBehavior#void#doInlinesForScope#?,NodeTraversal,ReferenceMap#209	-0.023020625415834998	0.0	-0.011510312707917499		_
com.google.javascript.jscomp.parsing.JsDocInfoParser#boolean#parse#?#199	-0.023419827012641385	0.0	-0.011709913506320693		_
com.google.javascript.jscomp.parsing.JsDocInfoParser#boolean#parse#?#198	-0.023419827012641385	0.0	-0.011709913506320693		_
com.google.javascript.jscomp.parsing.JsDocInfoParser#boolean#parse#?#197	-0.023419827012641385	0.0	-0.011709913506320693		_
com.google.javascript.rhino.JSDocInfoBuilder#void#recordOriginalCommentString#?,String#80	-0.023419827012641385	0.0	-0.011709913506320693		_
com.google.javascript.jscomp.AstValidator#void#validateExpression#?,Node#248	-0.023552894211576848	0.0	-0.011776447105788424		_
com.google.javascript.jscomp.AstValidator#void#validateExpression#?,Node#249	-0.023552894211576848	0.0	-0.011776447105788424		_
com.google.javascript.rhino.JSDocInfo#boolean#lazyInitDocumentation#?#637	-0.023552894211576848	0.0	-0.011776447105788424		_
com.google.javascript.rhino.JSDocInfo#boolean#lazyInitDocumentation#?#636	-0.023552894211576848	0.0	-0.011776447105788424		_
com.google.javascript.rhino.JSDocInfo#boolean#lazyInitDocumentation#?#640	-0.023552894211576848	0.0	-0.011776447105788424		_
com.google.javascript.jscomp.parsing.IRFactory#int#transformTokenType#?,int#1274	-0.024085163007318697	0.0	-0.012042581503659349		_
com.google.javascript.jscomp.parsing.JsDocInfoParser#Node#parseTopLevelTypeExpression#?,JsDocToken#1639	-0.02421823020625416	0.0	-0.01210911510312708		_
com.google.javascript.jscomp.parsing.JsDocInfoParser#Node#parseTopLevelTypeExpression#?,JsDocToken#1640	-0.02421823020625416	0.0	-0.01210911510312708		_
com.google.javascript.jscomp.parsing.JsDocInfoParser#Node#parseTopLevelTypeExpression#?,JsDocToken#1644	-0.02421823020625416	0.0	-0.01210911510312708		_
com.google.javascript.jscomp.parsing.JsDocInfoParser#Node#parseTopLevelTypeExpression#?,JsDocToken#1645	-0.02421823020625416	0.0	-0.01210911510312708		_
com.google.javascript.jscomp.parsing.JsDocInfoParser#Node#parseTopLevelTypeExpression#?,JsDocToken#1646	-0.02421823020625416	0.0	-0.01210911510312708		_
com.google.javascript.jscomp.AstValidator#void#validateStatement#?,Node#100	-0.02421823020625416	0.0	-0.01210911510312708		_
com.google.javascript.jscomp.parsing.JsDocInfoParser#Node#parseBasicTypeExpression#?,JsDocToken#1748	-0.02421823020625416	0.0	-0.01210911510312708		_
com.google.javascript.jscomp.AstValidator#void#validateStatement#?,Node#99	-0.02421823020625416	0.0	-0.01210911510312708		_
com.google.javascript.jscomp.SuppressDocWarningsGuard#CheckLevel#level#?,JSError#72	-0.024351297405189622	0.0	-0.012175648702594811		_
com.google.javascript.jscomp.NodeUtil#boolean#evaluatesToLocalValue#?,Node,Predicate<Node>#2940	-0.024484364604125085	0.0	-0.012242182302062542		_
com.google.javascript.jscomp.parsing.JsDocTokenStream#JsDocToken#getJsDocToken#?#99	-0.024617431803060547	0.0	-0.012308715901530274		_
com.google.javascript.jscomp.ComposeWarningsGuard#CheckLevel#level#?,JSError#118	-0.02501663339986693	0.0	-0.012508316699933466		_
com.google.javascript.jscomp.GlobalNamespace$BuildGlobalNamespace#void#collect#?,NodeTraversal,Node,Node#399	-0.025149700598802394	0.0	-0.012574850299401197		_
com.google.javascript.jscomp.ComposeWarningsGuard#CheckLevel#level#?,JSError#115	-0.025149700598802394	0.0	-0.012574850299401197		_
com.google.javascript.jscomp.NodeUtil#boolean#checkForStateChangeHelper#?,Node,boolean,AbstractCompiler#845	-0.025149700598802394	0.0	-0.012574850299401197		_
com.google.javascript.rhino.jstype.JSTypeRegistry#void#register#?,JSType,String#595	-0.025681969394544243	0.0	-0.012840984697272122		_
com.google.javascript.rhino.jstype.JSTypeRegistry#void#register#?,JSType,String#596	-0.025681969394544243	0.0	-0.012840984697272122		_
com.google.javascript.rhino.jstype.JSTypeRegistry#void#register#?,JSType,String#597	-0.025681969394544243	0.0	-0.012840984697272122		_
com.google.javascript.jscomp.CodeConsumer#void#endStatement#?,boolean#140	-0.02594810379241517	0.0	-0.012974051896207584		_
com.google.javascript.jscomp.CodeConsumer#void#endStatement#?,boolean#142	-0.02594810379241517	0.0	-0.012974051896207584		_
com.google.javascript.jscomp.CodeConsumer#void#endStatement#?,boolean#141	-0.02594810379241517	0.0	-0.012974051896207584		_
com.google.javascript.jscomp.NodeUtil#boolean#canBeSideEffected#?,Node,Set<String>#1137	-0.026480372588157018	0.0	-0.013240186294078509		_
com.google.javascript.jscomp.NodeUtil#boolean#canBeSideEffected#?,Node,Set<String>#1138	-0.026480372588157018	0.0	-0.013240186294078509		_
com.google.javascript.jscomp.parsing.JsDocTokenStream#int#getCharIgnoreLineEnd#?#399	-0.02714570858283433	0.0	-0.013572854291417165		_
com.google.javascript.jscomp.parsing.JsDocTokenStream#int#getCharIgnoreLineEnd#?#394	-0.02714570858283433	0.0	-0.013572854291417165		_
com.google.javascript.jscomp.parsing.JsDocTokenStream#int#getCharIgnoreLineEnd#?#395	-0.02714570858283433	0.0	-0.013572854291417165		_
com.google.javascript.jscomp.parsing.JsDocTokenStream#int#getCharIgnoreLineEnd#?#396	-0.02714570858283433	0.0	-0.013572854291417165		_
com.google.javascript.jscomp.NodeUtil#boolean#has#?,Node,Predicate<Node>,Predicate<Node>#2667	-0.027278775781769793	0.0	-0.013639387890884896		_
com.google.javascript.jscomp.parsing.TypeSafeDispatcher#T#process#?,AstNode#221	-0.02767797737857618	0.0	-0.01383898868928809		_
com.google.javascript.jscomp.DataFlowAnalysis#void#joinInputs#?,DiGraphNode<N,Branch>#313	-0.02767797737857618	0.0	-0.01383898868928809		_
com.google.javascript.jscomp.DataFlowAnalysis#void#joinInputs#?,DiGraphNode<N,Branch>#312	-0.02767797737857618	0.0	-0.01383898868928809		_
com.google.javascript.jscomp.parsing.IRFactory#int#transformTokenType#?,int#1217	-0.027811044577511643	0.0	-0.013905522288755821		_
com.google.javascript.jscomp.parsing.IRFactory#int#transformTokenType#?,int#1272	-0.027944111776447105	0.0	-0.013972055888223553		_
com.google.javascript.jscomp.InlineFunctions#void#process#?,Node,Node#148	-0.027944111776447105	0.0	-0.013972055888223553		_
com.google.javascript.jscomp.InlineFunctions#void#process#?,Node,Node#143	-0.027944111776447105	0.0	-0.013972055888223553		_
com.google.javascript.jscomp.InlineFunctions#void#process#?,Node,Node#142	-0.027944111776447105	0.0	-0.013972055888223553		_
com.google.javascript.jscomp.InlineFunctions#void#process#?,Node,Node#144	-0.027944111776447105	0.0	-0.013972055888223553		_
com.google.javascript.jscomp.GlobalNamespace$BuildGlobalNamespace#boolean#isConstructorOrEnumDeclaration#?,Node,Node#596	-0.028077178975382568	0.0	-0.014038589487691284		_
com.google.javascript.jscomp.GlobalNamespace$BuildGlobalNamespace#boolean#isConstructorOrEnumDeclaration#?,Node,Node#597	-0.028077178975382568	0.0	-0.014038589487691284		_
com.google.javascript.jscomp.GlobalNamespace$BuildGlobalNamespace#boolean#isConstructorOrEnumDeclaration#?,Node,Node#595	-0.028077178975382568	0.0	-0.014038589487691284		_
com.google.javascript.jscomp.GlobalNamespace$BuildGlobalNamespace#void#collect#?,NodeTraversal,Node,Node#364	-0.028077178975382568	0.0	-0.014038589487691284		_
com.google.javascript.jscomp.GlobalNamespace$BuildGlobalNamespace#void#collect#?,NodeTraversal,Node,Node#365	-0.028077178975382568	0.0	-0.014038589487691284		_
com.google.javascript.jscomp.GlobalNamespace$BuildGlobalNamespace#void#collect#?,NodeTraversal,Node,Node#366	-0.028077178975382568	0.0	-0.014038589487691284		_
com.google.javascript.jscomp.GlobalNamespace$BuildGlobalNamespace#Name.Type#getValueType#?,Node#513	-0.028343313373253493	0.0	-0.014171656686626746		_
com.google.javascript.jscomp.CodeGenerator#void#add#?,Node,Context#567	-0.028343313373253493	0.0	-0.014171656686626746		_
com.google.javascript.jscomp.CodeGenerator#void#add#?,Node,Context#569	-0.028343313373253493	0.0	-0.014171656686626746		_
com.google.javascript.jscomp.CodeGenerator#void#add#?,Node,Context#568	-0.028343313373253493	0.0	-0.014171656686626746		_
com.google.javascript.rhino.Node#String#getQualifiedName#?#1573	-0.030073186959414504	0.0	-0.015036593479707252		_
com.google.javascript.jscomp.parsing.IRFactory#int#transformTokenType#?,int#1270	-0.03100465735196274	0.0	-0.01550232867598137		_
com.google.javascript.rhino.Node#void#addChildBefore#?,Node,Node#655	-0.031137724550898204	0.0	-0.015568862275449102		_
com.google.javascript.rhino.Node#void#addChildBefore#?,Node,Node#654	-0.031137724550898204	0.0	-0.015568862275449102		_
com.google.javascript.jscomp.parsing.JsDocTokenStream#JsDocToken#getJsDocToken#?#135	-0.03127079174983367	0.0	-0.015635395874916833		_
com.google.javascript.jscomp.parsing.JsDocTokenStream#JsDocToken#getJsDocToken#?#136	-0.03127079174983367	0.0	-0.015635395874916833		_
com.google.javascript.jscomp.InlineFunctions#void#process#?,Node,Node#138	-0.031403858948769126	0.0	-0.015701929474384563		_
com.google.javascript.jscomp.InlineFunctions#void#process#?,Node,Node#135	-0.031403858948769126	0.0	-0.015701929474384563		_
com.google.javascript.jscomp.InlineFunctions#void#process#?,Node,Node#136	-0.031403858948769126	0.0	-0.015701929474384563		_
com.google.javascript.jscomp.InlineFunctions#void#process#?,Node,Node#139	-0.031403858948769126	0.0	-0.015701929474384563		_
com.google.javascript.jscomp.GlobalNamespace$BuildGlobalNamespace#void#collect#?,NodeTraversal,Node,Node#363	-0.0322022621423819	0.0	-0.01610113107119095		_
com.google.javascript.jscomp.parsing.JsDocInfoParser#Node#parseTypeExpressionAnnotation#?,JsDocToken#1556	-0.032468396540252825	0.0	-0.016234198270126413		_
com.google.javascript.jscomp.ProcessClosurePrimitives#void#visit#?,NodeTraversal,Node,Node#243	-0.032867598137059216	0.0	-0.016433799068529608		_
com.google.javascript.jscomp.ProcessClosurePrimitives#void#visit#?,NodeTraversal,Node,Node#251	-0.032867598137059216	0.0	-0.016433799068529608		_
com.google.javascript.jscomp.InlineFunctions#void#process#?,Node,Node#120	-0.033000665335994675	0.0	-0.016500332667997337		_
com.google.javascript.jscomp.InlineFunctions#void#process#?,Node,Node#122	-0.033000665335994675	0.0	-0.016500332667997337		_
com.google.javascript.jscomp.InlineFunctions#void#process#?,Node,Node#123	-0.033000665335994675	0.0	-0.016500332667997337		_
com.google.javascript.jscomp.parsing.JsDocInfoParser#void#checkExtendedTypes#?,List<ExtendedTypeInfo>#959	-0.03366600133067199	0.0	-0.016833000665335995		_
com.google.javascript.jscomp.parsing.TypeSafeDispatcher#T#process#?,AstNode#238	-0.03379906852960745	0.0	-0.016899534264803725		_
com.google.javascript.rhino.Node#String#getQualifiedName#?#1577	-0.034464404524284765	0.0	-0.017232202262142383		_
com.google.javascript.rhino.jstype.JSType#boolean#isEquivalentTo#?,JSType#410	-0.034597471723220224	0.0	-0.017298735861610112		_
com.google.javascript.jscomp.parsing.IRFactory#void#maybeSetLengthFrom#?,Node,AstNode#372	-0.03473053892215569	0.0	-0.017365269461077845		_
com.google.javascript.jscomp.CodeGenerator#void#add#?,Node,Context#472	-0.03486360612109115	0.0	-0.017431803060545575		_
com.google.javascript.jscomp.CodeGenerator#void#add#?,Node,Context#470	-0.03486360612109115	0.0	-0.017431803060545575		_
com.google.javascript.jscomp.CodeGenerator#void#add#?,Node,Context#471	-0.03486360612109115	0.0	-0.017431803060545575		_
com.google.javascript.jscomp.CodeGenerator#void#add#?,Node,Context#465	-0.03486360612109115	0.0	-0.017431803060545575		_
com.google.javascript.jscomp.CodeGenerator#void#add#?,Node,Context#468	-0.03486360612109115	0.0	-0.017431803060545575		_
com.google.javascript.jscomp.CodeGenerator#void#add#?,Node,Context#469	-0.03486360612109115	0.0	-0.017431803060545575		_
com.google.javascript.jscomp.parsing.JsDocInfoParser#boolean#lookAheadForTypeAnnotation#?#2355	-0.036194278110445774	0.0	-0.018097139055222887		_
com.google.javascript.jscomp.parsing.JsDocTokenStream#JsDocToken#getJsDocToken#?#105	-0.03685961410512309	0.0	-0.018429807052561545		_
com.google.javascript.jscomp.AstValidator#void#validateStatement#?,Node#145	-0.03699268130405855	0.0	-0.018496340652029274		_
com.google.javascript.jscomp.AstValidator#void#validateStatement#?,Node#144	-0.03699268130405855	0.0	-0.018496340652029274		_
com.google.javascript.jscomp.parsing.JsDocTokenStream#JsDocToken#getJsDocToken#?#108	-0.037125748502994015	0.0	-0.018562874251497007		_
com.google.javascript.jscomp.NodeUtil#String#opToStr#?,int#2149	-0.037258815701929474	0.0	-0.018629407850964737		_
com.google.javascript.jscomp.parsing.JsDocInfoParser#Node#parseAndRecordTypeNode#?,JsDocToken,int,int,boolean,boolean#1154	-0.037658017298735864	0.0	-0.018829008649367932		_
com.google.javascript.jscomp.parsing.TypeSafeDispatcher#T#process#?,AstNode#148	-0.037658017298735864	0.0	-0.018829008649367932		_
com.google.javascript.jscomp.InlineFunctions$FindCandidateFunctions#void#visit#?,NodeTraversal,Node,Node#171	-0.03805721889554225	0.0	-0.019028609447771124		_
com.google.javascript.jscomp.InlineFunctions$FindCandidateFunctions#void#visit#?,NodeTraversal,Node,Node#169	-0.03805721889554225	0.0	-0.019028609447771124		_
com.google.javascript.jscomp.NodeUtil#int#precedence#?,int#1198	-0.03832335329341317	0.0	-0.019161676646706587		_
com.google.javascript.jscomp.parsing.JsDocInfoParser#void#checkExtendedTypes#?,List<ExtendedTypeInfo>#953	-0.03952095808383234	0.0	-0.01976047904191617		_
com.google.javascript.jscomp.parsing.JsDocInfoParser#void#checkExtendedTypes#?,List<ExtendedTypeInfo>#951	-0.03952095808383234	0.0	-0.01976047904191617		_
com.google.javascript.jscomp.AstValidator#void#validateExpression#?,Node#175	-0.04311377245508982	0.0	-0.02155688622754491		_
com.google.javascript.jscomp.AstValidator#void#validateExpression#?,Node#176	-0.04311377245508982	0.0	-0.02155688622754491		_
com.google.javascript.jscomp.Normalize$NormalizeStatements#void#splitVarDeclarations#?,Node#627	-0.04484364604125083	0.0	-0.022421823020625415		_
com.google.javascript.jscomp.Normalize$NormalizeStatements#void#splitVarDeclarations#?,Node#628	-0.04484364604125083	0.0	-0.022421823020625415		_
com.google.javascript.jscomp.Normalize$NormalizeStatements#void#splitVarDeclarations#?,Node#625	-0.04484364604125083	0.0	-0.022421823020625415		_
com.google.javascript.jscomp.Normalize$NormalizeStatements#void#splitVarDeclarations#?,Node#626	-0.04484364604125083	0.0	-0.022421823020625415		_
com.google.javascript.jscomp.Normalize$NormalizeStatements#void#splitVarDeclarations#?,Node#629	-0.04484364604125083	0.0	-0.022421823020625415		_
com.google.javascript.jscomp.Normalize$NormalizeStatements#void#splitVarDeclarations#?,Node#630	-0.04484364604125083	0.0	-0.022421823020625415		_
com.google.javascript.jscomp.GlobalNamespace$BuildGlobalNamespace#void#collect#?,NodeTraversal,Node,Node#418	-0.044976713240186296	0.0	-0.022488356620093148		_
com.google.javascript.jscomp.AstValidator#void#validateExpression#?,Node#241	-0.04577511643379907	0.0	-0.022887558216899535		_
com.google.javascript.jscomp.AstValidator#void#validateExpression#?,Node#240	-0.04577511643379907	0.0	-0.022887558216899535		_
com.google.javascript.jscomp.CodeGenerator#void#add#?,Node,Context#441	-0.046041250831669996	0.0	-0.023020625415834998		_
com.google.javascript.jscomp.CodeGenerator#void#add#?,Node,Context#442	-0.046041250831669996	0.0	-0.023020625415834998		_
com.google.javascript.jscomp.GlobalNamespace$BuildGlobalNamespace#void#collect#?,NodeTraversal,Node,Node#373	-0.046174318030605455	0.0	-0.023087159015302727		_
com.google.javascript.rhino.jstype.UnionTypeBuilder#JSType#reduceAlternatesWithoutUnion#?#226	-0.04683965402528277	0.0	-0.023419827012641385		_
com.google.javascript.jscomp.parsing.IRFactory#int#transformTokenType#?,int#1213	-0.04697272122421823	0.0	-0.023486360612109115		_
com.google.javascript.jscomp.SuppressDocWarningsGuard#CheckLevel#level#?,JSError#71	-0.048170326014637395	0.0	-0.024085163007318697		_
com.google.javascript.jscomp.SuppressDocWarningsGuard#CheckLevel#level#?,JSError#70	-0.048170326014637395	0.0	-0.024085163007318697		_
com.google.javascript.rhino.jstype.UnionTypeBuilder#JSType#reduceAlternatesWithoutUnion#?#223	-0.04843646041250832	0.0	-0.02421823020625416		_
com.google.javascript.rhino.Node#boolean#isEquivalentTo#?,Node,boolean,boolean#1527	-0.05003326679973386	0.0	-0.02501663339986693		_
com.google.javascript.rhino.jstype.UnionTypeBuilder#UnionTypeBuilder#addAlternate#?,JSType#133	-0.05003326679973386	0.0	-0.02501663339986693		_
com.google.javascript.rhino.Node#boolean#isEquivalentTo#?,Node,boolean,boolean#1528	-0.05003326679973386	0.0	-0.02501663339986693		_
com.google.javascript.rhino.Node#boolean#isEquivalentTo#?,Node,boolean,boolean#1529	-0.05003326679973386	0.0	-0.02501663339986693		_
com.google.javascript.jscomp.CodeGenerator#void#add#?,Node,Context#559	-0.05043246839654025	0.0	-0.025216234198270127		_
com.google.javascript.jscomp.CodeGenerator#void#add#?,Node,Context#557	-0.05043246839654025	0.0	-0.025216234198270127		_
com.google.javascript.jscomp.CodeGenerator#void#add#?,Node,Context#558	-0.05043246839654025	0.0	-0.025216234198270127		_
com.google.javascript.jscomp.parsing.JsDocInfoParser#Node#parseAndRecordTypeNode#?,JsDocToken,int,int,boolean,boolean#1148	-0.05189620758483034	0.0	-0.02594810379241517		_
com.google.javascript.jscomp.GlobalNamespace$BuildGlobalNamespace#void#collect#?,NodeTraversal,Node,Node#361	-0.053493013972055886	0.0	-0.026746506986027943		_
com.google.javascript.jscomp.GlobalNamespace$BuildGlobalNamespace#void#collect#?,NodeTraversal,Node,Node#362	-0.053493013972055886	0.0	-0.026746506986027943		_
com.google.javascript.rhino.jstype.UnionTypeBuilder#UnionTypeBuilder#addAlternate#?,JSType#209	-0.0552228875582169	0.0	-0.02761144377910845		_
com.google.javascript.jscomp.NodeUtil#boolean#nodeTypeMayHaveSideEffects#?,Node,AbstractCompiler#1086	-0.055489021956087826	0.0	-0.027744510978043913		_
com.google.javascript.rhino.Node#String#getQualifiedName#?#1579	-0.056553559547571526	0.0	-0.028276779773785763		_
com.google.javascript.jscomp.Compiler#void#initCompilerOptionsIfTesting#?#1524	-0.057618097139055226	0.0	-0.028809048569527613		_
com.google.javascript.jscomp.parsing.TypeSafeDispatcher#T#process#?,AstNode#234	-0.058150365934797076	0.0	-0.029075182967398538		_
com.google.javascript.jscomp.parsing.IRFactory#int#transformTokenType#?,int#1177	-0.06121091151031271	0.0	-0.030605455755156354		_
com.google.javascript.jscomp.CodeGenerator#void#add#?,Node,Context#610	-0.06134397870924817	0.0	-0.030671989354624084		_
com.google.javascript.jscomp.CodeGenerator#void#add#?,Node,Context#611	-0.06134397870924817	0.0	-0.030671989354624084		_
com.google.javascript.jscomp.CodeGenerator#void#add#?,Node,Context#616	-0.06134397870924817	0.0	-0.030671989354624084		_
com.google.javascript.jscomp.CodeGenerator#void#add#?,Node,Context#620	-0.06134397870924817	0.0	-0.030671989354624084		_
com.google.javascript.jscomp.CodeGenerator#void#add#?,Node,Context#623	-0.06134397870924817	0.0	-0.030671989354624084		_
com.google.javascript.jscomp.CodeGenerator#void#add#?,Node,Context#624	-0.06134397870924817	0.0	-0.030671989354624084		_
com.google.javascript.jscomp.CodeGenerator#void#add#?,Node,Context#629	-0.06134397870924817	0.0	-0.030671989354624084		_
com.google.javascript.jscomp.parsing.IRFactory#int#transformTokenType#?,int#1219	-0.06161011310711909	0.0	-0.030805056553559546		_
com.google.javascript.jscomp.NodeUtil#boolean#nodeTypeMayHaveSideEffects#?,Node,AbstractCompiler#1091	-0.06467065868263473	0.0	-0.032335329341317366		_
com.google.javascript.jscomp.AstValidator#void#validateExpression#?,Node#264	-0.06706586826347305	0.0	-0.033532934131736525		_
com.google.javascript.jscomp.AstValidator#void#validateExpression#?,Node#265	-0.06706586826347305	0.0	-0.033532934131736525		_
com.google.javascript.jscomp.ControlFlowAnalysis#boolean#mayThrowException#?,Node#923	-0.069061876247505	0.0	-0.0345309381237525		_
com.google.javascript.jscomp.parsing.TypeSafeDispatcher#T#process#?,AstNode#171	-0.07065868263473053	0.0	-0.035329341317365266		_
com.google.javascript.jscomp.NodeUtil#boolean#nodeTypeMayHaveSideEffects#?,Node,AbstractCompiler#1093	-0.07172322022621423	0.0	-0.035861610113107116		_
com.google.javascript.jscomp.NodeUtil#boolean#functionCallHasSideEffects#?,Node,AbstractCompiler#1004	-0.07305389221556886	0.0	-0.03652694610778443		_
com.google.javascript.jscomp.NodeUtil#boolean#functionCallHasSideEffects#?,Node,AbstractCompiler#1005	-0.07305389221556886	0.0	-0.03652694610778443		_
com.google.javascript.jscomp.parsing.TypeSafeDispatcher#T#process#?,AstNode#240	-0.07598137059214903	0.0	-0.037990685296074515		_
com.google.javascript.jscomp.CodeGenerator#void#add#?,Node,Context#173	-0.081437125748503	0.0	-0.0407185628742515		_
com.google.javascript.rhino.Node#String#getQualifiedName#?#1576	-0.08316699933466401	0.0	-0.041583499667332005		_
com.google.javascript.rhino.jstype.JSType#boolean#isSubtypeHelper#?,JSType,JSType#1032	-0.0835662009314704	0.0	-0.0417831004657352		_
com.google.javascript.jscomp.SuppressDocWarningsGuard#CheckLevel#level#?,JSError#66	-0.08383233532934131	0.0	-0.041916167664670656		_
com.google.javascript.jscomp.parsing.IRFactory#int#transformTokenType#?,int#1215	-0.08423153692614771	0.0	-0.042115768463073855		_
com.google.javascript.jscomp.NodeUtil#boolean#nodeTypeMayHaveSideEffects#?,Node,AbstractCompiler#1079	-0.08489687292082501	0.0	-0.042448436460412506		_
com.google.javascript.jscomp.CodeGenerator#void#add#?,Node,Context#178	-0.08529607451763141	0.0	-0.042648037258815705		_
com.google.javascript.jscomp.CodeGenerator#void#add#?,Node,Context#177	-0.08529607451763141	0.0	-0.042648037258815705		_
com.google.javascript.jscomp.CodeGenerator#void#add#?,Node,Context#172	-0.08529607451763141	0.0	-0.042648037258815705		_
com.google.javascript.jscomp.CodeGenerator#void#add#?,Node,Context#171	-0.08529607451763141	0.0	-0.042648037258815705		_
com.google.javascript.rhino.Node#Node#getChildBefore#?,Node#559	-0.08795741849634066	0.0	-0.04397870924817033		_
com.google.javascript.rhino.Node#Node#getChildBefore#?,Node#558	-0.08795741849634066	0.0	-0.04397870924817033		_
com.google.javascript.rhino.Node#Node#getChildBefore#?,Node#557	-0.08795741849634066	0.0	-0.04397870924817033		_
com.google.javascript.jscomp.NodeUtil#int#precedence#?,int#1211	-0.09474384564204924	0.0	-0.04737192282102462		_
com.google.javascript.jscomp.AstValidator#void#validateStatement#?,Node#130	-0.09514304723885562	0.0	-0.04757152361942781		_
com.google.javascript.jscomp.AstValidator#void#validateStatement#?,Node#129	-0.09514304723885562	0.0	-0.04757152361942781		_
com.google.javascript.rhino.jstype.JSTypeRegistry#void#addReferenceTypeIndexedByProperty#?,String,JSType#645	-0.09727212242182302	0.0	-0.04863606121091151		_
com.google.javascript.rhino.jstype.JSTypeRegistry#void#addReferenceTypeIndexedByProperty#?,String,JSType#642	-0.09727212242182302	0.0	-0.04863606121091151		_
com.google.javascript.jscomp.Normalize$NormalizeStatements#void#moveNamedFunctions#?,Node#668	-0.10059880239520957	0.0	-0.05029940119760479		_
com.google.javascript.jscomp.Normalize$NormalizeStatements#void#moveNamedFunctions#?,Node#657	-0.10059880239520957	0.0	-0.05029940119760479		_
com.google.javascript.jscomp.Normalize$NormalizeStatements#void#moveNamedFunctions#?,Node#654	-0.10059880239520957	0.0	-0.05029940119760479		_
com.google.javascript.jscomp.Normalize$NormalizeStatements#void#moveNamedFunctions#?,Node#656	-0.10059880239520957	0.0	-0.05029940119760479		_
com.google.javascript.jscomp.Normalize$NormalizeStatements#void#moveNamedFunctions#?,Node#670	-0.10059880239520957	0.0	-0.05029940119760479		_
com.google.javascript.rhino.jstype.PrototypeObjectType#boolean#isSubtype#?,JSType#446	-0.10059880239520957	0.0	-0.05029940119760479		_
com.google.javascript.jscomp.AstValidator#void#validateExpression#?,Node#162	-0.10166333998669327	0.0	-0.05083166999334664		_
com.google.javascript.jscomp.AstValidator#void#validateExpression#?,Node#163	-0.10166333998669327	0.0	-0.05083166999334664		_
com.google.javascript.jscomp.ControlFlowAnalysis#void#visit#?,NodeTraversal,Node,Node#344	-0.10991350632069195	0.0	-0.05495675316034598		_
com.google.javascript.jscomp.ControlFlowAnalysis#void#visit#?,NodeTraversal,Node,Node#345	-0.10991350632069195	0.0	-0.05495675316034598		_
com.google.javascript.jscomp.parsing.TypeSafeDispatcher#T#process#?,AstNode#175	-0.11057884231536926	0.0	-0.05528942115768463		_
com.google.javascript.jscomp.parsing.TypeSafeDispatcher#T#process#?,AstNode#176	-0.11057884231536926	0.0	-0.05528942115768463		_
com.google.javascript.jscomp.parsing.TypeSafeDispatcher#T#process#?,AstNode#199	-0.1153692614770459	0.0	-0.05768463073852295		_
com.google.javascript.jscomp.parsing.IRFactory#int#transformTokenType#?,int#1195	-0.11590153027278775	0.0	-0.05795076513639388		_
com.google.javascript.jscomp.parsing.TypeSafeDispatcher#T#process#?,AstNode#248	-0.11590153027278775	0.0	-0.05795076513639388		_
com.google.javascript.jscomp.NodeUtil#JSDocInfo#getBestJSDocInfo#?,Node#3014	-0.13186959414504323	0.0	-0.06593479707252162		_
com.google.javascript.jscomp.NodeUtil#JSDocInfo#getFunctionJSDocInfo#?,Node#2825	-0.14105123087159016	0.0	-0.07052561543579508		_
com.google.javascript.jscomp.ControlFlowAnalysis#void#connectToPossibleExceptionHandler#?,Node,Node#835	-0.14451097804391216	0.0	-0.07225548902195608		_
com.google.javascript.jscomp.ControlFlowAnalysis#void#connectToPossibleExceptionHandler#?,Node,Node#833	-0.14664005322687956	0.0	-0.07332002661343978		_
com.google.javascript.jscomp.ControlFlowAnalysis#void#connectToPossibleExceptionHandler#?,Node,Node#834	-0.14664005322687956	0.0	-0.07332002661343978		_
com.google.javascript.jscomp.ControlFlowAnalysis#void#connectToPossibleExceptionHandler#?,Node,Node#832	-0.14664005322687956	0.0	-0.07332002661343978		_
com.google.javascript.jscomp.parsing.TypeSafeDispatcher#T#process#?,AstNode#146	-0.15701929474384566	0.0	-0.07850964737192283		_
com.google.javascript.jscomp.parsing.TypeSafeDispatcher#T#process#?,AstNode#219	-0.1801729873586161	0.0	-0.09008649367930804		_
com.google.javascript.jscomp.BasicErrorManager#JSError[]#toArray#?,CheckLevel#108	-0.18948769128409848	0.0	-0.09474384564204924		_
com.google.javascript.jscomp.SuppressDocWarningsGuard#CheckLevel#level#?,JSError#68	-0.19188290086493678	0.0	-0.09594145043246839		_
com.google.javascript.jscomp.BasicErrorManager#JSError[]#toArray#?,CheckLevel#106	-0.19214903526280772	0.0	-0.09607451763140386		_
com.google.javascript.jscomp.BasicErrorManager#JSError[]#toArray#?,CheckLevel#107	-0.19214903526280772	0.0	-0.09607451763140386		_
com.google.javascript.jscomp.SuppressDocWarningsGuard#CheckLevel#level#?,JSError#58	-0.19334664005322688	0.0	-0.09667332002661344		_
com.google.javascript.jscomp.SuppressDocWarningsGuard#CheckLevel#level#?,JSError#59	-0.19334664005322688	0.0	-0.09667332002661344		_
com.google.javascript.jscomp.SuppressDocWarningsGuard#CheckLevel#level#?,JSError#56	-0.19334664005322688	0.0	-0.09667332002661344		_
com.google.javascript.jscomp.SuppressDocWarningsGuard#CheckLevel#level#?,JSError#65	-0.19334664005322688	0.0	-0.09667332002661344		_
com.google.javascript.jscomp.SuppressDocWarningsGuard#CheckLevel#level#?,JSError#67	-0.19334664005322688	0.0	-0.09667332002661344		_
com.google.javascript.jscomp.SuppressDocWarningsGuard#CheckLevel#level#?,JSError#69	-0.19334664005322688	0.0	-0.09667332002661344		_
com.google.javascript.jscomp.SuppressDocWarningsGuard#CheckLevel#level#?,JSError#76	-0.19334664005322688	0.0	-0.09667332002661344		_
com.google.javascript.jscomp.CodeGenerator#void#add#?,Node,Context#379	-0.19933466400532268	0.0	-0.09966733200266134		_
com.google.javascript.jscomp.CodeConsumer#void#endFunction#?,boolean#170	-0.19973386560212908	0.0	-0.09986693280106454		_
com.google.javascript.jscomp.parsing.TypeSafeDispatcher#T#process#?,AstNode#256	-0.2074517631403859	0.0	-0.10372588157019295		_
com.google.javascript.jscomp.CodeConsumer#void#add#?,String#193	-0.24191616766467067	0.0	-0.12095808383233533		_
com.google.javascript.rhino.jstype.UnionTypeBuilder#UnionTypeBuilder#addAlternate#?,JSType#190	-0.24417831004657353	0.0	-0.12208915502328677		_
com.google.javascript.rhino.jstype.UnionTypeBuilder#UnionTypeBuilder#addAlternate#?,JSType#186	-0.24431137724550897	0.0	-0.12215568862275449		_
com.google.javascript.rhino.jstype.UnionTypeBuilder#UnionTypeBuilder#addAlternate#?,JSType#188	-0.24431137724550897	0.0	-0.12215568862275449		_
com.google.javascript.jscomp.parsing.JsDocTokenStream#JsDocToken#getJsDocToken#?#129	-0.2484364604125083	0.0	-0.12421823020625415		_
com.google.javascript.rhino.Node#boolean#isEquivalentTo#?,Node,boolean,boolean#1540	-0.24870259481037923	0.0	-0.12435129740518962		_
com.google.javascript.rhino.jstype.JSTypeRegistry#JSType#createOptionalType#?,JSType#959	-0.25109780439121754	0.0	-0.12554890219560877		_
com.google.javascript.rhino.JSDocInfo#int#getParameterCount#?#998	-0.25721889554224886	0.0	-0.12860944777112443		_
com.google.javascript.rhino.jstype.UnionTypeBuilder#UnionTypeBuilder#addAlternate#?,JSType#140	-0.2592149035262808	0.0	-0.1296074517631404		_
com.google.javascript.rhino.jstype.UnionTypeBuilder#UnionTypeBuilder#addAlternate#?,JSType#138	-0.2592149035262808	0.0	-0.1296074517631404		_
com.google.javascript.rhino.jstype.UnionTypeBuilder#UnionTypeBuilder#addAlternate#?,JSType#139	-0.2592149035262808	0.0	-0.1296074517631404		_
com.google.javascript.jscomp.ControlFlowAnalysis#Node#computeFollowNode#?,Node,Node,ControlFlowAnalysis#780	-0.27305389221556886	0.0	-0.13652694610778443		_
com.google.javascript.jscomp.ControlFlowAnalysis#Node#computeFollowNode#?,Node,Node,ControlFlowAnalysis#779	-0.27305389221556886	0.0	-0.13652694610778443		_
com.google.javascript.rhino.Node#boolean#isEquivalentTo#?,Node,boolean,boolean#1535	-0.27904191616766466	0.0	-0.13952095808383233		_
com.google.javascript.rhino.Node#boolean#isEquivalentTo#?,Node,boolean,boolean#1536	-0.27904191616766466	0.0	-0.13952095808383233		_
com.google.javascript.rhino.Node#boolean#isEquivalentTo#?,Node,boolean,boolean#1534	-0.27904191616766466	0.0	-0.13952095808383233		_
com.google.javascript.rhino.Node#boolean#isEquivalentTo#?,Node,boolean,boolean#1526	-0.27904191616766466	0.0	-0.13952095808383233		_
com.google.javascript.rhino.jstype.JSType#boolean#isSubtypeHelper#?,JSType,JSType#1017	-0.28330006653359946	0.0	-0.14165003326679973		_
com.google.javascript.jscomp.ControlFlowAnalysis#void#handleStmtList#?,Node#499	-0.2950099800399202	0.0	-0.1475049900199601		_
com.google.javascript.jscomp.ControlFlowAnalysis#void#handleStmtList#?,Node#500	-0.2950099800399202	0.0	-0.1475049900199601		_
com.google.javascript.rhino.jstype.PrototypeObjectType#boolean#isSubtype#?,JSType#453	-0.29514304723885565	0.0	-0.14757152361942782		_
com.google.javascript.jscomp.NodeUtil#JSDocInfo#getBestJSDocInfo#?,Node#3016	-0.2958083832335329	0.0	-0.14790419161676646		_
com.google.javascript.rhino.jstype.UnionTypeBuilder#UnionTypeBuilder#addAlternate#?,JSType#125	-0.29993346640053226	0.0	-0.14996673320026613		_
com.google.javascript.rhino.JSDocInfo#JSTypeExpression#getType#?,int#1103	-0.3064537591483699	0.0	-0.15322687957418496		_
com.google.javascript.jscomp.ControlFlowAnalysis#boolean#shouldTraverse#?,NodeTraversal,Node,Node#228	-0.30805056553559546	0.0	-0.15402528276779773		_
com.google.javascript.rhino.jstype.UnionTypeBuilder#JSType#reduceAlternatesWithoutUnion#?#235	-0.3081836327345309	0.0	-0.15409181636726546		_
com.google.javascript.rhino.jstype.UnionTypeBuilder#JSType#reduceAlternatesWithoutUnion#?#234	-0.3085828343313373	0.0	-0.15429141716566866		_
com.google.javascript.rhino.jstype.JSType#boolean#isSubtypeHelper#?,JSType,JSType#1031	-0.313373253493014	0.0	-0.156686626746507		_
com.google.javascript.rhino.jstype.JSType#boolean#isSubtypeHelper#?,JSType,JSType#1030	-0.313373253493014	0.0	-0.156686626746507		_
com.google.javascript.rhino.jstype.JSType#boolean#isSubtypeHelper#?,JSType,JSType#1029	-0.313373253493014	0.0	-0.156686626746507		_
com.google.javascript.rhino.jstype.ObjectType#boolean#isUnknownType#?#505	-0.3141716566866267	0.0	-0.15708582834331336		_
com.google.javascript.rhino.jstype.InstanceObjectType#boolean#isEquivalentTo#?,JSType#159	-0.3193612774451098	0.0	-0.1596806387225549		_
com.google.javascript.rhino.jstype.JSType#boolean#isSubtypeHelper#?,JSType,JSType#1021	-0.3296074517631404	0.0	-0.1648037258815702		_
com.google.javascript.jscomp.NodeTraversal#void#pushScope#?,Scope#577	-0.33266799733865604	0.0	-0.16633399866932802		_
com.google.javascript.jscomp.Scope#?#Scope#?,Scope,Node#398	-0.3328010645375915	0.0	-0.16640053226879575		_
com.google.javascript.jscomp.ControlFlowAnalysis#boolean#shouldTraverse#?,NodeTraversal,Node,Node#226	-0.35941450432468397	0.0	-0.17970725216234198		_
com.google.javascript.jscomp.ControlFlowAnalysis#boolean#shouldTraverse#?,NodeTraversal,Node,Node#225	-0.35941450432468397	0.0	-0.17970725216234198		_
com.google.javascript.jscomp.ControlFlowAnalysis#boolean#shouldTraverse#?,NodeTraversal,Node,Node#270	-0.35941450432468397	0.0	-0.17970725216234198		_
com.google.javascript.jscomp.ControlFlowAnalysis#void#visit#?,NodeTraversal,Node,Node#323	-0.35941450432468397	0.0	-0.17970725216234198		_
com.google.javascript.jscomp.ControlFlowAnalysis#void#visit#?,NodeTraversal,Node,Node#324	-0.35941450432468397	0.0	-0.17970725216234198		_
com.google.javascript.jscomp.ControlFlowAnalysis#boolean#shouldTraverse#?,NodeTraversal,Node,Node#224	-0.3596806387225549	0.0	-0.17984031936127745		_
com.google.javascript.jscomp.DataFlowAnalysis#void#analyze#?,int#220	-0.36939454424484364	0.0	-0.18469727212242182		_
com.google.javascript.jscomp.PrepareAst#void#process#?,Node,Node#66	-0.428210246174318	0.0	-0.214105123087159		_
com.google.javascript.rhino.Node#String#checkTreeEquals#?,Node#1436	-0.4743845642049235	0.0	-0.23719228210246174		_
com.google.javascript.rhino.Node#NodeMismatch#checkTreeEqualsImpl#?,Node#1462	-0.47451763140385894	0.0	-0.23725881570192947		_
